IID,ROI_0,ROI_1,ROI_2,ROI_3,ROI_4,ROI_5,ROI_6,ROI_7,ROI_8,ROI_9,ROI_10,ROI_11,ROI_12,ROI_13,ROI_14,ROI_15,ROI_16,ROI_17,ROI_18,ROI_19,ROI_20,ROI_21,ROI_22,ROI_23,ROI_24,ROI_25,ROI_26,ROI_27,ROI_28,ROI_29,ROI_30,ROI_31,ROI_32,ROI_33,ROI_34,ROI_35,ROI_36,ROI_37,ROI_38,ROI_39,ROI_40,ROI_41,ROI_42,ROI_43,ROI_44,ROI_45,ROI_46,ROI_47,ROI_48,ROI_49,ROI_50,ROI_51,ROI_52,ROI_53,ROI_54,ROI_55,ROI_56,ROI_57,ROI_58,ROI_59,ROI_60,ROI_61,ROI_62,ROI_63,ROI_64,ROI_65,ROI_66,ROI_67,ROI_68,ROI_69,ROI_70,ROI_71,ROI_72,ROI_73,ROI_74,ROI_75,ROI_76,ROI_77,ROI_78,ROI_79,ROI_80,ROI_81,ROI_82,ROI_83,ROI_84,ROI_85,ROI_86,ROI_87,ROI_88,ROI_89,ROI_90,ROI_91,ROI_92,ROI_93,ROI_94,ROI_95,ROI_96,ROI_97,ROI_98,ROI_99,ROI_100,ROI_101,ROI_102,ROI_103,ROI_104,ROI_105,ROI_106,ROI_107,ROI_108,ROI_109,ROI_110,ROI_111,ROI_112,ROI_113,ROI_114,ROI_115
100206,3.7701895,0.39098144,1.4754975,5.689586,2.583422,17.990608,43.13023,27.817019,8.594489,19.822844,42.703587,51.73097,2.9159958,191.292,56.99819,97.503136,1.0591444,0.23410165,3.1084356,83.75668,13.111994,46.463863,31.734417,55.30069,9.734642,114.261,10.620241,89.498566,75.1298,0.23831563,81.638016,9.920751,2.5008364,32.269646,111.28363,135.03,8.061604,53.937214,73.67696,17.2816,2.4462543,0.55044866,0.14886671,6.7349324,36.587746,19.483637,4.7087855,25.481422,1.9272143,10.829712,36.430542,152.93178,8.624346,5.8642316,7.5868125,7.4342704,2.637634,29.469143,0.4423261,57.235653,0.99684083,1.4852786,134.67432,3.7398248,44.186855,95.1775,1.6935847,0.7849127,37.52772,0.83364016,6.9361744,7.4554243,84.65396,137.58095,25.157598,70.71878,110.18448,110.73971,65.54123,21.813118,23.227106,0.0552463,18.13151,24.062843,15.060625,43.017506,4.6644673,37.65052,5.4076786,50.386703,21.693703,42.11326,24.447062,6.929947,7.8571696,6.6551595,41.87939,117.19245,1.6335677,49.089844,19.445137,25.757084,46.487495,0.61233765,1.2705965,11.0999365,9.5201645,53.539032,205.64597,39.19994,18.621534,2.7811813,12.210103,0.8919917,31.453512,35.82511
100307,4.466896,2.5894065,1.9232378,11.528324,8.308883,36.16317,57.834618,49.188602,14.635764,22.97612,70.83104,84.01175,3.6295319,251.91725,83.23146,123.81836,0.1716055,0.32338127,9.977289,155.89539,29.833948,74.624886,49.031662,101.05505,13.85697,177.96043,23.2002,150.56274,124.83852,0.0096214125,141.33282,24.620884,0.7838613,60.953854,172.3816,215.6736,13.466402,92.196815,122.74391,32.586452,4.5280075,0.23527196,0.002126773,9.5613575,37.873486,35.76661,10.105111,38.62291,4.5789237,24.23136,59.25112,188.24564,9.740406,12.769429,4.6332116,17.366638,1.4572995,50.654324,0.5418908,78.30416,0.0043475362,0.039592747,216.47389,2.064129,102.41007,120.28873,0.10111404,0.06905637,78.19933,9.692368,9.18004,11.704656,137.04033,216.0589,57.66835,116.99943,172.4163,165.2061,116.42029,56.286434,48.503986,0.78159165,22.78326,33.910645,27.5226,63.25906,13.895492,48.850277,7.505528,73.37075,18.815317,78.9284,46.591747,4.0280595,5.0684047,13.988722,82.44394,208.60675,0.65708673,77.34924,20.414143,45.404545,52.55327,4.008328,0.044323552,35.676662,17.907717,54.79266,341.00464,56.409843,25.168722,9.508116,22.759642,0.07090265,65.42542,74.75149
100408,0.104678825,0.013606343,4.941726,1.8565325,1.8006229,2.8122823,2.7564328,5.192697,3.6432645,4.116786,7.6682644,9.543556,3.9270656,35.831905,16.308083,20.5853,0.5953926,0.013572814,1.1765761,24.356747,3.204496,14.569972,14.135235,7.199792,4.2312517,30.31402,1.7626582,19.4773,12.502402,0.005033784,17.510214,1.3914227,0.05347311,8.4192505,25.211647,22.69972,0.36123964,12.123174,14.626449,1.5581536,1.4441315,0.0044130124,4.1784825,6.19918,3.990746,3.2903569,2.8029842,9.263383,1.5814368,0.3246091,10.373465,32.173405,0.4428497,0.2090532,0.00034059247,1.0332633,0.4211579,5.1225786,0.25882566,9.581654,0.07812827,0.22515795,27.299099,2.6386893,6.3531485,18.636591,0.0013793091,0.5832611,3.0197246,0.101586185,3.7582493,5.880396,18.43935,28.898365,7.479576,23.30296,22.592289,23.227478,14.485111,0.080785505,4.136524,1.9752039,2.1222603,3.6148043,2.1140404,6.9396405,1.9120808,10.736959,0.7574284,6.4480953,2.7332485,5.4988885,6.0395064,7.04883,2.8565905,4.0501738,6.4894032,24.258158,0.026041271,15.804587,5.3882246,9.813198,9.344312,0.0076858248,0.021405235,1.8191442,2.473995,18.20734,28.338736,13.964525,11.825318,1.4052947,3.1769927,0.8514997,5.8885007,2.604296
100610,0.07322566,0.47163856,3.9866045,2.2503948,3.1737928,6.8853865,0.19377132,8.326864,5.3991704,0.2897985,13.975991,5.4316144,10.316463,14.262316,15.364812,26.9819,0.033557568,0.13539134,0.6000047,14.749857,1.7159884,5.924147,6.5705576,4.3153954,5.1014323,22.091406,4.4465566,16.389847,16.728823,0.3463409,17.351686,0.43776006,0.0041828514,1.7490765,12.391389,21.384539,0.09761045,2.7404826,13.091866,3.6621668,0.3949084,2.0092516,0.31827825,3.198055,1.4551246,1.520061,4.333207,7.780676,0.4661009,0.6420942,7.187591,11.671281,0.24417037,1.5405102,0.2896581,0.58929,0.10145095,4.739244,3.8846421,2.6830745,0.42458025,0.027424525,9.194393,1.4393207,8.353732,9.320763,0.05577635,0.805457,0.5210992,2.1902335,0.9153433,1.447543,19.099413,20.50018,6.9890594,6.0307584,13.655825,11.537688,9.409637,0.010285524,4.5243444,0.0063595637,4.134902,4.7036476,1.1718351,2.2913773,1.1190671,2.890689,0.4613055,10.972029,1.0087911,16.268078,11.197658,0.61424434,1.7914659,1.0142852,20.52903,46.976944,0.6786171,15.419337,0.78066427,5.7992516,2.6246793,3.745046,1.8851683,9.275326,4.3710093,7.7278986,31.3384,2.2757113,25.614145,3.9021664,5.135477,1.4356215,13.34279,10.750082
101006,0.23352174,0.2286919,4.654444,3.404863,3.3506827,5.110498,0.19373134,7.8962483,5.0300736,0.7039764,9.089247,9.112962,4.173045,14.364253,12.786263,20.64282,0.048238695,0.0034308706,1.5507927,19.940765,1.3864181,8.84112,7.6895967,4.2699313,3.7038438,24.275263,2.8853636,18.562044,9.788838,0.02704972,16.796062,0.95884925,0.57588,4.634495,12.512426,12.774685,1.3401116,3.9169009,13.089094,0.93139946,2.5142117,1.4966938,1.1214743,4.5198474,1.5980928,1.4025977,2.8028464,5.494705,0.85171264,0.16091706,8.23639,19.241114,0.003853196,0.07749941,0.06329803,0.66433644,0.019173015,3.4920385,0.011719925,2.8144395,1.1798638,0.11561014,16.72506,1.4466903,8.285838,12.776159,0.74532276,0.5063287,2.5091534,0.2935722,3.629258,4.2131166,11.702039,16.578741,1.5080459,7.2345405,10.723741,11.286402,10.956985,0.055682708,2.1617255,1.210165,1.928827,3.918295,0.6068067,4.6576843,0.50955385,9.093147,0.0016650722,3.9733365,0.06362577,6.899188,6.054385,3.6364143,0.108648166,9.14918,9.913722,25.195196,0.14026278,12.4927635,3.9017978,9.734568,7.1686068,0.1488674,1.3547623,4.8198357,9.385279,9.06098,45.796627,14.040591,17.19527,0.4708284,0.22044274,0.15827714,5.284074,11.894291
101107,0.7363761,1.7625189,1.9873708,0.7996537,4.8667793,1.7615349,1.0734459,1.0555608,0.42402488,2.038063,0.42574018,0.10348973,0.50506514,1.0809017,0.00063032383,0.44493622,0.06017108,1.6481183,0.019352512,0.81196064,1.164684,2.7399278,6.1852245,1.0618142,0.6078264,0.8931951,1.8381488,4.101901,1.6540658,0.9721122,0.056684893,0.001066061,1.8488034,0.47214448,0.004927008,0.6851993,3.4777787,1.5814152,0.06750779,0.15969309,2.7225404,0.44079804,2.0684416,0.0051595583,0.99132377,0.021946806,1.9326826,0.10567356,0.42685336,0.25329578,5.3281193,1.809215,0.1889453,0.6013066,1.0321817,0.3941076,3.1558852,0.17941514,0.005577312,2.528334,0.61751044,0.02082955,3.5283675,1.5125868,0.45369425,0.37636164,0.019723808,0.0055831755,0.8454045,1.2240968,0.1940231,0.006834502,0.4034721,0.056786448,0.90754145,0.00015197441,0.14190216,0.07337949,1.6401595,1.6993629,0.021406049,1.0851167,2.42321,2.0337906,1.6008472,0.09234337,0.00056301575,1.5077941,0.12925614,0.529508,0.54251146,0.20596164,0.0764008,3.7374074,0.26976448,0.52501315,2.8794303,1.1206313,1.5693289,0.78266394,0.78370774,1.4593359,0.5126217,0.0017968757,0.18386519,0.5874649,1.1904336,1.9093308,0.16819412,0.017327227,0.6553821,0.48821485,0.78510463,0.45684627,2.5773454,0.10008412
101309,0.11203518,0.08245623,5.6711154,2.084179,2.838766,4.2649803,0.8822817,5.8871226,4.86127,2.835642,8.716218,6.2973824,4.9377284,26.15841,13.070507,20.503685,1.1424694,0.052032173,1.0990661,20.600609,0.9111032,9.649917,8.590782,5.6982555,3.450276,25.173233,3.2643144,17.872227,10.87454,0.35315228,14.14912,0.7076756,0.05525036,4.346535,19.387714,25.78793,0.1519633,7.3447914,15.551368,0.8803551,0.2536207,1.4201587,0.9744068,3.9817555,3.16946,1.7831887,1.7875729,6.8720036,1.932844,1.1033477,8.041451,24.910473,0.36350712,0.025155034,0.13398187,0.108385116,0.4310683,5.0862665,1.623844,12.679472,0.15698655,0.02757672,16.076954,2.840181,6.6110835,13.270336,0.17116506,0.13620883,1.340879,0.09556868,1.531199,2.1507218,11.73787,17.938166,4.95429,14.691213,14.989965,14.994511,9.114795,0.08512026,1.9575864,1.5066359,1.5404401,2.1810014,0.7228679,6.640958,0.55289406,11.708065,0.30765468,5.741091,3.2736628,8.917503,2.0654638,5.2954288,3.906851,6.5755615,7.2371483,19.457596,0.40687853,10.694793,9.424767,18.217287,12.605853,0.0047980086,0.21909246,2.8282099,7.959551,17.377024,35.07135,9.970468,7.621495,0.22391737,1.5707093,1.1078434,4.253558,3.3890343
101410,169.15685,189.96646,128.61774,15.098951,244.05104,107.09971,48.132282,162.20892,9.024726,497.47882,0.046363547,10.197325,13.389978,143.25345,9.344646,99.58362,0.37813124,116.765114,3.678647,37.48772,246.94597,23.66138,56.8773,48.30044,1.046228,12.089536,98.99815,229.12355,0.09968211,21.498554,0.22743098,3.1561234,90.0518,1.4304541,0.4464175,10.062739,1.6014005,0.42768198,187.38214,40.995117,13.354713,8.6908,400.4601,29.514925,42.904526,70.595726,77.63333,17.153816,0.991593,13.580215,524.3437,151.60794,28.84518,6.469479,7.1671653,0.42595202,124.00231,1.9212251,373.94308,681.34094,101.93398,33.73567,189.5541,245.9545,23.986483,112.616234,22.345009,73.6944,0.043201514,177.16484,8.306888,14.6070795,39.320824,64.1985,141.93814,149.73627,131.42554,121.94016,20.170624,126.81741,1.03524,53.27862,63.923508,45.57092,136.03291,0.05582512,96.74929,207.269,153.87727,0.0220258,390.8226,56.37276,72.510414,126.58632,255.39005,342.04523,0.3823104,2.1605103,63.42558,6.152031,47.57047,1.6955407,0.4186287,173.72101,98.51301,28.413103,70.43468,5.173877,136.1762,85.036316,2.1935396,2.070196,121.46017,155.17674,845.53827,38.549168
101915,9.962265,15.483129,5.585194,2.3861003,22.38412,13.610567,3.3001757,10.505165,1.5513382,34.94626,0.7900312,0.7806089,0.17223524,10.809697,1.5051224,5.478504,0.5668595,8.4706335,0.39751202,6.6644306,15.923856,6.685164,12.223012,5.0270896,0.06907096,4.3937187,8.269935,20.778826,1.8700173,3.460075,0.22046423,0.02484095,10.7842655,0.96030307,0.5959621,2.5105813,1.5194514,1.7357947,11.26505,0.68319577,0.46394512,0.0021009198,28.986427,1.5093904,6.041206,0.9916729,10.587953,0.5046477,1.3128748,1.3302836,49.118484,13.498371,1.8539459,1.0791621,0.9496688,0.47732332,19.175589,2.0631878,14.694238,35.10166,9.478763,2.6650226,31.172756,15.43222,6.3468266,5.457386,0.4131377,0.16644919,6.647482,1.9827379,0.06381138,0.22635059,1.4404831,2.13959,5.4937577,9.958817,5.262754,4.992131,2.369743,11.639821,0.3650663,3.6857672,4.534311,4.6654572,11.763699,0.002115585,4.158575,12.671429,9.398028,0.046722542,23.155659,2.968435,4.0311213,6.316322,10.797622,25.74558,2.0674598,0.078253634,5.7720137,0.8119044,2.580417,0.32784858,0.026298739,13.08178,10.079379,1.7745813,2.448123,0.6592803,8.1355295,2.0958817,0.35192084,3.1453524,6.0626106,10.131436,58.4527,0.109458886
102008,0.4584319,2.5613735,2.0256798,4.0671415,2.0779445,2.0511734,0.7031255,2.41091,1.504455,8.04485,0.47955585,0.1200026,0.032431133,1.5999786,0.064082935,0.396926,0.096277595,1.5853672,0.005192449,0.26846567,0.7899585,1.7406095,3.2913723,0.7077101,0.9038606,0.6910417,2.838049,3.0456624,1.5805576,0.7082973,0.027166806,0.070674166,2.5314012,0.20721568,0.21664225,0.23578024,1.7831982,1.0275761,0.3736296,0.016242916,1.3951674,0.7771771,4.003434,0.3731334,0.9261432,0.21828818,2.2538233,0.0323633,0.04250741,0.2543399,3.6784446,0.66130084,0.038240895,0.078125454,0.00014174427,0.07385816,4.359981,0.6133216,1.3182962,2.9975128,1.2380991,0.19414407,4.7479534,1.4878638,0.40385473,0.10027611,0.63726455,0.36275113,0.23495167,0.4967081,0.3755053,0.12084116,0.014338519,0.1140289,0.2541552,0.0019896613,0.084441066,0.022441367,0.5782374,0.27010214,0.33401972,0.9441074,2.4447474,1.6801345,2.143406,0.0043537286,0.10990695,2.5887861,0.12661432,0.07003966,3.6105173,0.9731988,0.69614697,0.014289243,0.24595942,0.3340309,1.3933591,0.012975608,0.06443373,0.11741057,0.09090715,0.9990771,0.25439245,1.2622286,6.8666973,2.9398036,0.072405994,0.25986785,0.013357037,0.457823,0.0074782684,0.70489895,0.090170674,1.5639907,16.507193,1.1038053
102109,21.096064,24.942722,15.809739,3.3872476,46.889206,21.141373,12.12164,19.582602,7.6216145,46.743988,1.7286404,3.1416047,4.857012,18.967894,0.7799045,16.89793,2.4366748,20.270836,0.088909455,7.7085986,13.76627,10.650517,14.20287,9.792941,3.1260571,8.165342,24.939789,46.609707,4.741244,12.211135,1.7187669,0.644768,16.746767,1.9774327,0.6406467,8.913546,6.237331,3.1700773,4.126025,0.18265517,5.379705,0.034344725,44.834667,2.5908895,5.6701717,2.2056339,17.36864,0.88688576,3.184043,2.5067642,70.661995,24.0404,0.06177885,0.584348,8.024856,1.753413,21.867907,4.3446207,16.135494,49.332172,20.181086,5.808805,42.776546,36.195568,6.1609626,18.751402,0.71665657,0.98334914,4.2750874,11.381121,0.6678527,0.005530759,0.098708406,0.16549286,0.76700497,2.8968446,7.746631,6.7715416,9.65156,30.261814,2.075848,6.34885,14.986724,8.733855,24.338804,0.51174986,2.2185667,20.31775,3.8875942,0.6700356,24.858936,4.740706,4.7405624,10.335965,24.550512,31.996319,1.8083318,0.011303843,8.302519,3.2678502,1.3721346,0.7169237,0.98440444,9.485057,9.92223,0.96070534,2.322555,0.19092736,7.902082,17.985367,1.5775511,1.7025977,18.33296,11.78902,79.46041,0.028978152
102311,0.19161904,0.000101402344,3.4859471,1.6168259,1.7604953,3.7933502,2.361924,4.9581795,2.3304696,2.1889088,8.255537,8.258264,3.2335322,27.07523,15.405768,22.124037,0.52052647,0.017114522,2.6421292,21.251526,1.7868551,13.050018,10.8522,8.245441,3.4495652,26.636623,3.1444006,18.59776,10.505638,0.00020548301,16.345535,1.2222222,5.273836e-05,6.489677,21.606876,19.836384,0.0046291025,10.092972,15.016179,1.076113,0.55371964,0.78713536,2.7474055,4.0152917,3.1868012,3.8486643,2.02861,7.248884,2.2020354,1.1078266,8.999225,23.685898,0.68206203,0.1455644,0.29846922,0.63393736,0.56531996,3.5701528,0.49531895,9.066204,0.016419426,0.2072159,21.823414,2.3049958,5.3813443,14.776613,0.015734065,0.06283737,4.586401,0.24676506,3.175528,3.2024536,11.225487,18.449606,4.38653,15.446524,18.911673,18.277285,13.390172,0.48981017,3.3668044,1.0501304,2.6083217,5.4013033,1.7703642,5.330108,0.17827763,9.497206,0.6349617,5.8888617,4.401128,5.564441,2.7671793,4.5269675,4.04862,7.1150846,5.6359715,20.03577,0.24088703,10.107631,7.9923205,9.890737,10.698311,0.0024587284,0.10463835,2.1022935,6.13818,9.921876,45.1918,15.096439,11.941308,0.034723863,0.75222737,1.2592865,4.175844,5.763623
102513,0.07610729,0.004045696,0.08220903,0.016667401,0.0002660134,0.0733593,0.0013318611,0.012214224,0.0011691599,0.08905084,0.0029872162,0.004045817,0.00028524958,0.009786485,0.11877198,0.31783843,0.036312517,0.028211579,0.12283207,0.29525205,0.014721987,0.24803466,0.05423734,0.001127853,0.009396378,0.001625792,0.00024776004,0.0135498075,0.016503332,0.11905591,0.04274686,0.011883371,0.04086433,0.029656729,0.02235478,0.04333281,0.0941855,0.041890472,0.001043798,0.013292152,0.24985267,0.1153581,0.010555861,0.00056164194,0.0043840446,0.012479513,0.00016449318,0.010015997,0.072626725,0.35298908,0.016229464,0.084330894,0.03944061,0.019592654,0.015899377,0.004134582,0.0038389212,0.0018724572,0.03809281,0.005661087,0.016728401,0.11122291,0.0001306482,0.009261653,0.035497155,0.18932194,0.03510207,1.6011034e-05,0.022889458,0.022104068,0.70685893,0.49590507,0.40359274,0.20343553,0.107315145,0.13887416,0.38931227,0.5007009,0.09571458,0.01915483,0.0010319311,0.0028698505,0.40885243,0.036318082,0.0013607072,0.013280418,0.06724128,0.21069779,0.008287665,0.012227257,0.051658172,0.30676684,0.0030849394,0.03417042,0.086462796,0.011082347,0.0012314325,0.0001179311,0.018449493,0.0004677765,0.00506704,0.0071780263,0.018103776,0.010575919,0.04158761,0.00019349503,0.6317198,0.11457569,0.23796567,0.017094979,0.38184875,0.11485299,0.051029366,0.07642584,0.14319722,0.508676
102614,0.005592771,0.01054499,0.17217565,0.008730398,0.0012653603,0.012612122,0.0011915882,5.3457497e-05,0.004436532,0.0010329481,0.0748102,0.0009424606,0.01306762,0.003633782,0.08890045,0.020295383,0.005326531,0.006110801,0.008299996,3.2020896e-05,0.08612957,0.004958359,0.00040065276,0.016691126,0.015756981,0.019738946,0.010291158,0.016163332,0.008110261,0.010099774,0.06202045,0.012513528,0.07159217,0.071661256,0.0007434955,0.0008210676,0.00046551295,0.016763259,0.021230733,0.024444373,0.10360187,0.15830861,0.001167972,0.0010243552,0.016286084,0.023824017,0.02744823,0.013809179,0.122524425,0.12709841,0.037595756,0.044987887,0.00016937399,0.09013068,0.020480243,0.07389224,0.01057288,0.026195724,0.07762821,0.0008891148,0.0063842214,7.8442965e-05,0.0073656794,0.019187614,0.011918483,0.037871033,7.098761e-05,0.006022713,0.00044309522,0.012417605,0.086091176,0.0037351558,0.026480386,0.14567286,0.091765575,0.3889968,0.0006049225,0.0043689385,0.0005610403,0.007600579,0.015675243,0.0034458083,0.05704552,0.075532764,0.000683532,0.013224375,0.49529648,0.05360375,0.0022341881,0.0017611219,2.0710999e-05,0.009105281,0.00050114834,0.017554574,0.013886811,0.0017294311,0.11004126,0.00062438054,0.0012604313,0.0040324945,0.12103236,0.21726471,0.0012228603,0.10457595,0.00016241737,0.0315654,0.6046112,0.3141469,0.09452224,0.024327489,0.25141254,0.6952218,0.8720931,0.05580693,0.08994741,0.3547895
102715,0.10057128,0.04200089,0.012095781,0.3163461,0.002065001,0.29654244,0.1764552,0.19898577,0.49629995,0.1507419,1.0650301,0.20957628,0.001892375,1.629735,0.8181005,1.1143403,0.02222525,0.0020998272,0.19099821,0.33463207,0.00033948236,0.46197203,0.41465315,0.16025448,0.37958363,1.7413448,0.042823866,0.9679714,0.023288103,0.15137665,0.35131308,0.012072148,0.29641086,0.09814821,0.8897987,0.29085466,0.15297785,0.43086302,1.2144865,0.09902374,0.008810007,0.04211287,1.2348671,0.118273295,0.0046217088,0.003414746,0.11212537,0.14644036,0.020924876,0.0042344816,0.2037199,0.9708174,0.004102031,0.0035903722,0.0338463,0.12496904,0.28246385,0.24693617,0.26171267,0.35470346,0.029945308,0.015035657,0.424421,0.2060799,0.33745223,1.2925054,0.035982657,0.068582125,0.030222071,0.008832568,0.350406,0.35725248,0.06797311,0.5518633,0.6439156,1.3619392,0.6198043,0.51172805,0.24440634,0.06104013,0.042221997,0.29328987,0.4017584,0.18265863,0.011458031,0.20609164,0.05769173,0.37342712,0.17096816,0.03553964,0.04394407,0.7361474,0.1625168,0.1600562,0.44706392,0.026174191,0.3338687,1.1630188,0.013393003,0.5080221,0.08707517,0.20068704,0.20054954,0.18943736,0.44448173,1.6346418,0.2668968,0.6198242,0.012793125,0.0105438735,0.4285643,0.0011088874,0.6438876,0.09140207,0.6068345,0.15129063
102816,0.09973262,0.47767088,1.6711992,1.0281265,0.18060388,1.6077926,0.0071412185,2.9796264,1.0149468,0.5085285,6.100329,3.1674154,1.6985804,1.4998065,2.8450909,4.1053967,0.025506625,0.0051069288,2.195546,3.6134443,0.2780881,3.205466,2.9926398,1.1388452,1.1870517,5.7128415,1.14862,3.7433667,0.9918924,0.21362244,2.6320531,0.06934224,0.048873167,1.0442804,2.9429169,2.629548,0.28495568,0.59529465,2.2236,0.24423231,0.51453847,0.45782432,0.0084819645,0.20387185,0.5438369,0.004420337,0.426834,0.6786788,0.25768107,0.20910075,0.18527168,4.734717,0.09831696,0.14667189,0.1253893,0.11876824,0.0012221757,1.6063324,0.021195253,1.9333493,0.374186,0.035023574,1.6688554,0.09035082,0.421174,2.3504782,0.13722473,0.06354446,0.11569888,0.9058717,0.14045946,0.5912155,1.7738408,2.9338057,0.5190536,1.9060984,2.335556,3.5577674,1.991062,0.025594592,0.27249315,0.31009847,0.08561086,0.9549869,0.00086838764,0.7788927,0.062280357,1.7029651,0.0040038587,0.40521535,0.028214566,0.98765236,0.9104241,1.8896463,0.0026520742,7.135074,2.5969539,4.844426,0.0042494666,1.0128162,1.0500041,3.1469696,2.2447903,0.0007886229,0.20920682,1.0671668,4.1030126,1.2122649,7.8687234,5.571391,4.594177,0.4905954,0.32748726,0.65298784,0.32991317,2.4611046
103010,0.05429215,0.027395276,3.375082e-05,0.0524227,0.08999736,0.69175696,0.30697426,0.26734468,0.99044186,0.18977946,2.7768037,0.5972292,0.34531283,2.3216567,1.784407,1.7109871,0.0987528,0.09133078,0.07588238,1.1182581,0.3686076,1.485369,0.27036142,0.08050949,0.49259928,2.4127688,0.0070534055,1.5951977,0.24730878,0.044709064,0.2330505,0.008889933,0.006682776,0.06164322,0.76205486,0.022687808,0.18568727,0.18382777,2.0550852,0.15185972,0.37917897,0.008753585,0.15202042,0.032519042,1.1215843,0.0005025156,0.03425203,0.33881512,0.0056801178,0.101615906,0.7806869,1.6431372,0.011752502,0.029392708,0.024434378,0.12082706,0.32139927,0.37979233,0.0014925044,0.35331374,0.1425649,7.866854e-05,0.7922078,0.23592098,0.20662919,1.6228153,0.007975684,0.083007246,0.035376433,0.10969248,0.29349455,0.70055544,0.10495854,0.75505537,0.04289553,0.839189,1.0175719,1.6303998,0.7664747,0.45587915,0.023543604,0.508253,0.15629354,0.21390386,0.05936186,0.13261172,0.3203728,0.9633334,0.11654393,0.24514765,0.23746714,0.42665222,0.6666088,0.33429673,0.011767714,1.4919671,0.4010094,2.253824,0.124578774,1.2780226,0.08236144,0.17319623,0.486318,0.031146446,0.23870912,0.7243532,0.008865515,0.42810947,5.5299516,2.4585187,2.4589696,0.034825798,0.15415786,0.21084546,0.5481688,0.20755428
103111,27.231544,32.806713,16.446346,4.366893,54.0826,25.379,9.25021,28.49214,5.718392,66.4516,0.27159292,3.5117884,2.0783882,26.48019,0.030133117,17.908333,0.9167567,28.871687,3.2440807e-06,10.212248,27.607244,13.361024,17.021496,11.932145,0.49163964,5.912344,23.219362,57.563145,2.3369317,10.210869,1.0161934,0.32342792,23.314217,3.595229,2.2317743,11.120244,5.9933176,3.4009378,20.555914,3.245686,3.6326725,0.024737213,72.81792,2.2620156,8.161154,4.1830435,23.513865,0.6567339,2.1298854,4.2532296,96.96816,29.678957,1.5564036,0.8542559,4.625123,0.9240472,25.581049,2.5341873,42.17263,90.46314,21.701042,9.976533,55.957264,48.924366,10.492081,24.754473,1.2191637,1.664289,1.9838849,19.45538,0.7971988,0.12511954,1.2856874,2.1595614,6.9685407,8.551635,10.184722,8.7154255,10.58079,38.03989,1.7276523,10.835803,18.356115,16.726631,29.238485,0.1796128,15.845414,34.048405,14.881131,0.14228003,48.002934,8.1728,7.770674,13.79576,35.153374,46.411144,3.4986546,0.023351371,10.456762,2.1121457,6.0144725,0.20611751,0.13694036,29.114294,11.454802,1.4299196,7.757834,1.281547,19.705471,8.9420805,0.19433592,3.1225138,20.67448,19.833626,124.556046,0.9830431
103212,0.44319317,0.14457658,1.0283569,0.48227972,0.5473291,3.1255298,1.7743834,0.9781978,3.0253801,1.5350235,5.1367564,4.1002083,1.2675395,17.581543,7.7383466,9.293773,1.2145017,0.035511862,2.4604144,14.673672,1.4714892,8.208235,7.6459007,3.5848596,2.5156987,17.998089,1.0320318,12.982536,3.6665616,0.00050998887,5.358031,0.13757813,0.06126435,2.4868543,8.799214,4.0246677,0.6956725,6.4376574,9.619411,0.41247144,1.8058957,0.0076523623,2.6927876,2.3248014,5.4220057,0.20418614,0.2940896,3.629142,0.8933036,0.040065207,5.3216786,21.09459,0.046769813,0.01753529,0.06812157,0.30431232,1.3863199,1.676939,0.036415007,6.8835373,0.1585523,0.16715968,10.156138,1.992968,0.9391794,12.918032,3.6453437e-06,0.1587836,0.8497379,0.53008664,2.7928884,5.33102,3.708263,8.330508,2.3773181,9.288814,12.00128,12.090824,4.0671606,0.76975983,0.34349993,3.572021,1.3360444,2.5623527,0.40932965,3.3920624,0.23811606,7.0703096,0.00060743076,2.177746,5.2209325,1.3708708,0.35730955,6.834815,1.4045956,2.3360891,3.1129513,5.456741,0.011134713,5.156835,5.6856093,5.5937696,6.7368727,0.32830673,0.50430506,1.6583593,4.938141,7.467513,13.324864,10.1890335,10.244904,0.33541778,0.13769335,1.0197508,2.2555964,0.22373706
103414,0.09367733,0.012522321,1.5102868,0.18651225,0.9874497,2.1477797,1.0951687,0.84746814,1.7031602,1.2703745,4.4765415,2.9427607,1.4311153,13.467065,6.209671,8.51172,0.70855975,0.24706729,0.4796634,9.938938,0.28946418,4.364925,4.0906124,1.8299682,2.1046872,13.695025,0.9430958,8.283532,3.1974573,0.03239503,5.084832,0.1655158,0.12575668,1.1708845,4.6879473,4.3116617,0.0024210564,1.9076893,7.637706,0.103516534,0.38934797,0.34077814,2.1009378,1.5014333,2.156631,0.9137552,0.45383173,2.521662,0.7939364,0.22118421,2.486423,13.189332,0.25579843,0.0034665142,0.024979793,0.15422529,0.67851835,1.2793194,0.815749,4.8087306,0.023884818,0.00057027454,5.086672,1.9678407,0.58111024,7.498884,0.0022096436,0.0011253702,1.0700462,0.10447089,0.76679665,1.7662492,3.883317,7.0959725,1.6417357,6.3300414,6.3663206,7.7175083,3.4099996,0.7500102,0.2256227,1.50401,1.6883929,1.7183975,0.13462582,2.666524,1.1929466,4.2661257,0.112726934,2.677146,1.3455565,2.2137141,2.1129696,1.9486207,1.145205,3.4716682,2.043913,8.100577,0.09521232,4.906923,2.8299286,3.5551262,4.6957355,0.00029970345,0.047008917,0.539426,3.5818307,5.2501774,24.68769,6.4059725,5.8766837,0.016551146,0.38345388,1.0587366,0.79575473,5.188084
103515,0.6778922,0.11449413,0.5663224,0.3124195,0.3060441,1.1035496,0.50689256,0.8467272,2.3146415,1.8852971,3.6643517,2.5068185,0.7599678,6.548928,4.47006,4.16944,0.47438654,0.025534552,0.37756488,4.105021,0.18282144,3.1428452,2.5700314,0.71811396,0.94819427,7.1042237,0.548819,5.6390305,1.5686704,0.047778483,1.5690315,0.0071586682,0.009391548,0.7004916,4.2600856,2.38206,0.06848572,0.95894635,2.1711457,0.039983165,0.03675368,0.34643057,0.7354742,1.4453208,1.5044932,0.10889556,0.24331589,2.0555048,0.10693073,0.32886833,1.5588677,6.9075184,0.0058094575,0.14963537,0.29926097,0.46843603,0.5329653,0.47929353,0.086677946,0.44708315,0.12049158,0.00038523218,3.5192282,0.7791707,0.41428187,4.720538,0.045597594,0.08237745,0.32889512,0.008961511,0.35293087,1.4754419,1.3000438,3.8438857,0.3085436,3.8773787,4.702792,6.9515414,1.6161836,0.39314198,0.15699925,0.45659733,0.121776186,0.44302043,0.017729426,0.67103326,0.0016476584,2.7025971,0.057319738,1.7146528,0.8543596,1.2053711,0.15020405,1.7779822,0.28320396,3.3526106,2.2206848,4.566787,0.10475523,2.8517647,3.3287423,3.8604765,5.0568004,0.025088048,0.6279093,1.5827032,3.1407406,2.9332867,10.526028,5.8629565,5.6566486,0.8755629,0.19060247,0.5158968,1.0725749,8.24175
103818,0.011433926,1.3455611e-05,0.1090813,0.06008039,0.006608647,0.24988095,0.1316309,0.028101642,0.24988954,0.039560825,0.021178344,0.08942613,0.0031826075,0.23517223,0.13221069,0.10771953,0.01588522,0.0011569716,0.15620175,0.1893543,0.13552617,0.0144833345,0.4504602,0.10717068,0.09792708,0.41756704,0.052995246,0.14217138,0.007713618,0.07565076,0.1754223,0.018585026,0.0355273,0.20962232,0.12669845,0.0019016222,0.024559714,3.6322373e-05,0.39052695,0.018065799,0.11734686,0.034345254,0.14761232,0.036438815,0.27930817,0.037948765,0.07468927,0.1068635,0.00039093642,0.0014344206,0.03136268,0.00898409,0.09212896,7.4294534e-05,0.07525516,0.006876263,0.00010702729,0.037073437,2.9952548e-06,0.20494519,0.0056072203,0.15819737,0.3543792,0.0013757657,0.14998357,0.006252994,0.017162932,0.13266143,0.01995,2.4215842e-05,0.0028875994,0.028895283,0.19431616,0.29611504,0.13414429,0.37020755,0.13196711,0.490125,0.03242699,0.022044433,0.00071247737,0.00069752504,0.021613544,0.3220484,0.22993387,0.06587738,0.16615903,0.04541012,0.25910315,0.007654556,0.3812752,0.6344326,0.11089376,0.019173015,0.26664653,0.114785045,0.03548981,5.415266e-05,0.074444346,0.0029200527,0.008976735,0.005192582,0.00079514424,6.162985e-05,0.4469652,0.48221332,0.01576558,0.25869173,1.1418885,0.034849185,0.10375521,0.023004984,0.0489776,0.111128144,0.04812435,0.036240634
104012,0.16514175,1.0299239,0.64164037,0.75111115,1.0363374,0.58540684,0.33278638,0.5283907,0.2186485,1.0591831,0.18636149,0.12898448,0.011386379,0.041016575,0.009392279,0.1365394,0.010003033,0.5956859,0.48426878,0.39797258,0.20037615,1.4509692,2.7571332,0.15390603,0.24762286,0.13772851,0.70324606,1.02528,0.70588326,0.2789876,0.003545161,0.10437065,1.0366864,0.17605047,0.003232968,0.1415219,1.4331596,0.7510229,0.08848553,0.0014368913,0.79950833,0.004930931,1.1302218,0.00023497058,0.086812906,0.26871374,0.7227709,0.003898148,0.0032633715,0.008643601,1.1707158,0.35181826,0.3749106,0.007361884,0.019229691,0.07051019,1.8760067,0.07785373,0.4496381,1.2243698,1.136061,0.118843,2.2609732,0.5424595,0.21764587,1.665319e-05,0.11309355,0.15016825,0.53006077,0.08173105,0.021790827,0.007971029,0.024605164,0.063108996,0.5026172,0.0029576398,0.16991,0.104092285,0.8488926,0.084260635,0.009952152,0.24185312,1.4425126,0.52692163,0.28011078,0.008713342,0.03221653,0.58963597,0.30292746,0.06240957,0.3163555,0.059695397,0.028591448,0.3732545,0.02461704,0.20740443,1.221304,0.20378608,0.6195644,0.04024762,0.019934682,0.008763444,0.013495473,0.11855405,1.1336453,0.05961844,0.7718106,0.30605307,0.4122427,0.045655042,0.42974955,0.9825209,0.6429416,0.24493426,2.4293706,0.02540361
104416,0.29975834,0.91174173,0.44475353,0.23593837,2.3248887,0.8912724,0.768198,0.3330215,0.3384361,1.9141778,0.18083344,0.3781531,0.12441915,0.12893021,0.15918306,0.015335136,0.008487205,0.33412322,0.6362439,0.103860304,0.8057294,1.2963964,2.5992107,0.10141035,0.21751064,0.3291985,1.4483076,1.8795127,0.8644976,0.14865525,0.16140498,0.16118611,1.3791095,0.0043774503,0.047311604,0.22611026,1.6831057,0.19332156,0.031603895,0.01079966,0.88441664,0.0007818334,1.8803067,0.11165436,0.6782164,0.50418496,1.0863699,0.07772848,0.013604243,0.027913038,2.7578416,0.6099951,0.2904428,0.013009347,0.10133791,0.14830348,2.8210256,0.10190817,0.22983657,1.6317441,0.65397185,0.13891664,2.9170578,0.549305,0.27520213,4.1606312e-05,0.07942258,0.08280484,0.28321424,0.18510662,0.352292,0.02990764,0.1415016,0.3105963,3.3268363e-06,0.93867624,0.00012273066,0.10992232,0.08281214,0.054635238,0.052048523,0.07695421,0.6457016,0.122987054,0.7442244,0.10063025,0.038902923,0.5685144,0.19851859,0.0005410476,0.0513725,0.004920933,0.10444581,1.8979534,0.43341765,0.5432929,1.9799266,1.0463113,1.4267513,0.33235914,0.10497874,0.0003172848,0.064989194,0.1771842,0.75997716,0.004197001,1.9939337,1.698193,0.010177772,0.019757088,1.1200746,3.5172658,2.2858274,0.21746972,2.6561763,0.0012895213
104820,44.741505,58.47676,11.598099,1.6525744,136.7833,45.668888,0.34625933,40.588837,0.02476527,144.20387,0.39785436,0.21140826,0.06301341,30.50862,12.379226,17.052387,0.039251298,39.987656,1.3315684,17.71616,76.78247,18.566622,13.516072,18.67891,5.664413,6.3163624,24.38784,95.16582,0.028748274,9.655565,0.11878553,0.3271367,25.130661,1.2498289,0.12091859,9.79674,0.0066780993,0.77156746,92.76473,17.319769,0.34607863,9.258826,149.04808,28.079252,16.549904,23.0331,31.677092,19.392023,0.9593874,1.2182364,240.1734,51.76913,22.505106,0.844211,3.4633563,0.07810912,49.441734,0.06685528,163.40086,365.6522,40.619312,1.8200374,108.18417,90.236015,33.5638,30.852127,9.966987,14.02174,12.203422,44.466953,1.1571311,6.475084,7.591274,15.851171,45.644638,50.16792,37.943913,33.65081,12.050508,89.69742,0.57128286,14.41261,15.319409,11.135228,50.04917,9.19825,85.59659,53.260323,97.24741,1.5917528,158.66583,38.042828,40.806744,25.305977,55.466488,120.037415,1.793361,0.45599604,15.043238,0.5341535,20.799166,1.1463876,0.7174682,116.6329,27.752483,4.631114,20.30808,0.16877249,29.774918,4.695408,1.9744829,0.021403853,32.25334,59.3068,328.67563,4.431802
105014,99.71353,102.37161,71.87229,6.703463,175.5399,72.46371,34.62453,88.70365,10.467947,241.96649,0.3201592,9.2209,15.138576,82.07917,0.85484725,59.711906,0.50669247,71.676025,0.5528643,21.717789,96.96726,20.129206,28.795832,25.755299,0.42260063,13.922948,67.715546,151.9652,1.4443433,17.87757,0.6401252,0.27597067,49.856956,1.9515852,0.0557119,12.867398,8.095969,1.392403,62.482998,11.942875,15.249479,1.9528325,188.52675,11.534503,28.95995,22.249643,51.86774,5.9098945,2.5824394,8.604084,269.9536,89.00077,7.2691135,4.635998,9.979874,3.641677,75.27068,3.6991293,110.38813,280.5927,57.247604,18.52405,102.83189,127.0435,15.949396,69.476105,5.3540087,19.631126,1.6424555,72.595085,1.2737896,6.963289,8.390304,18.230024,41.608795,57.466022,46.83557,41.199062,14.446471,88.41416,1.684899,33.814552,36.10503,35.090668,76.33256,0.14323549,38.48476,116.09513,57.975853,0.85405266,148.11879,12.149371,24.52518,79.096855,98.57254,170.11836,3.8745544,0.18564443,42.34245,12.028282,9.871523,4.263353,4.3917775,65.150154,30.953794,4.952262,12.353121,0.06900208,46.96469,36.0072,0.0005285149,3.460608,80.79242,55.712162,367.3241,22.553762
105115,2.8501275,0.9257577,6.0794363,9.758391,5.9957414,25.395962,32.694836,33.255672,13.586488,22.08722,45.68513,57.54201,7.4421215,194.42355,66.35631,116.191,1.8245232,0.65403044,5.200642,104.50036,17.74958,66.93985,42.55856,63.320084,14.478327,139.78554,17.705551,107.66202,85.75859,0.56743324,116.70381,12.829583,0.6695881,36.854755,123.53313,163.07448,3.1631885,58.267593,87.575424,16.11675,4.8915734,1.732272,0.9435094,9.071809,30.485905,19.802002,7.0144105,31.251247,3.0341425,9.504843,43.65002,171.19489,11.659654,2.008425,7.382461,4.912866,2.0284402,29.380749,0.40829974,50.648808,0.3984206,1.5551258,135.74547,9.137489,46.695263,99.79059,2.3229113,1.1216272,30.633362,0.49262923,19.924595,11.6824045,87.22506,134.73193,40.93132,81.388214,125.86578,111.10843,71.60523,14.654639,24.674145,1.0397427,14.733978,26.413025,13.371627,53.466877,5.5401044,49.206215,8.808735,49.254864,23.601774,41.193157,20.775574,12.675586,9.80793,10.799236,51.272896,150.65529,1.589249,52.909443,36.86066,56.328747,55.662193,0.33465925,0.42522526,16.272709,22.636454,54.691193,255.57649,50.893036,32.411316,3.6330428,12.596049,1.454193,38.930634,64.93737
105216,48.405327,55.908665,34.38869,4.8297167,75.15795,36.217014,17.977108,46.57429,6.601535,118.20042,1.4797946,7.129364,6.4168305,51.079247,0.5449288,32.56688,0.56296206,43.19321,0.01154772,15.712041,55.626854,10.956292,21.675007,13.862031,0.2569402,6.3765335,28.63246,78.031815,1.7849277,12.535518,0.9425594,0.00042095184,29.818058,3.1278844,0.04187891,6.6627393,7.1148896,2.9133177,35.138035,4.6249375,10.749864,0.021902306,102.352776,3.1083117,13.355226,8.525345,30.153234,2.1694434,4.0191727,4.6007,137.85417,46.07714,2.8521702,3.466022,4.4592915,3.0417688,37.698364,3.0736194,51.25322,134.9962,29.09147,15.620363,61.72132,68.21987,9.8416195,31.926456,1.762751,7.539855,1.6455084,29.641968,0.1790421,2.0475795,4.439568,7.8513246,16.52356,21.889175,19.85503,15.604951,14.657075,59.714138,1.1762798,18.840725,24.717045,17.199142,38.199123,1.451074,16.669497,55.331013,27.009775,0.8107594,64.27406,4.8420167,6.766113,44.539497,51.680058,57.817146,3.749701,0.5630271,23.042868,6.13416,1.4413134,4.5694923,3.9290295,24.974504,19.035923,2.7362926,6.38236,0.3330593,31.24946,15.379169,0.009218635,1.8129106,41.721394,26.466976,165.76398,6.8117547
105620,10.660935,15.51863,7.9635077,1.6757164,23.922523,11.135449,2.5578966,14.056324,1.8386353,41.048836,0.31413975,1.8902451,0.21411613,14.166134,0.95672745,6.6011896,0.54589754,16.388975,0.21638575,7.94291,19.830118,6.855672,13.1935835,5.5782094,0.16196099,1.7063777,7.2717786,24.425089,1.9853123,5.4825397,0.34198177,0.01454501,12.825881,1.2202024,0.9632168,4.1113815,3.1230767,2.5833702,16.652618,0.64253426,0.13361703,0.044778056,38.280376,1.0671008,7.5835915,1.1194084,10.823367,0.17043911,0.94043714,1.4204122,54.60312,14.999883,2.9584653,1.8175017,1.412542,1.1087568,16.48808,1.0221642,22.409824,53.001194,11.978339,4.7027345,39.587246,23.203533,5.386144,7.7227063,0.56163746,0.82406676,4.8877892,7.6946697,0.010524185,0.40410107,1.7700229,2.4884903,5.5361204,7.358309,7.9236655,5.6604633,5.9124565,17.116518,1.1317736,7.4357724,13.106071,12.45122,14.648476,0.18381351,7.2456865,17.480145,12.994926,0.016212983,30.611118,4.621904,4.7629123,8.709626,17.638624,29.604937,1.5425082,0.11077395,3.9894807,0.4673286,1.9356768,0.07112798,0.0006981643,19.265669,8.630434,0.97419274,5.022411,0.5317511,16.556042,3.0698447,1.111804,0.60607135,5.170498,14.546075,67.56411,0.75735515
105923,567.5158,570.3635,433.64832,42.032013,811.5874,288.28903,229.28413,468.44397,54.80179,1325.4312,0.91274965,26.68688,106.28667,448.20847,10.349754,339.53296,0.58109576,307.1758,10.205774,70.837845,640.43414,40.728123,116.711105,107.044426,0.028983682,46.291,333.92938,665.1876,1.3086058,51.951664,1.6137515,13.961853,232.41101,1.6125505,8.247815,30.025007,24.475437,0.54380155,380.53824,104.02587,83.57809,28.941662,1151.4904,59.122227,168.55348,164.37929,246.2587,37.866425,7.445193,34.48926,1405.2496,497.73096,35.503845,34.373455,32.18952,6.518481,375.2919,7.2828217,744.3091,1577.8146,275.84772,102.112946,474.11572,641.2462,37.26034,348.1827,48.754402,211.87744,0.9242834,456.6523,25.43099,60.824604,109.48214,194.49052,367.31964,441.48846,349.47186,327.22507,64.112625,326.32812,4.292545,162.78261,217.8725,126.89918,372.98267,4.592197,219.29315,679.35443,304.94815,4.3010798,769.4483,65.51722,121.083244,454.2899,639.06793,924.48737,5.5145936,0.11563877,246.94498,56.59496,70.41472,30.55476,16.972687,331.80533,208.75346,45.066235,90.352715,3.0885153,373.59897,231.34297,2.2127306,15.442161,448.89157,313.50937,2109.8433,154.68716
106016,2.0208058,1.6328872,9.198585,12.136219,7.26531,28.69044,30.278315,36.419876,11.577028,15.913994,44.100407,57.85606,8.367114,184.598,67.43739,116.31844,1.9867444,0.7788097,7.5359235,112.56232,14.190842,61.423576,39.845394,61.372692,12.357668,139.17911,19.379225,109.046524,82.64688,0.93345696,110.27295,10.836905,0.36352625,35.051693,120.74673,157.22076,3.4578788,45.570194,91.2778,17.211695,5.1923428,3.7839124,1.8772917,14.742192,17.48119,17.996628,11.083989,38.774334,2.6606395,7.2826366,43.752846,152.8677,7.0283146,2.9421222,3.6179557,4.216669,1.1615676,29.936575,0.9962176,42.41812,0.10343006,0.9366452,128.43044,8.028475,42.84386,100.71801,0.6227278,0.5178993,26.853022,1.2148255,11.006839,8.788575,86.7563,131.36542,32.92811,69.70846,110.99476,102.14886,63.543396,11.310032,19.994768,0.97836006,22.123013,25.957,11.506092,55.159153,8.1054,40.83414,7.32167,46.387775,20.46361,35.74229,24.006996,12.128508,6.6624956,11.389712,53.52246,145.45284,0.5451188,53.995018,31.614683,48.50683,52.721943,0.76751155,0.1444652,17.34858,24.325228,51.791943,285.79266,36.96454,45.437466,3.2622664,19.41003,0.31714073,38.01758,54.837402
106319,0.36921576,0.5263992,0.46239272,0.20436427,0.3413773,0.4123472,0.19139592,0.27508652,5.3544692e-05,0.27274275,0.40045092,0.14325921,0.062054567,0.18655689,0.30486614,0.16241217,0.00018101868,0.19214614,0.25989732,0.033664525,0.64230734,0.34998393,1.0630512,0.019496176,0.053897753,0.011095361,0.08543301,0.640849,0.15728287,0.00945705,0.010465214,0.16352807,0.69050807,0.0113651715,0.5999864,0.10574005,0.4370817,0.32011124,0.4179157,0.21334638,0.032319393,0.03635708,1.5227818,0.01284596,0.8048526,0.07765407,0.46853924,0.040340774,0.06903028,0.16667111,1.6997517,0.040322676,0.081598386,0.0005651364,0.00273434,0.045378827,1.5129265,0.091758095,0.018049924,0.2808224,0.25886115,0.100665234,0.9504075,0.17322779,0.052822333,0.028547876,0.024769042,0.01841007,0.2184411,0.008519213,0.061214246,0.0076230285,0.014679724,0.03562905,0.0055272756,0.13887145,9.844308e-05,0.123046115,0.0135806855,0.4501455,0.03003918,0.0020632518,0.12690425,0.01968119,0.1501961,0.15069433,0.21121718,0.092270896,0.14174032,0.0009798734,0.06791116,0.012937214,0.014117331,0.7316034,0.51142514,0.74654937,0.24659939,0.12304256,0.28433076,0.08970495,0.056702252,0.013378893,0.016217165,0.057283867,0.1230344,0.26831147,4.8296162e-05,0.048984587,0.02926606,0.20727094,0.037768494,1.1807458,0.9313181,0.3238108,0.77105206,0.011416241
106521,0.1859345,0.61109984,4.776172,2.276343,4.481195,7.797473,1.5763829,6.44852,6.0695887,1.1538848,13.122549,8.716751,6.997589,19.425987,16.278387,23.103628,0.103577144,0.18754157,2.4519677,27.434166,1.0468702,15.450679,10.310929,8.690078,4.0616407,31.706234,5.726275,23.84345,14.284527,0.16832444,19.73416,2.2879486,0.08878516,5.4826493,18.27518,31.502384,0.076358445,7.288933,11.22649,2.3916311,1.0551797,0.5831514,0.9933719,8.264058,1.7047926,3.7469,4.6811805,11.827671,0.95719296,2.3614125,10.125667,16.469208,0.008773669,0.6755551,0.0034000077,1.5048472,0.009686397,5.726824,1.6527182,3.8004706,0.88105905,0.020710535,19.310053,0.99833167,10.01839,11.353098,1.0694263,0.36645788,2.6063688,0.6555392,2.4275596,4.1513224,13.655586,22.353363,5.308378,15.143817,16.375175,16.504568,11.333206,0.5723795,3.400756,0.12524205,0.9004384,4.5935717,1.2511718,3.6920903,0.009220833,5.4832277,0.23077102,8.417668,0.017440172,15.614576,6.059666,2.0049243,1.6396706,3.6051958,10.022614,29.794195,0.0020948155,14.334587,3.888512,7.627391,8.337626,1.0350368,0.24545369,4.471308,10.757807,11.80675,35.744537,6.6858544,11.735565,0.4985379,2.8100195,0.014093631,5.8231826,12.85485
106824,0.07210091,0.11710199,2.8120277,1.9381292,3.1223192,5.020575,1.2800077,4.5149045,4.5066905,1.2944217,7.7203517,6.537901,3.8848164,23.578453,13.54066,21.155094,0.17200632,0.058685016,1.2779938,18.769787,1.5751629,8.967421,8.711602,8.593343,4.7553,23.116732,2.917441,17.319288,11.426256,0.054236412,15.126381,1.8749502,0.12920564,5.661398,17.959034,20.533207,0.017423347,7.8952045,16.704668,1.526786,1.002177,0.5351418,1.6470765,4.306301,1.7393544,2.6959195,3.0128994,6.289992,1.5669885,0.82874215,7.464197,19.078133,0.21455659,0.3604641,0.03667561,1.3583462,0.09416467,5.231324,0.48750612,3.8852022,0.072180875,0.14881292,19.417036,1.1824869,8.591049,12.205107,0.2430368,0.08656157,5.36445,0.38717172,4.9370885,2.568621,13.923635,20.033575,4.062358,11.921747,19.79816,17.200373,11.383046,0.86069196,4.5036864,0.78524715,4.6365767,2.8804407,1.6144439,4.4886866,2.0932968,7.615165,0.12578353,5.3873835,1.7978829,5.3900013,4.2967625,3.0077322,2.3142672,3.8753664,6.2509584,17.670925,0.0023504437,10.636887,2.6265924,5.4237013,4.6077504,0.16700026,0.20673743,2.213036,4.4680285,9.62458,30.631552,5.142847,5.352896,0.7823133,1.8454112,0.1591194,4.670698,6.761868
107018,1.9827527,2.826133,0.8125408,0.010761971,4.6605477,1.9767693,0.38405073,1.633703,0.18921113,3.8751285,0.47960222,0.06251505,0.32449576,2.1604683,1.0925549,0.097616695,0.20691727,0.86825716,0.31626108,1.0858779,3.502697,2.3988132,3.388919,0.47884688,0.3060607,0.18747458,1.2400429,4.0707726,0.6907119,0.22333102,0.21957661,0.113132544,2.1367812,0.052243177,0.16533975,1.1221043,1.7767795,0.57453865,1.3816137,0.46769834,0.5706199,0.050778776,6.9210596,0.7110041,1.4481736,1.1304653,3.1333408,0.30770004,0.12801863,0.162063,11.1051655,2.3755746,0.57469136,0.14184006,0.15820785,0.016123762,4.575574,0.01141605,1.0931845,12.448708,1.009473,0.002753961,6.6860123,1.6942674,2.2870965,0.68417215,0.14660625,0.13926572,2.2572687,1.1376469,0.15236115,0.12561536,0.09235541,0.61583513,0.023690503,1.2590038,0.052639503,0.2128012,0.4711186,2.399425,0.005870576,0.25802994,1.072277,0.7443309,1.9182937,0.33163577,2.2432823,1.1702628,2.46435,0.12549119,0.7315068,0.085075855,0.008292658,4.869617,1.7981964,3.8316555,1.4896988,0.29652697,2.6500642,0.8744934,0.013489096,0.8877368,0.82483876,1.5833725,0.29500437,1.1766524,0.27409902,0.20096175,1.537514,1.1242702,0.3257476,3.2411354,3.5563607,2.2599432,6.184882,0.0427326
107220,0.2562454,0.77628154,1.7605605,1.5753012,0.8958406,1.4910479,0.025748309,4.114453,1.4560606,0.59633654,4.2995167,3.717411,3.280718,5.1136475,4.9255443,11.842653,0.13405213,0.029205726,0.9205436,8.45486,0.014960913,2.3741105,3.3384278,2.2477953,0.7350037,8.589141,0.44841,6.027391,3.4550521,0.55071765,5.02101,0.16881177,0.12333565,1.5037473,6.552416,9.3105135,0.012998078,0.67278135,2.769,0.14954098,0.061582856,2.0748012,0.016858485,1.418527,0.55678004,0.15148762,0.78311884,1.8717301,0.12382936,0.257008,2.554941,6.612826,0.12562466,0.19436711,0.08134108,0.17227459,0.26130608,1.9231747,0.23990892,2.8331153,0.12650439,0.3645199,3.7243114,0.53250605,2.3603575,4.8535404,0.057375763,0.0013119563,0.4735281,0.4753914,0.47265092,0.7240647,2.54696,7.079141,1.2908523,3.3687263,2.8719203,4.328613,2.3460112,0.013342233,0.52504456,0.046569344,0.043139245,0.88926995,0.0024128924,1.1291654,2.2556977,5.060584,0.06260151,2.2508326,0.14517538,3.8121984,2.496309,0.60810065,0.5146003,1.2434587,4.150444,12.080951,0.009919605,5.5252004,1.3474425,3.9825287,3.2615542,1.5051279,0.06559383,3.2637544,5.3651104,3.997625,12.889332,3.6885612,4.293825,0.4886105,0.9278746,0.13207714,1.4755725,3.7426817
107321,0.025905326,0.035195988,0.008954268,0.02602649,0.02499229,0.000172549,0.1083861,0.10437532,0.28468382,0.8572177,0.41688257,0.14736652,0.03865491,0.719271,0.40792614,0.01573962,0.014489778,0.0012100892,0.31584385,0.7498065,0.0002031932,0.14766446,0.1809493,0.0060565327,0.001886561,0.104844026,0.040157106,0.16049752,0.09746528,0.004596418,0.13520522,0.0015676985,0.0042351447,0.1419803,0.12491879,0.0019518469,0.013973344,0.00422871,0.46984982,0.10815344,0.035023864,0.13614124,0.07413817,0.06512962,0.6772934,0.0047016847,0.050866745,0.34112304,0.012321695,0.03643096,0.13250563,0.34492794,0.00096769555,0.0018228701,0.037518356,0.035518125,0.051649958,0.16078322,0.00016743118,0.3643199,6.9771406e-05,0.0003032247,0.272139,0.0070148003,0.15581709,0.13370676,0.0014344287,0.07988959,0.0033996946,0.08067009,0.0047664186,0.056865748,0.024429813,0.07333921,0.012630892,0.24415876,0.03202413,0.21342167,0.6390345,0.09372743,0.07329332,0.07110467,0.001164923,0.011285665,0.06884206,0.0034148619,0.083469175,0.7593953,0.18739252,0.07757825,0.13290067,0.63725287,0.25626916,5.670926e-05,0.29287446,0.08778299,0.022121165,0.25206897,0.010721399,0.26216534,0.17280437,0.5711396,0.2753588,0.03079973,0.22130406,0.5189713,0.0009072692,1.6459954,0.03418956,0.17770427,1.0069424,0.37226337,0.047838464,0.021781852,0.37619475,0.010883686
107422,0.69385237,0.08189576,1.5964689,0.6996807,1.0465873,2.7893612,7.138363,2.3561165,1.9443258,3.8471274,3.9194565,5.4532495,0.24447532,43.858505,11.050754,14.692218,1.1846974,0.04295415,1.4215894,19.242138,1.9776893,10.084597,8.331634,7.5732236,1.5523944,23.186146,1.3046464,14.695939,8.212565,0.06129957,10.842269,0.75591266,0.2878534,5.52792,19.307053,20.305222,0.15563518,10.087331,17.434875,2.0028603,0.17622551,0.17027278,2.0939453,1.7737389,7.3902507,3.1107411,0.79081035,3.533339,1.9023132,0.39190823,6.5299406,36.95575,0.9012268,0.014178423,1.0197316,0.4475699,1.2825983,4.1072793,0.34048006,14.477657,0.6179729,0.805431,20.627575,1.6810194,4.967638,20.156193,0.0022478872,0.04806409,7.059765,0.0023961996,2.0997572,2.3401144,10.204068,21.432,2.0135214,13.986619,18.484781,19.961285,9.27848,0.0682992,1.824036,1.7154671,2.8342543,2.5603385,1.3663534,7.9099455,1.5797061,12.135646,0.7471913,5.6181097,4.082681,7.057288,2.5381844,4.5519266,1.8876708,4.500757,5.631106,16.788692,0.2410208,9.8269615,5.780837,8.337676,8.394371,0.29902938,0.008370693,0.9409293,3.7905743,16.371826,43.816677,16.97063,8.752366,0.6554535,0.89343095,0.98323846,3.228312,9.978852
107725,152.80035,236.8619,153.97281,92.27144,189.23926,133.56802,44.873726,221.54092,16.627836,647.9383,2.13674,34.694912,2.4564452,190.86684,10.250483,136.81973,0.40410477,161.59605,0.9844708,71.18761,313.83313,49.000248,120.13475,89.269226,0.15931693,17.987782,126.694626,266.95267,2.9694514,47.462025,6.361883,0.23132885,158.90427,6.9288197,8.304498,8.461062,1.7462704,1.5543056,243.72995,35.284786,3.6983535,9.968058e-05,479.5911,29.182077,45.438164,59.246613,93.36699,3.163432,0.0065056295,26.471344,539.9669,121.46412,24.506115,2.6865823,2.6472945,0.36251107,153.18175,12.587218,512.9792,733.61597,126.427414,70.2816,269.09262,314.13306,12.910673,104.18331,21.250189,77.933754,0.0062288754,172.56075,10.2056675,2.879462,38.72636,47.8311,150.68771,123.55702,145.11801,118.678635,26.589594,85.56063,3.3224475,74.126724,124.014206,92.17614,185.56001,4.689961,70.23885,320.48428,145.03174,0.17024381,619.63513,159.98058,138.11726,55.757305,451.68524,467.55237,6.191904,22.63604,36.60581,0.86517507,106.51611,13.392086,15.669006,238.44922,215.53088,86.23616,226.22047,54.779694,196.88336,124.258675,20.080385,0.010077402,64.63855,276.3345,1206.5293,35.61153
108020,0.0013591576,0.018305844,0.06422547,0.052706134,0.0021767667,0.0012016036,0.027980521,0.06955861,0.0003623714,0.014591522,0.1408794,0.12498577,0.017030396,0.033753123,0.057913683,0.2033928,0.011500576,0.052251883,0.04485274,0.047163896,0.01466436,9.24804e-05,0.11579417,0.14150453,0.0016466086,0.01575223,0.049475737,0.11140912,0.017812442,0.00029594844,0.00761019,0.012215212,0.08780146,0.0052493196,0.25412965,0.031984325,2.9397395e-05,0.0006928936,0.055988733,0.023862343,0.00017624692,0.19255562,0.020663423,0.5142906,0.024486518,0.007572524,0.0007045652,0.08067219,0.044202726,0.15448855,0.011295951,0.02022277,0.03262446,0.025783623,0.010222746,0.04823586,0.0038987582,0.09777788,0.5748876,0.6024377,0.012101963,0.08968814,0.022005724,0.05131987,0.00048228438,0.001152471,0.015004272,0.036164306,0.009909955,0.010575969,0.07158303,0.016236436,0.12476992,0.10001495,0.08359131,0.11137741,0.16515987,0.3087591,0.0063875485,0.15538658,0.018906295,0.030918559,0.05901843,0.18457751,0.0568807,0.01334925,0.11287218,0.34837103,0.1931974,0.1464891,0.003279497,0.8448856,3.7769823e-05,0.03073648,0.7318796,0.36250582,0.15457705,0.02948569,0.011775361,0.020909041,0.026592104,0.004068281,9.494821e-05,0.08436676,0.5044015,0.10311365,0.039063904,0.18374467,0.35558194,1.6883467,0.19309437,0.03522864,0.0016714396,0.16283779,0.25753585,0.5655324
108121,16.445127,25.44962,8.903596,2.3560376,36.064564,21.249666,2.7436376,21.796343,2.1360817,64.546524,0.17148134,2.5497682,0.0267803,17.955183,1.2027819,8.378725,0.23465228,19.025043,0.13488983,8.712256,26.294352,12.28268,12.935331,11.022033,0.023464337,5.034366,11.804064,36.638313,0.77000386,6.7582526,0.65098417,0.124525264,12.909279,1.2778972,0.44681233,3.7188866,0.3345317,1.5853571,24.282463,2.7293267,0.09766951,0.12094997,50.414825,4.86616,4.120351,4.8674717,14.030663,2.4656713,0.9451377,1.1428456,72.36379,17.334612,5.3671618,1.1440388,1.4660289,0.25966012,20.346266,0.8992103,52.17664,102.32163,13.476689,4.2321806,40.794514,35.29831,6.613801,9.824316,1.8743061,3.2983747,2.9360807,14.823327,0.50598866,0.23222995,1.9750481,2.6366255,8.187737,8.513472,10.833722,9.00592,4.914239,24.094334,0.26799163,6.1170597,10.83831,7.779636,20.941017,0.07720061,13.023654,21.013979,23.108639,0.1579742,58.72429,10.349637,12.507556,7.6095676,30.00476,34.85864,0.03779783,0.5755894,3.0815353,0.00013070271,4.987794,0.2739419,0.14437073,32.441586,10.057489,1.7023492,9.813419,0.00022908777,14.1336775,11.132515,3.9495676,0.03935979,7.1181793,22.169077,97.82067,0.014272212
108222,211.01956,220.87659,159.708,17.663433,307.53635,120.90927,75.704414,183.55865,18.76129,517.9365,1.1957598,15.31714,29.103083,174.83223,4.934581,121.70876,0.02803745,141.00633,0.7075085,48.70464,246.86807,25.484156,58.518394,45.2337,0.053379297,21.728258,121.937195,264.50912,1.246895,26.975914,0.9525768,3.5090477,105.145546,3.2245421,0.28989208,17.137278,14.583811,2.1767116,152.66463,36.185867,35.175964,5.5510726,444.55603,23.02498,65.18286,55.560425,103.920204,14.140845,4.43667,16.354212,566.3175,182.41478,14.751863,12.367338,14.502488,4.4789057,154.89491,5.5913,270.48474,623.1448,118.92195,43.485218,202.15414,266.03232,21.453953,135.8195,14.842836,62.46694,1.0050243,159.78224,4.6160636,19.799286,39.567238,66.574684,127.292984,155.05113,123.66736,117.144554,29.969427,160.52844,3.3809392,69.97154,80.82835,58.309643,153.15268,1.3489764,82.24158,247.72775,119.3131,1.5399216,301.9595,32.73949,42.78143,163.46315,247.33215,364.79398,4.1496162,0.15510042,94.664375,19.354572,26.63745,8.957201,6.72625,141.27,84.48512,14.733381,31.935688,0.39246416,142.81711,92.65788,0.057603754,9.604032,161.50694,128.44014,815.9886,56.39812
108323,29.178152,39.146473,22.452606,11.989726,62.181335,39.116116,9.489017,36.22307,6.687397,114.49937,1.0671843,5.327986,1.214141,32.070568,0.09487084,28.027275,0.36597136,32.5678,0.14030953,13.220187,36.442074,21.724737,24.83032,22.572018,0.57302386,9.402359,30.754917,70.615265,3.404138,15.566665,2.113248,1.0270203,27.947853,2.992684,2.9392676,6.9880548,1.5926598,2.2404168,31.63111,4.5003366,2.0679512,0.24977587,78.608444,6.4441423,6.8821397,6.345301,19.234638,1.4860988,0.19878559,4.148481,112.29504,31.4705,3.9522445,0.75955194,2.6377008,1.0118488,32.164402,3.3789687,83.44083,135.8679,24.967272,9.244982,65.77625,56.543106,7.4776096,19.414963,4.259437,4.9399486,1.5311905,28.145744,0.082499914,0.009987664,1.4237502,1.7582563,5.930811,7.6456394,22.092983,16.293644,9.329878,29.356184,2.2050757,13.668257,27.69401,25.808748,40.539745,0.3939694,16.005318,48.18628,22.251627,0.012024603,119.022835,28.945797,29.436556,7.934879,65.94086,69.16942,0.0062475745,2.0546463,4.930595,0.0047701662,18.582466,1.9884455,2.155553,48.474537,31.227335,9.849908,29.77309,6.1666107,22.509367,18.139103,3.8152294,0.017399987,14.620182,40.574394,199.01811,0.7003522
108525,1.4184889,2.7145255,0.72608113,0.09577249,4.829106,1.4541122,0.3971218,1.7189157,0.19245327,0.7835318,0.04592301,0.0013147796,0.09309792,1.6364827,0.16415733,0.010137451,0.13920705,1.7045724,0.2403874,1.7130831,0.78041846,3.0453966,2.9208913,0.76024365,0.0046332097,0.21959448,1.6134171,5.199011,0.97409624,1.2092226,0.011189075,0.04386586,2.1665995,0.21364415,0.47199723,1.4444667,3.2508755,2.0933108,0.20929241,5.1627823e-05,1.2309798,0.00081437087,5.6042,0.049471468,2.4490983,0.04501467,2.8660023,0.0037710832,0.49463943,0.26450375,11.136395,3.256605,0.00068249146,0.10903146,0.885239,0.21132304,3.700013,0.2331407,1.090176,6.62333,1.3363181,0.3836264,7.3163824,2.4299994,2.5799067,0.6539168,0.042109445,0.1299912,2.3439045,0.09869144,0.25247696,0.03369338,0.088055916,7.9548576e-05,0.4102744,0.0007285146,7.198847e-05,0.0041054063,0.89101535,4.927895,0.22505444,0.4647986,0.8034783,0.92591727,2.135903,0.16023158,0.520061,0.74950564,0.50088334,0.0074032056,1.3211886,0.3457447,0.11163715,0.3291367,0.2377494,0.00020112155,3.8699932,1.0253328,1.4203801,0.5241027,0.13665737,0.00865542,0.10150347,1.1303843,0.35474476,0.39642113,0.6296577,1.2087103,0.0013100982,0.5562132,0.40559128,3.6136012,3.222871,0.99413425,3.857724,0.06407422
108828,0.8886083,0.12919499,3.9807522,1.8155779,2.7602062,5.251016,6.325264,5.7917695,3.687123,5.877308,7.649684,11.930231,1.4511573,51.988075,15.675315,14.226555,2.2091284,0.045415618,0.7369451,29.69098,4.6974764,18.750027,15.595653,10.113283,2.9571793,41.202515,2.2046402,27.428522,14.154107,0.093187414,20.177637,1.2897238,0.62566364,7.8680987,30.957397,28.672981,0.029873027,20.77091,23.84806,1.8981689,3.2903275,0.091874644,2.3665473,4.3996277,9.139309,4.3661566,1.5191102,9.027005,2.381676,0.5175279,10.628357,50.50698,1.2972006,0.013537254,0.42600158,1.1882199,2.8040652,4.9246492,0.73381203,17.901945,0.48145533,0.79797596,27.648825,3.991452,6.2240562,31.197567,0.043011196,0.051819224,5.193765,0.3105484,6.28063,4.737794,19.263882,33.636135,6.128913,25.797903,37.424534,38.224613,18.288462,0.10017684,2.7925482,2.452244,1.3407409,3.5724943,1.8123883,11.964931,2.271787,14.353833,1.3369937,8.339045,4.493294,13.5017605,5.6551447,5.508894,2.2441065,8.971234,8.765755,31.283094,0.31092197,22.539217,11.420015,13.121895,14.255897,0.0013452551,0.042355858,2.9408076,3.7137978,16.766176,77.418015,23.216164,17.679462,0.12340409,3.0785477,0.8898932,6.9934473,12.978916
109123,26.817852,40.09136,18.3949,9.610768,60.33521,34.929028,4.0575414,38.037086,5.336561,117.97423,0.3436483,6.85224,0.11567121,31.91736,1.8052675,19.818089,0.20379886,35.954685,0.48718637,19.917423,51.088898,16.758337,25.702436,22.122099,0.0057014218,7.1537156,24.144964,65.970955,1.3295153,12.180999,1.4674014,0.7235027,29.336334,3.9277375,2.043999,6.7523165,0.5719366,1.499218,46.91602,4.1025295,0.114481166,0.11380093,80.73397,8.504161,7.5857224,7.0202403,19.396399,2.4965549,0.4263405,3.8169727,112.859055,27.544933,7.014763,0.87148935,3.0249476,0.61776894,30.891005,2.1026063,86.627014,153.30482,24.511686,9.068548,69.9438,59.06974,9.942438,17.673323,3.0714002,4.988551,3.987168,24.679375,0.047522362,0.418768,3.5459113,4.2881055,15.300008,18.189594,20.883432,17.071827,8.0088215,40.647907,1.1600392,13.20801,15.136264,18.15494,34.707237,0.00094651437,19.009796,45.87556,34.89492,0.26456144,114.23454,28.315504,27.6509,14.665026,65.98674,65.26837,0.01406064,1.5632821,6.0553594,0.0003839651,13.531162,1.2865723,1.025569,52.37815,22.528597,7.2678404,21.637888,1.5260584,28.872896,13.451226,6.342965,0.07495235,14.738417,46.670773,177.89574,2.3717005
109325,5.9958735,14.8258,6.634324,8.212824,12.547097,8.404155,3.741827,11.051629,1.7996076,21.847313,0.4847391,2.6709368,0.17766991,9.935833,0.07983813,5.07233,0.66089034,11.043563,0.63284874,5.5396585,3.3067768,6.7421017,12.635319,3.8356247,1.0586331,2.8590295,7.0344543,15.504811,3.753753,5.042537,0.8036671,0.16135558,10.256663,2.9468255,3.5603778,4.1342235,9.297263,5.343618,2.2146454,0.038345158,2.8406944,1.6437546,23.18041,0.006382528,4.211683,0.14722563,11.325653,0.22599198,1.3951907,0.64717275,26.667202,5.5506244,0.00040975687,0.21035938,1.3164505,0.8540333,12.531048,3.0266137,4.0737824,14.783365,7.0637436,4.0037003,19.80046,10.514099,3.0750165,1.9168063,0.07300051,0.08655298,3.6156187,2.139118,0.3947374,0.025157752,0.08422144,0.12647824,0.27635407,1.7528495,4.4710196e-05,0.0004454383,5.3592362,8.113804,1.5580579,3.9580681,10.202777,9.955378,10.156857,0.69335717,0.5844418,11.372066,1.7148277,0.21608886,6.451503,0.43181145,0.18913655,5.6375837,3.9328508,5.8218412,5.778021,1.5116167,3.5851548,1.194221,0.0033901131,0.229275,0.3122092,2.22455,10.226603,1.9548833,0.22675967,0.653553,0.19070199,0.009920223,0.3982565,2.1340044,4.3168497,4.8670645,31.786625,1.0581092
109830,0.12365028,0.25808,0.74613434,0.447371,1.0917152,0.14178592,0.35395658,0.072681144,0.12705857,0.4623486,0.715126,0.29062018,0.052471258,0.1313745,0.02461191,0.73739934,0.03470654,0.7888206,0.081568554,0.025882758,0.55311775,0.42274386,2.1800327,0.006060679,0.20902404,0.2895368,0.9761563,1.2171148,0.7104209,0.0077647534,0.0076162387,0.09240244,1.4051582,0.08506047,0.0033658147,0.06866811,1.6823319,0.70393425,0.09929056,0.19009711,0.7642327,0.060703907,1.9122983,0.0604725,1.0934976,0.0015479373,0.6334165,0.02213823,0.0002614244,0.079098545,1.8468585,0.98224676,0.04955824,0.5104027,0.22334272,0.0070407586,2.0027418,0.468602,0.011719429,1.4556401,0.747464,0.23400933,1.7850832,0.6693102,0.08620176,0.12845162,0.061621103,0.010292858,0.0074125836,0.08087876,0.032444812,0.116384536,0.00039133016,0.084595986,0.6265833,0.0007688812,0.006691301,0.012317408,0.40826684,0.16909626,0.0031710207,0.5314791,0.6969715,0.011814906,0.3822011,0.018241283,0.029726624,0.35148197,0.035894237,0.019792534,0.0024812373,0.21359703,0.04248207,1.1290553,0.03621562,0.12923433,0.7849703,0.19936968,1.4192603,0.10001757,0.14036857,0.003986807,0.10181037,0.009474893,0.645304,0.019053306,1.3139585e-05,0.05667795,0.32571882,0.20677209,1.0244125,1.5484098,3.067798,0.10281125,2.2105494,0.20239696
110007,0.6169742,0.08969807,4.253923,1.3026451,1.5464251,3.4225993,2.56475,4.5724897,3.5654583,5.6744576,7.2840314,7.2571917,3.303281,31.031776,13.690505,20.521753,3.159628,0.8399134,1.129452,17.744707,1.8037955,12.246595,7.942202,5.3797684,4.0936093,27.752855,2.607845,17.656809,7.5236382,0.7970105,12.752688,0.16948842,0.48758245,2.3575726,14.68598,16.425749,0.28477862,3.6535332,13.553624,0.11783217,1.0147516,1.798922,0.3711964,1.6010789,9.146278,0.39270183,0.28194267,3.406289,0.4990295,0.09076139,4.0805154,38.683357,1.4588258,0.28096455,1.7315809,0.026581822,1.8279736,2.2569482,0.17514056,10.417684,0.42418388,1.0086546,10.642411,5.515131,0.6867608,21.765806,0.97019875,0.19177558,1.1744968,0.36359656,1.2900134,1.6720018,7.4989886,14.203427,1.9695816,10.460055,13.267578,15.2847,7.3947225,1.1720953,0.2128714,3.7883148,1.5865752,2.8387153,0.14722131,8.864461,0.5100377,13.99467,0.55258954,5.6987414,4.5187497,6.8530965,2.3007464,5.2518415,2.0847256,7.4272685,6.8726788,23.075428,0.16585617,13.219054,8.638055,11.897755,13.414211,0.00023773841,0.0032508667,1.4237703,10.16077,10.878695,48.254635,8.170827,10.382763,0.011920436,1.3874918,1.6794034,2.8317478,4.2087417
110411,68.23807,3.5995338,2.859602,56.24538,12.376585,193.66356,619.1163,307.64676,59.03721,250.89146,400.13666,602.57086,1.0916288,2192.375,473.48,829.3289,0.39758876,2.8720953,15.572656,859.48804,141.1475,412.51398,259.83826,639.87274,67.94302,1196.7032,116.04446,972.19965,880.4105,3.3207068,1012.02423,139.4231,28.983988,344.55896,1154.0537,1392.5793,208.37245,538.0402,727.15576,234.97612,12.307857,0.7117948,20.48228,21.401804,481.64188,214.25403,16.547335,208.8738,2.6105983,121.440056,330.08658,1660.8495,173.66264,90.10193,106.39119,82.76969,32.50726,305.98343,1.2336521,488.91193,23.314014,6.485389,1297.8658,38.98319,552.3497,1102.017,42.93129,29.01979,523.34326,65.42174,54.366932,40.150894,850.554,1353.843,371.75418,710.2069,1050.2,1066.5283,760.7831,436.86044,285.2778,1.1915827,186.4093,253.8932,167.56886,663.6246,82.333,370.29877,128.06511,510.04608,196.52107,564.95,257.8227,17.325445,59.285145,47.36638,512.2396,1519.5614,10.087873,468.23145,169.65034,341.57553,444.55692,17.570524,5.263917,225.94621,75.12891,461.01044,2496.574,264.1003,141.1882,76.406204,154.6869,3.1600573,460.56012,581.414
110613,1.5007343,2.9318466,1.798154,1.0958791,5.7197843,2.6285372,1.4543163,1.2425252,0.98621124,3.754456,1.6257384,0.53306144,0.09385872,1.6448724,0.08544692,0.7347209,0.00043360484,2.160816,0.5549443,1.7226334,0.8464348,2.1509573,8.277109,0.98411065,1.3465143,1.5930248,3.5234785,5.201426,1.76103,1.1150169,0.023341527,0.004809489,3.0421371,0.4059605,0.1276925,0.6029152,5.302276,2.1324983,1.9602163e-05,0.046749398,4.3736176,1.4477243,2.4677413,0.19459893,1.5371228,0.19698419,2.5310566,0.0048323087,0.33372697,0.12841077,5.9014835,1.5961629,0.27801022,0.081317455,1.1681486,0.45836216,4.3766437,1.6893605,0.18965892,2.2452526,1.4926635,0.5883743,6.7645206,2.0938966,0.1927443,0.5946883,0.0051419036,0.0050931247,2.3910904,0.09045631,0.006800991,0.48235437,0.10425652,0.047462426,0.28247476,0.16144672,1.6015805e-05,0.0040934305,1.3709732,3.8561802,0.4364978,1.2010955,4.2354684,3.3150256,2.1190207,0.24393374,0.004205349,3.4621632,0.0028860688,0.9527332,0.04038489,0.84901786,0.6417376,6.5716896,0.24540186,0.52408725,5.461738,2.508414,2.5503154,1.2815759,1.3977447,1.966691,0.46121183,0.22924276,1.9770975,0.06356141,8.959663,3.4647079,0.0025537163,0.00051999895,1.9418831,5.1929946,4.6103783,0.39930847,4.765304,0.13068601
111211,0.3826887,0.09681131,5.2121925,3.6061876,1.6565075,5.5439353,3.49077,8.7627125,3.8385193,4.7698655,9.594353,11.417368,4.949397,38.73665,17.505157,34.00755,2.1036732,0.12291196,1.2737296,30.820976,3.270717,14.992046,12.20851,9.836598,3.9053762,31.633823,4.009557,23.688145,14.169361,0.64674366,23.031237,1.2386428,0.1024411,6.4872036,21.87879,29.505419,0.0007260922,10.066585,21.242352,1.0881987,1.2708279,1.5978252,2.1257467,5.3614607,5.0430393,3.0077102,2.2538905,10.648442,1.9084431,0.7702484,9.604048,38.57177,1.7789962,0.038743448,0.5846542,0.22782205,0.55193645,5.039227,1.1410915,12.56183,0.04436112,0.33707258,24.225538,5.09498,5.7919393,26.070763,0.26476258,0.0038560187,3.4436727,0.00016670141,6.3361673,3.2745283,16.842539,25.958712,6.7846813,15.912683,27.604883,24.24196,16.982368,0.005463309,3.1691053,2.5054405,7.3860607,4.431592,0.90500927,13.357524,1.2589089,18.596386,1.6835359,7.2769628,6.058842,6.2339506,4.5072603,8.43949,1.585101,9.356128,11.980973,35.69305,0.36656788,14.517489,13.730088,16.45195,15.435609,0.0050972644,0.034026653,2.1035566,8.771532,20.369347,45.883278,22.486145,18.210228,0.44268715,1.9519236,0.7410321,4.848958,12.872405
111312,0.12755732,0.2846591,0.106017806,0.06217122,0.017200122,0.004909913,0.21954907,0.06332882,0.042158164,0.0069309077,0.5022676,0.0018902569,0.010566917,0.028328342,0.09452141,0.0666224,0.035195623,0.0048925127,0.19945571,0.016210873,0.7126525,0.0831204,0.5796695,0.03656102,0.053076573,0.013376235,0.06736633,0.08203097,0.13711175,0.0031692956,0.1268941,0.22672567,0.49464917,0.00031420382,0.00047386673,0.115100995,0.17558408,0.005058787,0.053904355,0.22243866,0.0072869794,0.06558654,0.6997074,0.03251873,0.701536,0.013551601,0.16002373,0.008557497,0.014373659,0.11329459,0.7389747,0.47808638,0.14249322,0.00029434077,0.00052192126,0.045595445,0.7068933,0.32586756,0.22194985,0.3194909,0.027706036,0.098691896,0.20616679,0.09055708,0.07721977,0.14217465,0.06437559,0.0092632,0.28525522,0.0872216,0.08155044,0.052752744,0.07928552,0.18626317,0.06913825,0.7691323,0.010365957,0.09714913,0.59655225,0.08927435,0.020143554,0.0028675136,0.8039184,0.056600757,0.05165285,0.029253397,0.053884707,0.02240391,0.25676173,0.04369252,0.017792275,0.101192035,0.00015210891,0.94551426,0.471431,1.0140288,0.11086388,0.0025851682,0.19712624,0.02292678,0.0012407945,0.0002806676,0.06685948,0.044273034,1.24956105e-05,0.066521525,0.048034094,0.02433491,1.0440801,0.45270452,0.25384614,0.65966654,0.1328071,0.02216424,0.23527211,0.037491173
111413,7.1250267,7.3908134,4.6674247,1.7203414,13.444571,4.7632456,4.7900476,7.4159994,2.0406592,10.878352,2.0615263,1.2199622,1.262717,5.998106,0.13342428,4.773533,0.74342126,7.7329087,1.7505033,3.2851398,4.7072077,3.5199518,10.419009,3.2655933,0.9443382,2.2662373,7.586403,11.750981,2.6169243,3.6816983,0.77960914,0.22990395,7.869426,1.4530573,2.495657,3.2249904,4.224356,2.7947803,0.6299572,0.38145033,3.6238377,0.94293535,16.17992,0.2080918,5.3539257,0.24253741,8.087172,0.11944752,4.4737816,2.0199575,21.951468,7.8086257,0.04411534,0.7673899,1.7939283,1.3506719,9.1313305,2.917852,0.66400766,4.9956794,8.272934,3.083645,17.006374,12.273764,1.7746046,5.295512,0.0049529043,0.031843293,4.6623473,0.58138615,0.17686474,0.00038315728,0.2821227,0.082176596,0.19316357,0.6488806,0.37757662,0.33119518,4.318129,7.3733373,0.43143263,3.7657967,11.214619,7.1573763,5.544691,0.8279879,0.021265773,7.513435,0.39070815,0.3627393,1.1740676,0.30846453,0.086372316,8.28226,3.0415738,7.43182,2.0574844,0.8654234,5.3437114,3.017388,0.35694197,1.1515111,0.3358171,0.5073123,3.4543922,0.1762689,0.15259211,0.0030548978,1.5432253,3.1789172,0.4172964,1.9811044,9.274577,0.85633516,17.534868,0.006620919
111716,0.71925783,2.1717048,1.6798273,2.9925268,0.90143573,0.6642498,0.55608165,1.7260027,0.09585913,2.127382,0.22244833,0.2177207,0.07791701,0.2642392,0.038346536,0.022485064,0.0020695704,1.1109895,0.7947751,0.57427263,1.0616577,1.9484999,2.685695,0.5274352,0.015179533,0.3078011,0.49925518,1.5251635,1.3923914,0.25949183,0.031421017,0.00030380412,2.668043,0.18067168,0.113897346,0.0057607405,2.2252266,1.0635179,0.38062596,0.0038514212,0.87425435,0.0008857181,3.3098054,0.0965887,0.9847076,0.038083386,1.5151035,0.035743244,0.023149515,0.110053636,3.8632948,1.2608868,0.05170786,0.039934006,0.008215838,0.10665517,3.1351056,0.47474977,0.29451966,3.0646684,1.3804489,0.55357575,2.8765037,1.3626385,0.5199384,0.00037409703,0.0023199916,0.03129013,0.88265,0.10950003,0.08985958,6.331261e-05,0.011084979,0.49685833,0.4637985,0.028685307,0.05118187,0.0008877983,0.22384837,0.09327514,0.09033063,0.60036325,0.6585338,0.19761975,1.1365563,0.02946422,0.012350645,0.33730558,0.23051934,0.016116634,0.49895066,0.05898242,0.14389338,1.3903722,0.010378518,0.50393933,1.953904,0.5361934,1.7011564,0.021505686,0.12586187,0.03834976,0.3515163,0.40446904,1.0703888,0.010462806,1.2456381,0.8963175,0.50244755,0.21728502,0.98687243,4.695386,2.5046484,0.8919631,2.440456,0.30393976
112112,7.806545,12.12199,5.4611173,0.59629464,24.431692,11.440826,1.265164,12.734385,0.9537626,32.334705,0.013343762,0.28661042,0.06260607,11.035995,1.0544426,2.1372416,0.094258904,13.982859,0.005462851,8.493745,13.761134,8.387116,8.4897785,5.2889404,0.24678129,2.8334079,7.297169,25.517382,0.6527159,2.750987,0.12389292,0.08082512,9.290112,1.2846268,0.762586,3.5714371,2.0496373,1.7587745,16.992184,0.79001254,1.4078472,0.094115384,34.29487,2.0011415,4.6766534,2.277945,8.937826,1.1745743,1.0912831,0.6583948,44.67662,9.074716,3.4849136,1.0872289,1.3600576,0.22420485,10.560953,0.36554456,19.480017,50.818104,9.819637,2.037585,23.270441,17.659437,5.1261687,5.504294,0.5445821,0.8347869,3.5667014,7.319491,0.03519892,0.042503115,0.46830583,0.8670547,2.3569808,2.8528671,4.697367,3.5876484,4.259486,18.986498,0.21748331,4.6755447,1.3947202,5.787078,10.704934,0.02553218,13.224842,6.1769276,11.4613905,0.0031105524,22.01901,3.7978594,2.8688667,10.205001,13.445113,15.05636,1.1468887,0.00053304434,5.3765745,0.6066605,0.78814656,0.5930675,0.8259647,10.819625,5.7675695,0.5573801,2.2445674,0.020167422,19.159113,2.8381274,2.7330337,0.022985471,5.2486334,12.525181,50.9311,4.408599
112314,0.0821317,0.05808057,0.0054391883,0.0056860535,0.024206588,0.15117651,0.066485345,0.18660118,0.41933194,0.15712583,0.83239174,0.28734687,0.09257953,0.3275177,0.9341645,1.3015212,0.0047890497,0.05060743,0.27115658,0.5764735,0.11028202,0.048263732,0.24093753,0.116941355,0.26694247,0.80303526,0.0028408987,0.51872176,0.0057563167,0.1849707,0.14468464,0.0036703933,0.008560722,0.062101316,0.560097,0.01855145,0.005151337,0.042267155,0.07705474,0.025071096,0.0010625919,0.26335305,0.064085245,0.0053769806,0.21982615,0.046505217,0.005100814,0.045809235,0.08147424,0.012064755,0.121150084,0.36876687,0.018244982,0.00048343302,0.010238711,0.013166242,0.13223393,0.096434325,1.4709227e-07,0.30278438,0.0021249645,0.067947485,0.2161849,0.00584148,0.03848088,0.19016898,0.0071933107,0.015453632,0.011303637,0.02370242,0.09188525,0.008258877,0.0004014167,0.14619432,0.116507225,0.037098117,0.17913458,0.30326447,0.05144171,0.44887024,0.04642616,0.031652074,0.065172516,0.4434593,0.11890716,0.00047436252,0.15351517,0.26749128,0.035223506,0.19555323,0.010909653,0.78793705,0.1559198,0.015785797,0.003832474,0.052966133,0.06513603,0.71509016,0.07106004,0.17866448,0.019048264,0.02756673,0.074222684,0.13429637,0.29003432,0.5453047,0.29470024,0.40112242,2.4785733,0.6877106,0.535342,0.11406769,0.013119872,0.0021201246,0.6240958,0.42585346
112516,9.571438,17.190165,6.590943,4.7961836,22.908272,15.16307,3.4953635,13.438069,2.65169,38.552116,0.61995924,1.937257,0.110968076,12.085148,0.62265575,9.710361,0.32898515,13.347563,0.014030752,6.6853294,14.896498,10.306554,12.631747,9.573029,0.45175585,5.000126,12.506637,27.451601,2.6956286,6.3534513,0.9462992,0.45953727,13.500159,1.4273458,1.9606726,3.2160096,2.8019903,2.3143291,12.213741,1.0949788,1.2205383,0.02318241,31.406271,2.567515,4.2074933,1.0377208,10.412758,0.4776319,0.44388324,1.0449045,46.711758,11.671896,2.156074,0.2438557,0.6953155,0.06545857,19.183453,3.1913257,29.530264,50.443398,11.399094,3.5928102,32.571774,20.050129,5.1457,5.0236325,1.906366,0.7237399,3.4864416,9.357886,0.0037680347,0.022855077,0.37810084,0.8775697,2.1653113,4.0036726,5.0970464,4.45366,4.2379427,13.661693,1.2792679,5.532817,12.915728,11.787176,14.447484,0.0074502956,5.7273383,15.553058,9.051453,0.00059334433,35.685253,7.130842,10.293429,3.257233,20.463709,29.373207,0.55556554,0.20920837,2.9441273,0.08741344,5.0907044,1.0048393,0.7222913,21.484337,12.972075,4.6806264,6.8022275,1.5496733,10.546179,3.7278905,0.32119277,2.1959734,4.945023,15.585128,85.076195,0.025303572
112819,4.094775,0.2366794,1.2692113,6.6882863,5.6875677,21.961786,43.223625,26.944016,11.5966215,20.225018,44.906715,53.225014,1.2057083,212.3562,63.76845,80.05448,0.44386792,0.025496535,4.289715,101.84908,17.955984,57.078636,40.437733,62.74774,12.333188,128.88478,15.430577,103.314156,67.880844,0.24872978,85.10079,11.18275,2.2940505,38.449425,114.23183,123.69398,8.883078,67.32608,83.661575,15.4549265,2.7347517,0.050098807,0.5722088,6.197721,39.281048,22.896976,4.121627,26.24372,4.994887,13.744912,37.735447,163.43091,6.982021,5.1980042,5.3671474,8.404767,2.82026,31.427166,1.8220189,79.589645,1.5359674,2.1149952,146.06848,5.42686,50.74507,98.32941,0.62281823,0.0104712155,58.18807,1.9772253,10.492442,9.935376,84.62013,141.6319,26.343855,75.89954,120.85504,126.11936,71.06097,23.479923,25.356684,1.0860076,5.4988585,17.670982,21.739613,49.386852,0.3737177,70.07071,4.3319936,40.5823,24.725422,39.517696,21.454517,9.512313,10.965296,10.279436,36.90315,110.359474,2.0963938,47.529755,18.856907,32.920948,42.013657,0.059083883,1.7199706,9.300378,12.479724,58.974884,243.67224,51.13277,13.060852,4.1187873,11.428555,2.6232815,27.765463,34.033993
112920,3.103272,0.065773144,1.4237248,2.6079917,2.9560914,10.719141,22.080847,13.216579,5.88351,11.4831,21.057768,29.080284,2.6352003,105.35365,35.087322,62.044315,2.0217645,0.37426272,3.2446158,52.795433,7.961635,28.272718,24.816755,28.545202,6.9110565,72.06865,8.928705,52.992363,36.596104,0.01354879,45.2723,3.945571,0.8872648,17.985962,57.7985,64.69373,1.8836056,34.799484,50.250187,4.8968406,0.96128905,0.48581004,1.1856089,4.4296613,26.608269,7.248734,2.9673645,10.723606,2.0936532,2.7265317,20.32903,101.10236,4.6772733,0.34479305,2.8679695,2.2036862,3.417772,12.367124,0.21502952,30.947655,1.3327968,1.7067721,67.13295,5.1735864,18.639658,58.37381,1.5685366,0.5290378,14.538991,0.21416983,7.5227594,4.1369023,35.839012,65.163704,13.422792,45.35435,60.549698,58.715294,37.75649,3.8766341,9.201127,1.7359359,10.39686,16.541368,6.265237,27.101034,4.4361053,25.604328,3.328029,22.607615,15.597878,16.614742,9.936778,11.925503,4.7000036,10.5136595,23.961805,67.65361,0.82570285,28.54751,15.144139,25.299112,23.657455,0.0044398177,0.029936686,4.8033524,10.339973,24.702477,132.99275,31.996649,16.559868,0.31234255,4.3637843,1.1126662,15.874419,24.480633
113215,0.1801037,0.35291925,5.2145605,2.4353025,1.3902074,3.9411798,0.9181274,6.298092,2.3688443,1.7342913,7.96605,7.3486614,3.9383843,20.495249,12.647899,20.85883,0.5618536,0.07127983,1.384716,21.912968,1.2775763,10.02221,9.3244095,6.0162992,3.0527887,22.906565,2.8584912,17.438002,10.143975,0.0048094685,13.385806,1.0523189,0.005542865,5.10017,14.337846,19.946068,0.0679496,7.3630295,11.800673,1.1432259,0.8392126,0.62051684,1.6413429,4.886868,1.6050065,3.0317197,2.471849,8.446569,1.72189,0.83244157,7.5710573,20.609222,0.4672476,9.13387e-05,0.20864439,0.70003194,0.093362354,4.010719,1.584026,11.417337,0.12083221,0.100904375,15.658675,1.731219,4.9656644,13.281718,0.16371572,0.20197992,2.4095323,0.21729636,0.8932341,2.0605686,11.004262,18.385317,4.2271485,12.861446,12.95493,13.737909,11.965754,0.13874231,2.140992,0.54580075,2.3374147,3.010103,0.4452549,4.960317,0.70347905,8.635696,0.6020197,5.8658423,1.292702,7.323097,5.072576,2.5372584,1.5206048,5.245761,6.4253263,22.605864,0.021508142,12.791151,4.8406234,7.9739437,7.4369397,0.120603316,0.32730752,3.0433757,7.020968,9.962205,30.215952,11.2785425,13.022461,1.5343887,4.620858,0.263353,3.6509438,5.154791
113316,0.30060965,1.339047,1.4647874,0.8920991,1.0649525,1.3825414,0.502715,0.81413573,0.20152313,1.7029253,0.11337005,0.0013952507,0.03180157,0.40743548,0.0689679,0.2181873,0.011114675,0.61844176,0.15944712,0.48169574,0.2722201,1.1748989,2.78609,0.17212762,0.05217452,0.38215473,1.0483173,2.175294,0.53751594,0.2648764,0.03695188,0.22113833,0.8120253,0.00019272347,0.07701006,0.120272785,2.3133624,0.997557,0.032033887,0.017544566,0.72778356,0.23826581,1.4855428,0.028882595,0.58820593,0.24281025,1.5087909,0.093978874,0.12045765,0.09414224,2.5803907,0.7789631,0.0009891608,0.14031199,0.039386284,0.38771042,1.7314876,0.00034510085,0.4432035,2.467423,0.29167065,0.3817194,1.7125436,0.32055223,0.14730759,0.010793528,0.15820219,0.09356703,0.39585197,0.05345708,0.15967661,0.06406078,0.023059033,0.32701182,0.047159147,0.45284185,0.0090288,0.0024600069,0.45312506,1.1534452,0.09861866,0.27504957,0.37739328,0.2013952,1.0865772,0.014203141,0.11771948,0.12824085,0.2112789,0.012126683,0.14178963,0.05461536,0.2684778,1.8222184,0.08250105,0.2535349,1.65634,0.5653342,1.0127444,0.20754243,0.044789296,0.06640026,0.21367869,0.08441736,1.1514763,0.008249557,2.9055314,0.18223092,0.11773148,0.028977929,0.14684898,3.5029345,1.3516865,0.4866619,3.2892447,0.1678466
113417,280.77136,298.41974,207.32173,23.863855,411.7455,168.00664,113.06284,256.94913,27.051306,696.2764,0.35931343,19.9942,47.401257,241.29732,6.0954695,159.93958,0.08716478,172.0525,3.7655718,39.16547,320.01346,33.87938,67.344215,60.261875,0.031932186,29.656855,178.9139,361.4313,0.48366258,26.575665,0.80467135,3.9588969,128.5052,1.9336529,1.3551182,21.581501,16.463661,2.0956318,204.0434,50.07727,41.199383,9.333645,585.817,34.815025,83.20128,69.33492,130.7737,18.465914,1.9382354,20.30557,719.4948,243.867,22.608633,14.573804,13.15931,2.519788,190.76883,5.384525,386.57925,774.61835,145.94495,59.682713,257.69113,346.67935,23.159615,186.2002,20.946617,95.27639,0.24677743,235.18887,6.475845,20.151594,49.459213,81.92382,172.64388,202.62823,155.72209,149.50627,34.407738,184.59117,2.1087182,87.80873,88.67076,59.419933,196.35416,2.4245584,138.54611,306.9829,159.94601,1.5949426,403.9319,40.121162,68.170555,215.25446,327.61258,489.92615,6.217421,0.09647264,126.8404,25.212442,38.680027,12.680708,6.4311895,180.21263,110.27916,21.293211,51.743378,0.5947045,191.40514,120.754715,0.37017447,18.850882,228.3665,169.2119,1052.4386,88.5689
113619,3.4735515,5.720821,2.623776,1.301043,8.380606,3.665018,2.0708747,2.9089878,0.65771115,7.769874,0.47418284,0.054707192,0.4404517,3.3029788,0.32912356,0.45632622,0.44637227,2.2071533,1.0584059,1.7467257,3.572255,3.3967392,7.766748,0.68769616,0.37112704,1.1476424,2.7000685,6.500247,1.8083985,0.6908566,0.024126688,0.30828178,4.820379,0.07926077,0.3615427,0.64013094,3.0546532,1.3373704,2.090795,0.19008346,1.1490693,0.009727232,10.43193,1.2662656,3.2931807,0.7985154,5.3247285,0.28513262,0.9565846,0.06532155,14.8193035,3.5865057,0.3989408,0.0002772232,0.10234835,0.027158909,10.630437,1.1901561,1.0188715,8.71088,3.6103592,0.77968955,11.012462,2.840305,2.273056,0.7649305,0.08321687,0.0058425576,3.7929573,1.1460956,0.14111878,0.29941058,0.2178488,0.9794448,0.07950516,2.5915806,0.14660046,0.44886383,2.5749142,1.9371458,0.2574664,1.1963162,1.9808315,1.7520806,3.2853382,0.0780123,1.1684967,1.9272527,1.7833867,0.024361778,2.7898977,0.118508264,0.19142085,1.9290347,0.15831721,1.2062862,8.069806,1.5787545,3.566636,1.0907108,0.03131805,0.005857568,0.21714668,2.7366626,3.6400964,0.1056973,0.10967169,0.9653755,0.6664758,0.5306438,2.9034348,8.672812,4.33362,1.0397937,16.999224,0.029236466
113821,0.03332751,1.1157897,6.7514563,4.590128,3.6125336,7.650751,0.2545329,9.910023,5.822711,1.5356488,11.889692,9.3559885,5.655958,24.964674,13.420095,21.211712,1.4023117,0.22096911,0.589556,23.75458,0.55974627,7.156468,6.313125,6.084131,3.139659,27.737118,3.1510203,16.584143,11.379917,1.8587675,21.44316,1.11546,1.0286231,6.743389,16.938313,21.392931,0.08530875,4.5723786,16.612965,0.4859105,0.39921853,4.056498,1.3790983,3.407338,2.611009,1.8799202,2.9054518,8.107275,0.24822408,0.3989627,7.621134,25.046846,0.6320616,0.047608156,0.08688129,0.04882657,0.06100048,6.239054,0.39574608,9.562893,0.6971739,0.019644314,17.119429,2.987509,6.692339,17.807646,0.00011483439,0.0029655918,1.2597201,0.010998815,3.8626668,2.3257294,11.167716,14.508234,3.512013,8.739899,13.395783,10.402028,7.628874,0.05606424,1.8202435,1.7181219,3.8142302,3.659636,0.6987879,9.054484,1.8570542,10.460269,0.49270856,5.5961065,2.9922369,6.6531916,2.6450133,6.3085575,5.1758437,2.0799768,8.88021,27.508034,0.04794439,12.255141,10.184673,17.544958,15.346362,0.005089501,0.09836324,1.6837739,4.035999,11.447113,25.886864,6.1653743,15.696357,0.524694,3.7111905,0.40409243,3.801772,6.9167438
113922,2.42358,1.2993155,5.4580812,8.706086,3.1169193,22.115883,39.598564,33.1162,12.31408,24.94367,38.831955,61.05873,3.9309044,224.18126,63.16969,122.41516,1.7194856,0.1396841,9.121503,117.182724,15.008586,65.15487,46.816776,67.8926,12.40737,140.24055,14.606195,113.16567,83.13768,0.23014455,107.20561,14.509995,0.2396124,46.856556,141.73196,159.74075,7.784757,63.70841,86.31124,22.407322,1.2199267,0.6374571,1.5894877,9.422547,30.281715,26.046553,7.369261,32.85166,6.271832,13.612995,46.45707,169.51286,9.419014,5.183795,7.7322726,9.110417,1.0112507,40.318993,2.168206,81.86155,0.53663427,1.1899371,147.77116,5.0352864,55.722218,101.15083,0.896464,0.009561264,54.51841,2.474055,18.420006,11.69777,87.56467,147.36588,33.754757,79.68181,133.56082,128.6253,75.73399,22.020134,22.964687,0.65887487,19.132023,25.447514,17.15931,52.5251,7.77278,45.78551,7.893336,55.371674,18.580637,53.52974,30.547148,6.7427106,16.304228,7.1689167,45.940475,141.91696,0.65249354,63.744427,23.505356,38.295353,50.842133,0.6882958,0.7469971,12.183503,17.067001,57.672848,259.07773,38.57835,19.452124,7.6297193,17.942314,1.9497025,40.454357,45.293697
114116,86.135,95.12745,60.43507,11.563247,157.38579,80.306915,27.937363,84.83514,13.730547,246.98137,0.6802754,10.22125,9.837615,80.76254,1.2610589,73.292465,0.54705375,68.46318,0.9378154,20.671522,111.53244,19.859453,34.149025,30.436296,0.8107887,19.3516,71.83486,163.0992,1.4974657,18.858307,1.6224811,0.01679679,53.44145,1.5330346,0.04768484,8.89326,2.3855715,1.0348797,85.48783,16.175125,8.665406,1.3461578,211.00381,13.216555,23.685963,28.266603,46.899956,7.12352,0.9169266,6.8598537,272.63315,86.1601,10.712784,3.581948,5.621595,2.0543385,70.36185,2.338808,176.46526,338.80774,59.706657,22.912924,126.370186,128.911,12.291267,59.961884,8.357929,27.17818,0.4108258,82.60163,2.0241704,4.7826753,15.543319,23.830582,58.0715,60.355686,73.15582,65.16543,16.167513,74.914154,2.1562738,30.61714,57.666073,42.60197,83.37116,0.8328397,39.750954,125.43615,63.218124,0.23016353,201.28879,31.226482,40.194557,53.46366,138.70938,186.975,0.15980697,1.5053892,29.708605,3.6673193,21.75101,0.20392427,0.1383274,84.77097,56.211353,13.378742,44.230995,7.753117,68.31587,60.912106,2.6818867,1.4970527,59.74775,76.13981,431.0671,18.020308
114217,0.16074328,0.10208442,1.2160388,1.2490566,0.7585169,1.6236038,0.036531866,1.991202,2.367291,0.5105446,4.4367433,3.1955736,1.50327,5.1214366,5.854207,5.1901274,0.015860405,0.003308748,1.2912275,6.0100975,0.062315866,2.4863613,2.3946364,1.5361192,0.90576357,8.881347,0.7432457,5.7625985,2.2371855,0.101111315,3.9983046,0.18190235,0.17006445,1.4415134,3.5440855,2.2494042,0.24111307,0.5063526,3.211673,0.94739616,0.15352815,0.88372874,0.83744997,1.5846606,0.5028645,0.4824433,0.84447014,1.3911029,0.045426417,0.08376777,2.0665948,5.8403854,0.030959375,0.0013708223,0.2543284,0.47468308,0.00090133096,1.7921197,0.34160396,2.9925063,1.0668784,0.28387395,5.5335383,0.18092775,1.6815907,2.7152317,0.22600561,0.4588873,0.09616914,0.40765452,0.7699245,1.0766163,1.1282834,2.3184342,0.25073373,1.2733659,2.523444,3.8240483,4.192497,0.20190975,0.60374075,0.2303602,0.031170344,0.7516667,0.1442518,0.7652717,0.6118723,2.5552008,0.013227278,1.333949,0.041932803,2.1750298,0.98027235,1.1493973,0.46896088,1.6440744,2.3313975,7.7345877,0.031494074,3.8084888,0.73349196,2.9890988,3.139614,0.2860023,0.69880885,2.9860735,3.4685748,2.6941023,8.051485,3.8558435,3.624833,1.0879728,0.0778519,0.067461595,2.1705532,6.862035
114318,0.0011972191,0.013932758,0.011691602,0.039424878,0.105255455,0.06345479,0.03795425,0.031788774,0.05881669,0.10093635,0.009248303,0.0024635112,0.100113064,0.0020136181,0.074893646,0.010836566,5.7260215e-05,0.0035729145,0.014666439,0.048661076,0.003967839,0.011783008,1.613794e-06,0.03325158,0.13642588,0.11500832,0.08779745,0.08939066,0.0065563708,0.022246314,0.01720321,0.04049555,0.0077473414,0.004562488,0.023000529,0.043880492,0.053541996,0.0500065,0.114363134,0.009046343,0.0077422746,0.0008015118,0.002217257,0.020287037,0.040183417,0.0049255667,0.002026826,0.009328301,0.0360656,6.111761e-05,0.007105341,0.017722331,0.0041807014,0.014440713,0.0023318478,0.0014828224,0.0011191462,0.0040671523,0.0010133774,0.015220405,0.0042003216,0.023997126,0.01488606,0.03678021,0.024290865,0.008002316,0.04420199,0.000208672,0.09411315,0.03294031,0.004309222,0.004525138,0.0013219734,0.00027078646,0.020019399,0.018163517,0.11507131,0.08235398,0.04412281,0.033879854,0.0017177388,0.05318711,0.19343062,0.00010351829,0.03520996,0.02586294,0.017190812,0.028564706,0.007891319,0.07819864,0.037390947,0.05766889,0.012870713,0.065342195,0.15291135,0.07534441,0.060486954,0.004452745,0.008081914,0.01114548,0.08188498,0.04630972,0.019017592,0.025001941,0.10942347,1.3845832e-05,0.05263755,0.13301456,0.14761302,0.008561208,0.16838582,0.022363408,0.018293265,0.01986187,0.0024356602,1.1624231
114419,0.04474644,0.5814385,11.390393,5.972274,4.379685,10.324906,2.8626494,14.264632,5.7308426,5.082759,20.092978,20.456087,10.005457,48.75152,28.180904,53.74458,0.55788165,1.5351597e-07,3.356622,45.126007,5.826121,24.439772,20.524363,17.38032,7.249457,53.471333,8.025878,38.604057,27.810415,0.17706831,42.17561,3.379235,0.15793209,12.250527,51.604538,68.07164,0.1643015,19.95501,30.707378,6.578051,4.062657,0.47998908,1.9885046,10.863215,4.0240803,4.5020514,7.7243614,19.450445,2.9916978,2.6109338,17.507069,48.394485,1.4341024,0.26544335,0.046641294,1.5595843,0.0082214195,11.335351,2.4168167,14.893596,0.4690119,0.13398032,43.17645,2.8611434,18.840385,28.701391,0.061507266,0.0120734405,8.801099,0.3433203,6.31688,6.228218,32.40881,50.370857,15.190874,31.650421,50.20959,43.634468,21.910902,1.1994357,8.724062,0.7929953,9.0802555,8.163628,2.9620965,12.669886,2.548547,14.585766,0.61785644,17.310034,0.92940676,19.159166,13.033208,6.153275,0.63817894,11.247257,21.860487,66.6825,0.041762162,26.718616,8.5471325,16.432917,12.666331,2.0842974,0.4548097,9.41026,25.583803,18.567827,90.40383,23.526913,27.525942,1.9267426,7.1290393,0.010704899,14.682521,19.136591
114621,2.9363096,8.188456,4.5044675,4.637464,4.969974,4.5451374,2.056022,4.3583164,1.3054804,9.4394245,0.63696074,0.4874644,0.64601827,3.935763,0.0051275436,1.0030335,0.54071516,5.9744434,0.43187085,2.9523993,4.5700636,3.833088,8.895803,2.9338248,0.55529857,1.8299518,3.9816957,6.729716,2.9220004,1.3780482,0.39019024,0.0040188762,6.350879,1.5907276,0.29478717,0.96085405,5.245633,3.242328,1.3425213,0.10697714,3.14342,1.062588,10.339402,0.041885447,1.7771288,0.0038391796,5.601402,0.50279534,0.17800914,1.1536565,12.977848,2.6059153,0.35195974,0.079495765,0.2969481,0.010981235,8.147145,2.2721794,2.6637094,9.098178,4.93953,1.52273,14.455349,5.1628804,1.5989088,1.0288632,0.04899897,0.001260499,2.6508293,1.0842243,0.41335535,0.0682684,0.33941573,0.002584029,0.8084667,0.0010359023,0.005715299,0.025699297,2.6942973,1.7558513,1.7216419,3.3279297,4.071374,3.024146,7.3296046,0.56821334,0.027728816,4.185512,0.30774045,0.0022225655,5.3524585,0.41531035,0.54772156,1.743379,5.328981,5.4072027,2.6625247,0.57348484,1.7211608,0.34410053,0.26983854,0.12433622,0.019825285,2.084095,5.687421,1.4717622,0.49562043,0.19494323,1.9257555,1.1675828,0.473572,5.8908153,2.9622529,4.524259,23.60025,0.23351116
114823,7.3264318,0.54810554,3.3598688,11.624587,4.811387,33.53293,71.14513,50.149296,13.765282,33.05607,71.72908,94.81062,4.3490586,343.95383,97.775894,169.34392,1.3576452,0.7644754,5.120118,158.02357,21.165022,78.99709,56.092262,105.93607,15.131532,214.85954,23.35235,162.41377,130.17819,0.69008553,165.61646,19.06249,3.3972578,58.87331,178.5998,230.22014,16.783886,87.45727,127.01119,31.749155,3.14091,2.2630608,0.24430113,12.20864,64.22053,30.303757,6.568546,46.282066,5.577562,19.341198,61.189465,280.6236,18.324083,8.717794,11.683035,11.896182,3.6881638,46.40816,0.7725206,86.07549,1.9505146,2.796991,212.3663,10.989574,70.97812,178.31245,3.5356543,1.3298376,71.209854,6.2690163,12.242927,9.331091,134.68768,215.6337,48.12366,115.991554,180.8791,182.15405,116.10047,37.369823,40.12126,0.8912911,32.572773,41.55804,24.368261,93.20256,14.598074,67.85836,15.348318,80.279945,37.58901,74.11718,40.69104,13.399978,15.328112,12.6928215,72.06441,226.76047,2.3391201,81.9131,41.872707,65.82745,78.30124,0.6890745,0.71216816,25.831388,19.536898,91.493576,390.898,75.04319,43.017036,5.9967246,19.013401,2.143014,68.59569,76.49846
114924,1.391281,1.2898626,13.351796,9.739083,3.5279086,16.248955,9.022284,21.894356,8.120405,12.1953535,19.02187,24.44111,9.547553,98.71257,29.974386,70.302246,7.8108234,3.9052815,4.712833,58.73993,3.3771982,34.13483,20.949476,22.297106,3.8330379,71.301056,9.1034155,50.05443,38.000793,7.6502023,65.48506,1.7580825,0.0026638375,10.99541,61.92173,92.786224,0.6344589,15.63682,48.367313,3.1279514,2.3036578,10.536103,0.6399648,7.6023755,10.416685,4.0162654,5.1815763,20.613583,0.3733377,2.0621402,23.594622,95.59272,7.0533614,0.034887027,4.551092,0.33786094,0.5383598,11.445233,0.012681142,12.303591,0.012644869,1.3167646,44.549843,11.641806,11.941912,60.39359,1.9845545,3.6964235,1.3363721,0.18909782,10.959325,3.7398384,33.321857,47.825996,17.867813,32.072563,48.79881,41.121952,23.787947,0.0057374835,4.103883,4.313421,15.308751,10.0798025,1.167125,47.05021,2.9145694,38.59844,6.074,18.006174,17.716589,18.613428,5.352303,15.628996,7.617604,12.180901,32.03671,95.02512,1.159425,28.425695,47.793327,70.8517,55.473896,0.023133712,1.2919444,4.6203623,29.636625,41.69358,115.69639,22.241907,25.912567,0.073475584,11.650181,1.7118193,13.208046,35.063057
115017,11.168228,15.103056,5.390513,0.8277575,27.257732,13.450584,1.040975,12.887454,1.052564,38.267426,0.07624631,0.43646553,0.0030825166,10.375077,2.6519618,4.9059415,0.12401224,10.458023,0.046367113,5.703924,23.57309,7.0558186,8.970222,6.0804157,0.6399015,1.3943837,7.263586,25.47641,0.2454771,2.9081175,0.053846706,0.042556085,9.844092,0.24551083,0.57365906,1.753495,0.5080827,0.34331495,17.687386,2.8333416,0.0514908,0.332651,36.032097,4.6417923,3.2102466,6.0833697,9.079725,3.056614,0.12848704,0.5496602,54.070488,10.272061,5.0720787,0.22122572,0.9646124,0.031539716,18.81825,0.17459217,32.911606,65.70471,9.324161,1.1273899,28.954191,20.841856,8.375181,5.292676,2.066921,2.0853186,3.4949043,11.244999,0.027967552,0.6508774,2.1869793,3.6079314,5.994247,10.537267,6.7225184,7.5409408,2.6533818,13.338093,0.044832826,2.561524,5.998368,7.170113,11.78672,0.9383209,11.397147,14.116855,17.965332,0.095628075,38.01846,8.978904,9.277594,5.114851,20.369137,38.619637,0.6931258,0.4461152,3.6427763,0.0075811413,4.8876395,0.7977232,0.3271171,31.120064,9.038826,0.78406924,8.343102,0.587049,20.475359,3.0246973,0.2021034,2.1388898,3.7978702,21.6979,73.01743,3.152233
115219,1.9382493,0.64641774,8.666831,6.265251,4.434538,16.080648,15.557018,21.439617,9.604522,12.731598,24.01958,28.977509,7.239528,116.52152,41.27508,78.78592,3.548161,0.51382154,4.2798405,68.36311,8.01773,36.818417,25.833067,33.280136,8.014377,80.46229,9.695973,63.01969,46.46009,0.85431653,68.63933,4.110513,0.32570875,19.514664,76.15161,94.16485,1.7426475,31.366013,48.636078,6.518472,3.7190053,3.1963634,1.7352648,9.117081,15.575211,9.579111,7.5561743,26.05163,3.260402,5.708353,26.372213,97.52614,4.842495,1.3362755,3.2806585,1.4510715,0.84839547,16.59173,0.17223977,29.170538,0.22795111,0.8240548,72.90105,6.013045,21.56485,60.19183,1.0030689,0.7439177,12.82731,0.0821889,8.976724,4.2667856,45.75049,77.21827,20.368038,48.823467,70.175705,65.725174,39.83475,4.6277027,10.472017,1.3681165,5.293997,8.108923,5.345587,36.579624,0.8048363,44.331955,3.9932227,28.036879,10.778211,25.59654,15.371231,9.873765,8.145481,8.512126,30.063303,97.76829,0.37688062,40.648632,25.052977,36.714756,34.593586,0.76636463,0.00027238956,12.042976,23.547682,38.81025,137.05112,29.242205,18.54034,0.25701302,11.555499,0.7927873,21.106873,24.266163
115320,1.169981,1.0247962,0.8123874,0.08299124,0.5818299,3.12217,5.926877,1.8149567,3.5481956,6.6401386,6.4667945,5.9541216,1.0945181,40.029644,10.955273,15.151931,4.7904167,1.6584567,1.2167135,14.242763,1.279187,10.908741,6.7500873,2.833895,3.9564352,24.561405,2.2096164,16.631601,5.1727924,0.41731066,10.3384075,0.012047477,0.6460697,2.1785698,9.782624,10.320332,0.067004204,4.8752217,18.311672,0.0016134625,2.3558187,0.70911777,4.0315733,1.1276023,10.872946,0.39669666,0.16976207,4.7742662,1.4385388,0.009300596,7.2376833,48.423553,0.31195706,0.85733116,1.0272253,0.019943789,3.7221076,0.84305274,0.015837643,6.939048,1.4436527,2.7090473,14.699626,7.1516633,0.18769467,28.74707,2.1505017,0.36287457,0.36607984,3.1873107,4.4366417,3.8780308,5.8665977,12.318158,2.1606576,13.348127,15.860193,17.996061,6.0385857,3.2466886,0.25682986,6.877373,3.7509,2.8718853,0.72981936,8.739515,2.3045719,16.352167,0.67774254,4.0998683,7.980225,0.88086516,0.78033274,9.514151,3.6087902,5.360127,4.244294,12.73262,0.09272249,7.171833,13.897324,12.102332,15.962745,1.8297186,0.24664406,0.18208937,5.455084,6.2222123,42.079918,23.334248,14.668523,0.013286738,0.0036252858,5.3079257,0.5525205,4.11063
115724,0.0063191657,0.04910517,0.3809168,0.015955795,0.687481,1.2512354,0.47943094,0.73476696,2.0308254,0.94828415,3.302445,1.669421,1.5285019,6.5529723,3.9412744,4.7629986,0.6990263,0.41497102,0.21685842,3.6462736,0.17505068,1.4306082,1.347244,0.4920361,1.1194204,7.885653,0.6930731,6.07194,1.3543228,0.39511442,2.3176253,0.050067168,0.023817625,0.70169824,3.9553995,1.9513477,0.002905204,0.6141171,5.4205437,0.02306517,0.14888616,1.4060147,0.29781395,0.6326463,3.2329502,0.081227176,0.017992057,1.5431471,0.2754783,0.077559076,2.0945446,7.468621,0.003621332,0.20982903,0.06368058,0.13156204,0.41251883,0.5555062,0.00050220167,1.5506696,0.035046656,0.17151882,2.9013214,1.0739324,0.45331526,4.616757,0.09635383,0.002162876,0.0684593,0.0132530285,0.002643756,0.5479061,0.9697703,2.195097,0.18500079,1.8928562,2.2261314,2.8079228,0.81062704,0.50948095,0.09927228,0.99372685,0.18370537,0.45043236,0.2106503,1.4485966,1.4968128,3.177592,0.06828618,1.4739089,0.9344519,0.9813762,0.9916502,0.73623,1.7883418,0.3148763,0.65998346,4.3337026,0.0018277079,2.693209,1.9200085,1.2996321,2.7826965,0.014575376,0.11153937,1.0418468,1.663475,3.4759266,8.079983,3.1810038,2.5446188,0.009338885,0.10389857,0.35732788,0.9086179,1.5859079
115825,0.27223006,0.22000359,3.0532331,2.69154,2.9741225,7.5631638,4.7746677,7.255113,4.2860527,2.7055974,7.812924,11.85375,4.1852984,38.053402,18.098482,29.414917,0.30921143,0.072134584,1.7545582,27.093643,4.3605905,17.633038,13.703137,13.798631,3.5606515,33.69291,5.182198,25.846092,18.892305,0.049031775,26.817625,3.557358,1.29628e-05,9.655637,29.8694,37.727238,0.009392998,15.861733,26.223248,3.3263338,1.735342,0.32379472,1.1416454,3.830485,5.4853034,3.1850219,3.4831865,9.126664,2.1822894,1.5093898,12.978948,40.332966,0.3891795,0.029574571,0.062360305,1.5841004,0.36875513,6.1841955,0.041979197,8.180299,0.00031615695,0.66913074,31.598608,1.8351419,11.712393,20.501898,0.015866205,0.17743358,8.533885,0.0033621523,4.356437,4.2883263,24.206451,37.19074,11.790465,23.443335,28.99679,27.278812,21.677872,4.699646,7.0955267,0.464482,5.2507806,5.6796227,2.6986778,12.833481,1.1612393,13.889244,0.25023562,7.5808997,3.361339,10.187924,3.9948738,6.740715,2.602983,1.5241355,11.018998,34.201397,0.008537283,16.197716,8.405163,16.701464,14.236018,0.05358582,0.0034054944,3.627045,8.329586,13.979084,59.129852,13.396094,11.831184,1.7824091,3.5590208,0.08668451,7.6954474,5.5946527
116221,0.11702297,0.07257188,0.448429,0.62934005,1.0885302,0.18849428,0.4226204,0.08461639,0.33115032,0.39043608,0.005592443,0.64030874,0.037469212,0.021525951,0.16792513,1.3969668,0.01194235,0.31111258,0.3439447,0.020238098,1.8029845,0.025129965,1.0379304,1.1453837e-05,0.4298796,0.18667153,0.18458791,0.5273072,0.2642262,0.11958812,0.0025530115,0.114206895,0.89893806,0.1679096,0.34458315,0.45262665,0.6217319,0.36785674,0.22717653,0.018778823,0.5241112,0.2830537,1.0445882,0.008758065,0.7183021,0.0049633295,0.5042084,0.1310169,0.3702171,0.0736971,1.7160954,0.25027198,0.19029042,0.19451949,0.03808283,0.002546757,1.9010613,0.09338265,0.042191677,0.5786751,0.67699796,0.009260965,2.0558367,0.11254594,0.084843986,0.016506027,0.04862742,0.025022307,0.31420827,0.035574593,0.09723909,0.08969171,0.08779044,0.15473074,0.4554069,0.001451474,0.014716549,0.015228877,0.20265736,0.009044586,0.12098791,0.06469547,0.0017381602,0.025320737,0.2001826,0.0068417476,0.04291467,0.7783938,0.07841287,0.00034534783,0.054058377,0.09179719,0.06585116,0.48367584,0.5684483,0.012880829,0.35504872,0.13095227,0.12178517,0.07628545,0.1421807,0.15326478,0.0023437992,0.0008891823,0.003103156,0.51953644,1.8865265,0.42202255,0.21595898,0.087851994,0.124076016,0.24666677,1.5819166,0.2784553,0.12457661,0.16104746
116423,5.594237,5.5951324,2.4241838,0.2997693,12.110111,5.0875454,0.88390636,5.156611,0.104772665,10.00739,0.3903041,0.1589856,0.071088344,3.4937005,1.0593026,0.36626947,0.16660161,5.6529727,0.02159611,3.1417227,8.140587,5.040295,7.952018,1.9453273,0.10301454,0.4276127,3.5147703,11.220752,1.2521551,1.5711932,0.0015747795,0.048644643,5.181361,0.56500995,0.28868526,1.8556247,4.4122972,1.8416952,6.039877,1.051503,1.0771854,0.0033891432,21.475183,0.5916271,3.3725214,0.34069887,6.3086543,0.48357236,2.3658154,0.88735753,31.321516,7.399954,0.75557804,0.99161017,0.76947296,0.021074753,9.505486,0.2003792,5.8487267,24.305208,6.2027445,1.0995871,17.336248,8.5567,5.8871064,2.6099277,0.03404728,0.22013226,4.6574187,1.5544329,0.26724848,0.039276987,0.070409395,0.8352867,0.7507765,2.260912,0.75819004,0.9741657,2.3754294,6.6573935,0.3300276,1.8458673,0.48564637,0.548562,6.6326513,0.07049441,5.54065,2.2053256,4.8518257,0.030454714,9.3796215,1.9422529,0.51404065,5.2266483,3.88678,6.0422316,2.2834227,0.018505577,2.653386,0.35536104,0.35379383,0.107045054,0.6164402,6.183606,2.7770987,0.011173627,0.003782043,0.65862215,3.0455222,0.46652496,0.12307488,0.38254106,3.165194,5.0428348,23.566313,0.116415076
116524,13.466463,20.730625,7.659255,3.3475888,25.849985,16.850176,2.4519413,18.05777,2.0665536,52.66232,0.05525573,1.3912936,0.057537816,15.921156,1.2259674,5.934496,0.26327544,18.492811,0.013685823,11.971562,20.34031,10.558042,11.535034,9.721787,0.12708214,2.8744903,11.005782,34.960323,1.6705701,6.1643267,1.040873,0.34790587,14.163201,2.083341,0.47373182,4.2973256,1.3739505,1.7465849,22.770527,1.1815122,0.79323286,0.0025181328,46.705254,1.497541,7.3980603,2.6542692,12.6417265,0.63715,1.8786083,2.2587676,64.76715,15.272553,2.2209022,1.2054539,2.1130438,0.2519504,17.286776,0.89872766,36.095966,76.7987,14.698198,3.5652049,41.97785,28.07906,7.03853,7.881499,0.4541401,0.913004,4.682529,9.280014,9.545797e-05,0.037969135,1.0532231,1.8596306,5.776203,7.1678996,9.603242,8.940326,5.8430405,21.156916,1.2590622,6.8539414,8.361075,6.032138,20.592442,0.0048715957,21.333984,20.417913,13.001048,0.05480304,42.589996,8.629427,11.274414,4.5989733,29.352034,30.881819,0.29306215,0.94660825,3.614117,0.0011529749,5.999234,0.26163372,0.32621527,26.210297,13.886186,3.4341774,4.153918,0.04597978,19.451118,5.0313177,4.844426,0.04866159,5.548515,20.707401,84.4138,2.3246307
116726,0.20439412,0.021206466,0.01689907,0.009505023,0.009001827,0.31180987,0.046232473,0.003367807,0.011446027,0.20605645,0.13185282,0.08798382,0.04038616,0.038493067,0.046779003,0.09473027,0.02102197,0.0015742236,0.203289,0.07481446,0.0072038546,0.08762645,0.13235395,0.012863936,0.00011433289,0.090759486,0.010795052,0.007590631,0.035745814,0.038059294,0.008046932,7.3068666e-05,0.3078069,0.23428251,0.18350637,0.112184815,0.0006599587,0.012592938,0.024749964,0.031025575,0.023851397,0.055217918,0.23324667,0.37000912,0.10033973,0.30865705,0.00033838284,0.098881446,0.048808582,0.0010581356,0.03028331,0.009575059,0.00045108426,0.0010934888,0.056107055,0.0051907008,0.2619582,0.00042922475,0.8160371,2.4193904,0.06901315,0.031617228,1.4114601e-05,0.0057668854,0.10190986,0.048419528,0.005178958,0.061061796,0.84697944,0.03371181,0.00019008058,0.0027122307,0.0031649317,0.064670764,0.13905135,0.09040992,0.03258876,0.055781223,0.49076155,0.020878378,0.067745775,0.023807764,0.37256512,0.046159964,0.031759344,0.090412505,0.02807501,0.18044555,0.020124093,0.3072236,0.016925579,0.08174164,0.015555875,0.02643443,0.2976649,0.85134095,0.31056753,0.013039624,6.898413e-05,0.0059555145,0.25278282,0.13938574,0.122844055,0.13053605,0.0021002917,0.00034608148,0.086594574,0.18066904,0.0368758,0.021841483,0.28856352,0.74561733,1.1719717,0.058408372,0.13731264,0.0007318615
117021,11.47189,16.911541,9.527023,6.443272,22.733612,14.2053385,3.931998,14.309611,2.7429106,38.76979,0.6499853,3.2862854,0.3513891,13.506232,0.036926866,9.33211,0.4926365,13.62601,0.037387606,5.720966,10.92916,11.389022,14.437166,9.534774,0.5567825,4.851368,11.023695,26.896044,3.2535868,6.5345817,1.0423685,0.7168483,13.450786,1.3371636,1.1411928,1.3013955,1.5572616,1.7377069,10.140016,0.80109775,1.0899819,0.07719874,34.889202,2.9759924,3.7410035,1.3453707,10.750832,0.30029646,0.52501243,1.8068262,50.126007,11.358926,1.0299344,0.031124437,0.9405036,0.0826565,17.829967,3.187029,25.816124,48.412956,13.121465,4.353228,31.972578,21.715256,5.5098925,5.891673,0.85501105,0.8007284,2.9313378,8.34793,0.019100701,0.0054562115,0.18260056,0.5492112,1.5130942,3.6348476,5.715373,4.2520556,5.9073524,9.490417,1.6923001,5.148268,13.845049,12.135211,17.98836,0.020674044,3.9854686,18.860857,7.1345263,0.048152722,33.991768,10.487979,8.455241,1.6310695,22.73925,25.289228,1.0059636,0.087926865,2.1586163,0.045841977,4.641069,2.1206255,0.59184694,18.709093,21.900528,12.050117,11.0584,2.6658578,13.705743,5.844388,0.8899694,0.09293994,4.5290365,12.886748,97.380905,0.4702292
117122,0.727936,1.1859332,8.003349,7.8790894,3.728668,14.096214,9.272603,25.4637,6.8456,6.9291234,21.869722,30.467005,8.604417,84.7181,35.74296,77.29697,2.4194424,0.46535018,4.4169436,58.30246,4.6109076,24.856768,22.848547,28.847967,10.085636,72.89156,11.619197,58.09488,39.20435,0.94321775,63.42701,4.761338,0.0014504966,18.265076,55.7072,73.35997,0.90144676,23.364935,47.537006,6.4921575,3.540781,3.217465,0.93558294,10.316346,10.098539,8.907023,5.1578555,21.908165,2.0113366,4.1843367,22.804224,72.98764,3.4336627,1.4440447,1.829212,2.050975,0.47537118,15.925618,2.306333,23.238607,0.014004724,0.18951364,55.51621,2.9365473,16.850243,47.201797,0.31954372,0.37544027,9.996113,0.59158385,10.247921,4.01097,41.285156,60.654327,13.242407,26.737106,54.447414,46.74368,27.42431,1.0907372,9.984285,0.69697815,13.45312,16.049778,5.1309943,22.928644,3.8198323,20.046331,3.0675302,30.000975,3.9230347,25.937511,20.780151,5.0048943,10.425994,7.4091716,31.675692,96.36603,0.008487872,34.13425,14.531428,19.934408,26.01693,0.7814556,0.40455306,4.973263,14.29333,27.674932,95.92535,21.551096,34.206936,1.4328972,11.804443,0.36416852,14.570022,14.816521
117324,4.0832863,5.913789,3.116349,2.463118,7.3277407,5.5208626,2.2512622,4.5819407,1.624776,11.24218,0.35743883,0.27448392,1.093803,4.0056534,0.011586145,1.6848949,0.43177667,4.2805557,0.306774,1.8464348,1.9930518,4.736886,6.04374,1.9291238,0.561585,1.591924,5.858907,9.09636,1.8679619,2.097846,0.27898085,0.036967814,7.903302,1.7336003,2.0910156,3.3583462,5.770147,1.7793804,1.1469156,0.015135253,2.1348195,0.2630641,11.833433,0.23566796,4.204979,0.0038994283,6.9354396,0.0055354144,0.82751316,1.3111374,18.896402,4.7362237,0.042591687,0.018542346,1.0761651,0.13483758,9.494633,1.7028195,2.9583402,10.828017,6.5281105,3.6293604,14.69701,7.1110225,3.7659535,1.9717531,0.03833949,0.07302976,2.5821075,3.1650007,0.20400594,0.0937973,0.06432312,0.026077766,0.024936609,1.1724513,0.3167612,0.38473266,2.3228388,2.663197,1.368971,2.3003008,4.689901,3.4970186,6.490357,0.08577115,0.7676758,3.5919678,0.68737197,0.024623808,5.1227984,0.9602169,1.3732927,0.43585256,1.6967262,6.605082,2.8568568,0.30173633,2.4688306,1.1922349,0.5584012,0.31056738,0.025088686,4.342847,7.0290956,2.0028539,2.562789,0.7644206,2.6578948,0.497693,0.2760893,0.8431747,3.9196746,2.4226015,28.017416,0.1329627
117728,0.052343126,0.090143725,0.4065855,0.3539495,0.14290853,0.250983,0.10882624,0.18225875,0.01364363,0.36272544,0.32279298,0.06223408,0.0010075549,0.29142153,2.3603803e-07,0.11490758,0.00017289064,0.2066214,0.03141287,0.08614841,0.0190376,0.16310695,0.7934108,0.18160978,0.07606425,0.057752125,0.46576622,0.19051082,0.0696704,0.0010125266,0.039440833,0.021664828,0.29810336,0.014157337,0.0006063893,0.012378763,0.010593752,0.011826304,0.28118867,0.030997971,0.028927969,0.06826557,0.048923563,0.25671533,0.027714685,0.11103962,0.029897982,0.0004488716,0.045045,0.09388083,0.02193058,0.0029429172,0.028686952,0.27035937,0.003950989,0.040541306,0.38781005,0.0049801185,0.109032325,0.00042534372,0.001745756,0.09107963,0.019766297,0.009085287,0.06608715,0.0025963753,0.0072064195,0.06444423,0.11310385,0.0045017186,0.0037182183,0.023266878,0.0317743,0.0012772189,0.015366399,0.0722018,0.0039543435,0.022520825,0.023891138,0.105414025,0.026416298,0.25106704,1.1072203,0.22759505,0.069567904,0.045946147,0.1726627,0.6497606,0.0062542474,0.00082424615,0.03293224,0.099755734,0.005133114,0.18930751,0.0083908085,0.043581903,0.016896509,0.03400488,0.013951268,0.002080367,0.32523146,0.2869097,0.023071943,0.0016774499,0.037893318,0.056660444,0.14185838,0.12313181,0.039975997,0.03444606,0.7207281,0.023432251,0.5894239,0.026539115,0.014837935,0.005221377
117930,0.19926736,0.49372584,7.808102,3.2071252,2.6883976,4.9608893,0.4928914,8.756785,6.560727,2.3068488,15.09415,11.761885,7.0168686,23.281544,19.469378,28.680458,0.5351409,0.09405077,2.0839286,28.934002,2.1453,14.310653,11.917554,7.3351645,4.3507724,31.0527,3.6407464,20.978378,14.497766,0.6593452,19.961557,1.4383916,0.04935543,7.171007,20.111343,30.707426,0.057889875,8.178986,15.32135,1.2953604,2.5050104,0.85997957,1.4927517,5.3789344,5.0357027,3.2864122,2.603935,7.970278,1.6248031,2.178826,10.469473,24.607574,0.2943769,0.035008125,0.3783817,0.28204572,0.055353247,5.0720572,1.0653971,9.471379,0.2824989,0.0120037,18.663626,2.199109,6.703025,16.917164,0.015720453,0.14084543,1.9167845,0.0027167771,3.1904485,4.2858324,12.765538,20.246498,5.219396,14.747806,19.872725,21.318632,13.107539,5.0137634e-05,2.9551334,1.249098,2.1093085,4.9821906,1.3848476,5.707766,1.4088053,9.077274,0.23430975,9.100328,2.336811,7.4998975,4.525727,5.3585896,1.8372997,8.243685,11.540003,29.802984,0.035918437,13.1198635,6.70131,13.211358,12.301029,0.10801852,0.7614752,6.2048025,16.324991,4.8078055,45.355423,16.088531,15.921221,1.9591385,3.0243754,0.29911843,6.5826616,11.172484
118023,11.196984,10.98175,3.8456967,1.076455,22.21915,10.137257,2.3791468,7.1334286,3.0283456,28.207342,0.5585009,1.1529903,0.6144504,10.025204,0.11005688,8.191113,0.77619153,10.6147995,0.24910039,5.849465,8.363632,8.185032,7.636886,4.0557885,0.15717585,3.7170966,9.280816,20.327131,2.4973416,5.731081,0.6626883,0.43958867,9.219576,1.6583363,1.74727,5.999933,2.459885,1.8988726,9.025071,0.42771792,1.6072844,0.045541056,27.179623,1.4279177,4.4505773,0.5428791,9.439721,0.54149693,1.589439,1.2621909,41.247314,11.019222,2.0176084,0.17079677,1.8369336,1.1249956,14.456575,1.3759102,13.520792,34.31822,9.41659,2.8728323,28.895885,16.582947,5.936103,5.2140837,0.4019922,0.09236228,4.617209,4.6969743,0.19600749,0.0026015744,0.018638369,0.13404183,0.4295617,1.7821028,2.2435362,1.6522808,4.7489433,14.027225,1.1209743,4.070356,12.8731785,8.336581,11.783969,0.052723788,3.413661,11.288846,5.8731723,0.077882305,16.51869,3.0120633,3.2301342,4.295011,13.482438,13.65818,0.54673076,0.09682014,3.3791807,1.0403129,1.6748103,0.008488888,0.08355587,9.25795,6.7372627,0.68701285,1.67995,0.022831844,5.2516775,5.3932433,3.2412517,1.5835416,9.23652,11.755123,40.417843,0.22055066
118124,0.0042577544,0.060834743,0.015321241,0.10086242,0.039087042,0.004363066,0.3962573,0.03351779,0.0058506723,0.2828362,0.052051503,0.010709833,0.048945628,0.3060458,2.209621e-05,0.00025664613,0.001470246,0.006641462,0.06651696,0.044825558,0.0024385615,0.18757616,0.007975519,0.0046919943,0.0020817902,0.0025046705,0.020217888,0.2158919,0.0014912186,0.008343813,0.0002821174,0.024647636,0.027586764,0.05572777,0.00023048645,0.13088882,0.17021577,0.08957358,0.0032256586,0.031117572,0.05042758,0.042827047,0.09148289,0.09935813,0.27172375,0.056720987,0.12156687,0.06333953,0.038218066,0.08847186,0.04528441,0.003808139,0.008541872,0.11373796,0.036730558,0.021145126,0.031122115,0.075221024,0.018764287,0.074344784,0.06856093,0.022370968,0.0017873328,0.0011706726,0.00012813149,0.03878879,0.108224526,0.0190637,0.14670832,0.014225894,0.15208112,0.011090465,0.04579064,0.037153058,0.3042039,0.40017027,0.18588372,0.5904862,0.013308787,0.012142106,0.0120506175,0.12942043,0.005232051,0.016796172,0.0748364,0.052477848,0.008083127,0.15562406,0.00019530463,0.0010065316,0.43409017,0.0082553895,0.18505633,0.35853767,0.049659133,0.0029139232,0.008342703,0.0023285532,0.009037943,0.08999704,0.3868644,0.19160563,0.07527141,0.028550817,0.37354887,0.3910443,0.008622977,0.13755636,1.6690361,0.40320653,0.0060259425,0.06559579,0.0029065213,1.0300709e-05,0.18630226,0.054100752
118225,0.0004629714,0.27355137,0.016622204,0.0027230913,0.025686303,0.0018190364,0.078887634,0.14001882,0.038118765,0.005563019,0.032922518,0.03312092,0.10665447,0.108850665,0.019140033,0.3885764,0.0007287871,0.00018306554,0.12392767,0.027696077,0.020349417,0.020755908,5.2544583e-06,0.0019867425,0.014832272,0.016118625,0.5484185,0.15294221,0.014462849,0.046692103,0.02456538,0.012848203,0.04836704,0.00045485262,0.16129778,0.020315414,0.023691008,0.18015763,0.01277944,0.0011641516,0.014242506,0.10376914,0.00025110843,0.00929586,0.047077976,0.095422134,0.004386458,0.0035799225,0.1461956,7.769329e-06,1.7754545e-06,0.020399084,0.00701293,0.0021051294,0.0013091464,0.052758407,0.02460342,0.14605775,0.0144410785,0.6124222,0.014492876,0.065992475,0.027719686,0.0032841952,0.011604325,0.04252403,0.0005111434,0.011706956,0.0061229607,0.008935357,4.443542e-05,0.00258422,0.20206682,0.01455832,0.0017246207,0.0008030634,0.030866073,0.025297083,0.11512362,0.118908614,0.10486738,0.032911934,0.37219355,0.22716817,0.038865022,0.03285003,0.52413905,0.013773249,0.002251964,0.053164586,0.07841781,0.18031166,0.007994832,0.1787843,0.04001809,0.20495372,0.015394089,5.6716668e-05,0.00084046676,0.0047074566,0.043986283,0.06698972,0.016904939,0.1168372,0.017493637,0.023877805,0.0040220735,0.09184417,0.028193666,0.45276484,1.4062796,0.23780523,0.13096268,0.30606163,6.9805516e-05,0.22481172
118528,12.46516,1.2976997,1.1497413,16.018457,5.9602213,50.914814,131.96434,79.9001,19.317638,58.96732,100.36053,150.59216,2.9285154,547.60266,136.40482,235.50494,1.1998428,0.9836288,4.430498,225.47702,33.18499,116.02327,73.26763,159.42673,19.605984,319.3554,33.515697,253.71825,217.55997,0.68228436,256.85666,30.43776,7.8017225,85.205444,282.5721,358.7826,38.219532,135.35414,205.40936,56.5627,3.437429,1.4849968,0.7756394,10.449821,114.63662,52.7232,7.547113,64.19355,3.0158546,31.358162,90.8648,428.37466,38.318756,16.963882,22.708218,19.213753,6.5567484,76.988754,0.50166684,135.32097,3.826011,2.5610461,332.59247,12.952238,116.3742,269.05157,10.292347,5.128777,110.69178,7.8663845,14.940407,14.335174,214.02052,336.2864,88.34142,188.1281,280.2525,284.20438,199.2965,77.17516,63.46076,0.13304846,58.761414,67.02889,41.779514,157.48077,21.756037,106.89857,26.281502,127.29339,52.910927,130.07356,63.602745,12.772083,19.809069,20.623049,128.73,371.46732,2.9568198,121.58029,55.596817,99.121086,117.87253,1.5540699,0.83879626,46.993374,21.485424,123.96659,621.40857,98.8242,58.99022,14.711599,38.105156,1.4330456,117.3014,124.005646
118730,0.0052166,0.25903386,1.5803256,1.1407298,2.1982808,2.401336,0.09435533,2.7886255,3.2488418,0.4741638,5.1583123,3.4555378,2.0817587,6.516847,5.783799,9.19281,0.03503234,0.009036851,0.79061395,10.595237,0.57324576,6.085948,2.7753224,1.684777,1.5088108,10.479526,0.83728796,8.41484,4.7790685,0.16844536,4.909771,0.26219103,0.056910217,2.2423034,6.7296295,8.823522,0.29104435,3.2213886,4.721745,1.6081707,0.57266605,0.042334,1.106447,2.1222508,0.43279788,0.9936087,1.8168149,4.5371747,0.6861216,0.57739407,5.340066,7.1343403,0.09896412,0.26352125,0.06969745,0.66465205,0.0379217,3.017959,0.4577598,4.5426497,0.25760132,0.025815308,7.38208,0.5948506,3.9282653,5.3901496,0.3234726,0.21215038,0.9607204,0.027266387,0.97357583,1.8231287,5.2880697,9.5822115,3.5424955,8.190729,6.4870872,7.4038873,3.3955846,0.0804893,1.316576,0.19202799,1.1038429,1.2776937,0.39540172,1.4275374,0.17813984,2.767698,0.0043088007,2.492544,0.38443512,5.4268556,2.1545367,1.3539127,0.47774905,2.144894,3.4736764,7.46365,0.019231228,4.612296,1.7629564,4.571715,3.988882,0.053995688,2.7610471e-05,1.1207035,1.911673,7.7142715,11.785687,5.6827617,5.751903,0.26279935,0.4233377,0.36193237,0.36118963,4.52824
118831,0.033958737,0.014221039,2.8409095,0.91317195,1.5411705,1.8819683,0.93164456,1.4805543,1.9678541,1.3743438,3.644545,2.7475924,1.1847715,12.200961,6.9875193,6.8335238,0.05765601,0.07840953,1.3855134,12.035426,2.266427,7.4138346,4.869503,2.3313332,1.7544028,12.102657,1.4654158,9.080471,4.916202,0.019698646,6.7978992,0.7939973,0.17776921,3.8766534,11.376827,9.813731,1.2428555,5.4358716,8.776657,1.0498624,2.4047353,0.0011501735,1.7749571,3.0285742,0.4489911,2.9080956,1.3448652,4.2605867,1.5808743,0.92364603,5.2168026,6.8039217,0.00012787254,0.15895943,0.22687367,0.91973996,0.037800614,3.9735847,0.8330341,7.1313615,0.13425301,0.05594516,10.666722,0.5669909,4.73886,5.7692156,0.8380945,0.8245413,1.5376498,0.07399022,2.7715874,2.6113954,6.839582,10.190868,4.758658,9.678876,13.20766,11.099668,4.8242993,0.044451494,1.7122098,0.4887494,0.7610427,1.0344989,0.9481521,1.529047,1.5721846,3.5680106,0.009820159,2.391336,2.13009,2.1992621,2.4227328,3.0059214,0.20958546,2.5986807,4.694545,7.7327285,0.00022217429,4.779498,2.7366378,4.8427973,2.6705792,0.030730603,1.5173919,4.630687,3.0611334,8.204225,18.089418,9.7397175,8.377438,0.68056256,0.92539287,0.0013325921,3.7655811,6.0854764
118932,0.5002808,2.2102976,0.66562873,1.2676326,0.58661085,0.73866206,0.051622402,1.1955037,0.07807341,2.5104373,0.31212807,0.051596835,0.0026631977,0.2395041,0.4030363,0.1190316,0.0021034942,0.92667216,0.0026235066,0.2629457,2.611149,2.280288,1.7883348,0.7875609,0.017230136,0.10496781,0.8440539,1.2772944,0.66073424,0.25328192,0.024213646,0.06532598,1.6576428,0.00022099425,0.26473737,0.1531729,2.109634,0.9222105,0.41379523,0.057153266,0.772524,0.041150343,3.6708117,0.4085228,0.022174805,0.8511532,1.6298448,0.0015229094,0.22427237,0.13462727,3.938131,0.385359,0.06851736,0.09296964,0.0051926076,0.56981206,3.6262789,0.120700724,2.49551,4.764366,0.7250367,0.17609262,4.26328,1.1866341,0.78355134,0.0023127897,1.101454,0.75005007,0.24351189,1.4795786,0.57625854,0.015677378,0.024835614,0.19492015,0.23634411,0.0011300078,0.3035147,0.07006685,0.27292606,4.2610376e-05,0.17306195,0.11306603,0.30319035,0.010513233,2.4249468,0.20047992,1.2950706,0.05440841,0.48602027,0.35434118,6.3703218,2.956663,1.330318,0.2408099,2.4038239,2.6513681,1.3369458,0.056862094,0.123573646,0.44445074,0.25363216,1.6356041,0.10728318,3.0203726,4.9763865,1.1524915,1.3555605,0.6095131,1.0324593,0.1681337,0.1406862,1.5298803,0.33720547,3.597655,12.572324,0.003493934
119025,0.00560672,0.15534702,8.218324,3.5845535,4.8490734,6.222265,0.021411091,5.1919494,5.6468225,0.49297678,12.610264,4.7353697,4.8976297,13.992565,14.276679,19.268314,6.6547955e-08,0.36096826,1.9442121,22.811766,1.5357404,10.200504,9.944271,7.729268,5.578966,26.575172,3.9084876,15.339186,11.00022,1.2970311e-05,15.1719885,1.7592701,0.1285756,5.0740476,15.374632,16.097178,1.256732,5.05387,10.822438,2.8964887,2.2531369,0.30331337,2.8064604,4.5239286,0.7117069,2.5495672,5.1102967,5.4779887,2.7620826,1.3743166,8.474441,11.201973,0.48295423,0.15879168,0.6489989,0.9033985,0.021787906,5.728407,2.2092633,12.842191,1.2496197,0.21750621,17.144838,0.9017136,9.206541,7.668371,1.8097312,0.7543475,2.9115648,0.080659546,1.7397903,3.810404,15.862523,20.033878,4.7198043,13.482547,14.846024,14.041436,9.086331,0.052267972,4.3062296,0.66929793,3.2321186,3.6890557,1.3336989,2.5440593,0.29869467,7.080345,0.11710226,4.032735,0.73748636,3.52781,4.836105,3.584362,0.5091807,5.681599,7.906233,16.403633,0.0009188247,9.660232,1.3726878,6.3361073,3.3418362,1.097553,0.41747153,3.0825524,4.977232,7.6809354,30.947529,10.26698,3.4098172,0.27661708,1.6245922,0.7063663,2.4729545,7.6909637
119126,2.892398,4.628067,2.290389,1.492632,8.843384,6.5298676,0.34327736,4.0335784,0.5118458,15.261341,0.03662602,0.018999742,0.00010736671,3.9662228,0.7221585,1.4682237,0.033615965,1.8833697,0.14898059,1.7985207,4.6558485,3.5561652,4.8837094,2.48116,0.0041336548,1.6443529,3.5801232,8.650352,0.7118329,0.9265774,0.011815724,1.8770923e-05,3.7662566,0.03264672,0.023847677,0.26716676,0.48367184,0.5068224,5.751122,0.8319525,0.04046293,0.01087254,10.09452,2.426168,0.45081088,2.044249,3.3177748,0.638877,0.4710066,0.014361161,16.07778,2.0299869,1.1133189,0.0023845932,0.026896246,0.3891183,7.724833,0.5346275,11.031376,21.092924,2.6049178,0.037171558,10.65809,4.172126,3.1134212,0.37545276,1.8319722,1.5225279,1.6617045,3.1833375,0.40971032,0.0057311105,0.3564461,1.0537899,0.886494,2.1647325,0.86550945,1.7829458,1.2524458,1.610363,0.238972,0.4072955,0.4929674,1.0622641,4.831701,1.0018555,11.0047455,1.8329257,4.9727235,0.09534508,14.44476,4.284644,5.7873244,0.3190787,4.7982807,10.515093,1.1713786,0.17282479,0.24488813,0.25474262,2.842503,1.7837621,0.82444865,12.246342,5.9825306,1.7635013,5.9961643,1.0579152,5.861166,0.013971579,0.09543943,0.059275005,0.7235249,6.2693996,38.92955,0.02210398
119732,222.36217,9.877234,45.71656,115.11922,43.687973,534.23883,1922.9666,829.38525,162.05753,630.6901,1154.436,1700.1324,0.10027593,6030.807,1304.2545,2132.9514,1.5760945,2.1500356,35.525078,2400.0933,405.41156,1144.1688,680.7743,1842.7079,181.21245,3367.1694,338.7944,2785.4658,2475.4463,1.1215396,2713.1301,458.71582,84.34361,981.6871,3318.1025,3904.1104,709.73065,1554.9963,2013.0399,757.0859,16.197222,0.14284806,79.78402,42.072933,1364.24,662.2247,44.5158,510.57104,14.289009,429.3609,923.59845,4288.854,443.79172,295.3297,269.36716,306.92902,77.84078,889.4171,2.4942117,1569.6711,65.062744,7.398199,3827.9312,57.58015,1791.8436,2854.2468,88.89778,45.056427,1869.0073,301.9154,135.54376,112.358795,2384.4854,3869.644,1095.353,2087.6494,2865.237,2985.3474,2154.4402,1474.7521,884.8174,19.39389,474.62054,787.4312,554.6851,1714.7941,245.99689,942.67847,319.8179,1467.9489,503.9449,1581.6248,743.44116,25.642889,185.31006,68.359406,1300.1875,4064.7075,36.722095,1251.8562,366.04123,779.9313,1140.3696,66.43849,20.82494,627.26276,80.67343,1244.4523,6886.4688,541.08606,226.45842,222.4735,417.2272,3.0223987,1289.7335,1730.3701
119833,0.00067151524,0.018939396,0.08426782,0.3176148,0.0032280525,0.57449085,0.12443074,0.2828301,1.1187748,0.005306014,0.6384159,0.46252826,0.15876544,1.0404909,0.9394652,1.0175871,0.015647441,8.942639e-06,0.33719206,1.0627489,0.13225205,1.2158048,0.488762,0.35090098,0.3477084,1.2510113,0.07544201,0.40688863,0.12983267,0.0053935936,0.34995636,0.013855299,0.029761149,0.34028435,0.3865185,0.02877033,0.39605525,0.055842925,1.1288227,0.07359406,0.41926023,0.07709472,0.14013685,0.021652538,0.8036322,0.019160604,0.017469402,0.06703269,0.23189744,0.27924204,0.010840295,0.52985406,0.049911287,0.005485165,0.0062537338,0.051025692,0.119244084,0.56202686,0.0063810465,0.92166036,0.08017488,0.24876015,0.17931236,0.010922915,0.008158282,0.449799,0.1312513,0.006200762,0.16141307,0.18979982,0.03154359,0.42614305,0.06030015,0.36207977,0.0011690742,0.14126015,0.3203454,1.0992703,0.23429711,0.42483303,0.0041893004,0.0047602523,0.8588899,0.23116653,0.09082353,0.09278194,0.3531975,0.009693016,0.008198764,0.18503971,0.03877798,0.593018,0.13456051,0.012377945,0.00070408906,0.2965232,0.04223356,0.31772363,0.0809138,0.07806516,0.39542225,0.22272296,0.13698034,0.01902231,0.43462536,0.65455353,0.2929551,0.12717682,2.1784108,1.6408371,0.7737623,0.0060866796,0.5923155,0.023168229,0.47537693,0.04747513
120010,43.2803,58.29432,31.477303,8.5492,79.31502,41.577843,14.017532,48.051044,7.414433,151.90262,0.55797833,8.032013,3.6972349,46.887985,0.91753423,28.7043,0.2198842,49.518497,0.0010759273,19.165634,57.488327,13.432121,25.10533,18.503906,0.024045547,7.8232884,31.843891,80.25759,1.0419109,10.896127,1.5436686,0.086982355,37.188744,2.889502,0.2941181,4.838178,4.3903,2.517923,47.329285,5.9651895,6.5585604,0.40188518,118.58588,5.820341,13.456136,6.891248,28.816628,1.4693065,2.425516,7.398282,155.016,48.617077,4.452864,3.4556983,3.2144403,1.7961266,38.460365,2.6119552,88.83199,172.22905,33.58043,16.363873,72.28565,78.07868,7.683392,33.940567,2.6780791,8.398645,1.0495532,32.980522,1.1328422,1.6826462,6.260964,11.020073,26.154034,30.621845,30.256771,25.667786,8.471204,41.567738,0.99055815,23.332226,23.789234,21.775564,44.962826,1.5089252,19.919943,61.413784,33.443493,0.3287603,120.96281,20.570147,22.323002,31.993364,59.76817,81.632774,0.6623494,0.24014011,17.863033,1.6358713,9.834878,0.24076046,0.32451797,40.592846,36.504032,10.95145,12.655412,0.04397456,52.98293,15.209725,1.7859807,0.3457421,30.240795,44.18363,220.11398,10.952208
120111,4.4512424,0.048294183,0.22708818,4.1610394,3.782678,21.849947,55.94863,28.346722,10.71956,20.829857,47.18005,57.821,1.8609167,221.55006,66.57531,105.28559,0.30778217,0.023764228,3.302019,91.99966,14.298997,49.964184,31.372765,65.86147,9.73146,131.41881,13.971364,105.10829,85.20881,0.018467188,93.21889,10.848326,2.144546,40.156372,111.92936,131.58882,10.44033,65.263374,88.31473,24.080353,2.4609408,0.016751407,0.122988164,6.9798865,45.8054,21.47989,4.935564,26.067394,3.7626474,14.610786,41.484283,160.43262,11.331162,8.777497,4.5433025,13.30665,4.1507297,29.887014,0.423157,64.135216,1.9222804,0.6360174,147.88979,3.1814857,52.200314,109.25556,1.8947244,0.32930824,58.88979,2.7481205,6.4111996,7.06432,89.826546,154.77594,34.61324,89.7958,119.78665,127.59517,76.882904,27.276785,27.327423,0.03909949,23.911879,27.85969,19.205818,47.113014,10.59312,35.064445,6.37378,57.658043,14.204973,55.313457,36.94686,4.3687625,7.491169,7.9344397,50.295296,148.05821,0.6218697,58.91283,15.2849,26.493605,36.438198,2.4686613,0.33691812,19.479725,5.745088,52.276222,249.78224,49.655552,25.791689,5.9986377,20.582193,0.09636401,38.746582,43.301613
120212,0.7073374,0.31147173,0.17621902,0.10871502,0.2690497,1.9990182,1.3468649,0.3140755,2.718034,1.3805879,4.565463,2.9913552,0.8466231,9.882659,5.485127,4.2002234,0.69519585,0.2996517,0.5988843,4.9844737,0.15293188,4.5363793,4.0083785,0.8534727,2.050798,11.144402,0.3882414,6.383614,1.7108904,0.002603624,2.262817,0.0066282465,0.02529596,0.7646221,3.1500156,0.89975864,0.45752704,1.8337191,8.160999,0.15004507,1.4900576,0.020496078,1.5743662,1.5552489,4.8917265,0.062285487,0.0010580309,1.9876807,0.11366798,0.01369438,2.0401967,11.202777,2.7511589e-05,0.023290796,0.0039821905,0.5459046,2.2716308,0.66322994,0.14086695,1.7735369,0.58408695,0.01736307,3.510023,1.1578391,0.2666823,6.5848503,0.75952035,0.01696754,0.10859562,0.7229417,1.8396971,4.1896777,1.9958822,5.00685,0.56598926,5.0762005,5.9580746,8.490308,2.265336,0.5532718,0.021906717,1.9952139,1.1300193,1.3421755,0.17713729,0.6677032,2.0647092,2.620436,0.015233997,2.0770023,1.3375068,1.8478485,0.6915619,1.4259646,0.36451018,1.1253904,0.79092985,3.7691083,0.00028154702,2.7338717,3.6599224,1.367157,5.190561,0.20341189,0.00957051,0.34973454,2.2968302,3.807217,21.783113,4.81677,7.382773,0.06618508,0.0032563235,0.9422765,0.6191832,3.8082058
120414,0.08011886,0.24212809,0.1872219,0.12518547,0.6724058,0.23008788,0.070974536,0.012349859,0.019120857,0.29773554,0.033048194,0.34792548,0.026625225,0.09102987,0.03278056,0.13225803,0.04579343,0.20918125,0.13349053,0.07066899,0.11616129,0.6575516,1.5597832,0.01839852,0.30408418,0.13784185,0.77053744,0.6865423,0.2859932,0.008456356,0.0112689175,0.03139448,0.8253264,0.0331697,0.11054371,0.28314894,0.90157217,0.26367843,0.07919738,0.18333113,1.0689113,0.004204112,0.6835599,0.05416184,0.1743344,0.020128354,0.19799566,0.014844477,0.041754603,0.004567526,1.123812,0.43890232,0.08692754,0.0005230562,0.028320247,9.514317e-05,0.86500156,0.038095012,0.24441962,0.9384874,0.40068963,0.0047811815,0.4780829,0.10408965,0.0051169405,0.04663962,0.03736986,0.06349005,0.38237047,0.0051772725,0.7364953,0.048013754,0.0037313537,0.06531627,0.25738156,0.011871996,0.01464121,0.019224301,0.31903523,0.057734717,0.08466798,0.022958035,0.35759956,0.020294657,0.44436046,0.085088044,0.1455001,0.1902637,0.009388435,0.011731885,0.014530465,0.01387455,0.03583829,0.447597,0.5510346,0.9346676,0.13976559,0.11555155,0.31093878,0.014797118,0.00088730466,0.12945852,0.029778345,0.07419567,0.0025912754,0.22771531,0.34829855,0.01151108,0.1940473,1.1954386,0.28622848,2.2031822,0.50277144,0.173376,0.33172256,0.00708501
120515,1.8610605,0.020230738,0.06731233,1.749249,3.2973692,8.212286,22.919859,9.441834,5.0314255,9.87809,22.891396,25.89536,0.5879996,98.536316,32.06243,39.283386,0.027393026,1.318717,1.9944445,49.48329,10.438612,31.146957,23.99233,32.634483,8.004506,67.76595,6.413589,50.533424,35.006577,1.4192824,38.55906,8.922027,1.0863413,22.498447,56.462723,53.036186,2.4294906,38.094315,44.801903,12.013603,1.5242417,1.0083808,0.9195174,6.7076697,23.626947,13.860078,2.5228665,12.929895,5.8085704,6.487085,21.296972,69.56642,3.746064,2.8180063,0.56161755,9.13941,2.4160273,17.878191,0.7477776,38.34805,0.10013532,0.014145078,74.56471,1.0407174,28.540949,40.331978,0.018050691,0.23185416,38.85894,2.9338017,7.3756566,10.553385,45.857365,81.33615,18.42918,56.314922,64.43609,68.82075,38.59242,15.108139,11.637005,0.046607792,5.019686,14.558388,9.41662,15.436059,5.821023,18.122065,1.946928,18.411186,16.714561,18.98145,8.471073,7.908225,1.3228246,4.821518,17.85384,53.272488,0.5958079,25.613815,8.234319,16.263973,19.298592,0.00418323,0.02099714,6.610971,1.5667834,26.500788,139.17877,34.752758,9.7517805,7.7962136,2.668183,1.2438426,14.258945,26.34968
120717,0.56827885,0.1678039,5.083745,1.471661,2.4132898,5.208272,2.6269293,3.786898,4.079791,4.009873,8.347605,10.109858,1.6842436,39.340454,16.663006,20.993896,1.9140188,0.08698463,1.6681474,27.075645,2.573361,15.059428,15.58067,6.427016,3.8018837,33.36176,2.4378772,21.001858,10.223401,0.005058132,15.646417,0.69541144,0.013509396,6.242374,22.826595,18.933336,0.278353,10.877531,22.609646,0.63859385,2.4426742,0.3269352,4.940631,4.4476166,6.3647532,3.4406676,1.0071689,8.141739,2.8293464,0.7486698,10.160495,34.56907,1.0849301,0.012089025,0.17397769,0.7777516,1.1844584,5.3150544,0.9057823,14.865588,0.25825953,0.122413516,26.283659,3.211496,4.8914924,18.610498,0.066123575,0.096469775,2.968893,0.43149957,7.148142,5.973917,11.292519,20.464243,5.9699435,19.238892,34.945602,32.320427,13.391733,0.01205478,2.1157303,3.076896,2.806895,3.9545305,1.3205663,7.7978406,2.288896,13.733963,0.69160527,6.8761406,4.309478,4.2520494,4.087417,7.8727903,0.47418138,14.537202,9.10934,24.632816,0.17294593,13.007916,11.1900015,12.751403,11.723468,0.21294819,0.36672097,2.9686477,8.118396,9.499164,67.44866,27.241976,14.122396,0.76152474,0.885773,0.65815705,5.33764,13.014301
121315,0.44536716,1.6001083,1.0407342,1.2393795,0.8451228,0.5823795,0.5251358,0.63488036,0.030950535,0.67451584,0.55603945,0.07933139,0.11961494,0.1527067,0.4955621,0.31889802,0.003513268,0.71240944,0.12695666,0.3374048,2.0054452,1.9408549,2.4635465,0.30425966,0.0058757104,0.28397757,0.7675393,1.3996223,0.33983347,0.19814429,0.20768885,0.09971722,1.3432692,0.07574384,0.48205745,1.0319679,1.3446225,1.2360202,0.8940694,0.0598503,0.105872124,0.30401555,1.9606211,0.020044647,0.9143664,0.034081526,1.0008962,0.00039187036,0.20147061,0.090152815,3.4118657,0.3383469,0.089192085,0.00017496104,0.6089352,0.35807356,3.1954832,0.48823294,0.041642953,0.91589487,0.30132532,0.16456003,3.6380148,0.74056196,0.50171465,0.004777272,0.026959518,0.09624551,0.9299457,1.2348139e-05,0.04576749,0.03510619,0.079500504,0.09907035,0.00070215453,0.4422547,0.36204985,0.13820015,1.0777848,0.17963281,0.00074665097,0.19819964,0.48169705,0.2146824,0.5146348,0.017511884,5.096684,0.0046508648,0.4760504,0.0730502,0.6472379,0.2897197,0.014510145,1.5777397,0.3638207,0.03684477,3.6224122,0.6824763,1.5638689,0.23428029,0.023495413,0.0030014499,0.0666131,0.13185221,1.9228187,0.14353007,1.7428291,0.63674927,0.21512106,0.01217118,0.41038665,3.9570527,1.3106395,0.63454664,4.544752,0.0028453514
121416,174.99828,179.69136,143.41971,30.401335,231.96024,103.05601,81.394,168.32935,22.134777,431.81693,3.259501,22.083384,36.93652,169.13687,1.7729301,118.38256,0.1616261,125.80945,1.6275239,33.945072,157.7773,28.806082,62.695694,40.574455,1.7980069,23.588118,120.278854,233.01738,2.5361443,24.028893,4.303963,0.38440886,104.021614,4.3556423,0.014712066,13.380498,20.503456,4.8454933,113.40811,22.484453,35.25028,0.51295096,352.82822,13.526418,43.65004,41.191883,83.16083,5.5243545,1.2898526,14.960094,410.73575,139.47511,8.973918,6.7418785,11.145201,4.37416,121.895706,6.837305,222.91414,447.986,99.920975,52.736217,163.88708,213.7258,13.715547,118.93372,14.0778,52.242992,0.09214833,150.62418,0.29378965,4.9682255,25.72354,44.814472,83.589615,98.660164,73.46549,69.929924,35.659683,122.7899,5.3891535,61.031513,81.86372,66.14291,129.49223,5.9329,52.41206,226.83911,76.95761,2.0968668,262.43686,27.427973,40.170254,130.92114,196.06233,255.88222,2.9234319,0.006124647,69.532394,14.228896,27.113348,7.100283,1.6600008,96.0658,94.2846,26.79733,31.81146,0.45021492,112.53223,73.324165,0.14210431,3.4530427,112.44049,103.9646,664.0452,42.42958
121618,16.718403,24.073488,7.0312047,1.7657417,33.149117,14.5123205,2.5194798,20.38978,1.5264528,56.43979,0.2691774,2.4762356,0.32952943,20.828749,1.9057924,9.30739,0.45575434,18.615398,0.02767525,9.022272,30.343048,7.8677754,12.874218,9.334523,0.46068162,2.155858,8.7019415,30.643223,0.9849337,6.0092077,0.32998872,0.062316075,13.594305,1.0667536,0.02047521,2.3251774,0.39054164,1.4430029,28.579325,1.639069,0.18238498,0.27586323,50.206577,4.134463,5.6363587,4.5450964,11.407089,3.3014834,1.3367788,1.4623662,72.69139,16.020319,6.6013303,0.43292657,0.62987065,0.21831651,19.363022,0.75569284,41.01778,85.95466,15.381784,4.3246403,43.810238,30.49017,7.622286,10.021827,0.951077,2.7042763,4.8273864,14.453747,0.71930605,0.8103523,2.9620678,4.164614,13.857531,15.1407995,14.884108,12.847225,3.5570874,21.91617,0.13435416,6.54588,9.515629,11.291677,16.192366,0.079941906,12.644827,21.428371,21.35937,0.0048454315,40.535954,8.1634445,4.57549,20.811777,35.655434,35.17755,0.41930786,0.27363124,7.0642567,0.2955976,2.071855,1.4017682,0.34471548,23.439428,12.607403,2.1449172,6.942666,0.9896818,14.613833,3.798569,1.7389649,1.1810145,7.548832,20.12226,85.174675,1.4867461
121719,0.90682083,0.8051088,1.0292011,1.2680724,0.21741636,0.04266965,0.6261386,0.7864638,0.011434334,0.37347755,0.6604017,0.020393496,0.20210075,0.35251805,0.42518982,0.55919325,0.023875372,0.79449254,0.7419778,0.40477213,0.22502401,0.9412942,2.3460903,0.07831089,0.0044333087,2.8878108e-05,0.011556216,0.33327758,0.3053297,0.18427321,0.007646079,0.0059975944,1.4185486,0.047634404,0.25048625,0.26051012,1.1177948,0.30433336,0.636936,0.09777535,0.52132267,0.14466865,0.5572683,0.009097778,0.52014214,0.035220273,0.3865698,0.026609894,0.033669457,0.17474397,1.232591,0.27058944,0.093927026,0.04906718,0.027341397,0.40715894,1.7934871,0.21037713,0.0576634,0.64202696,1.0643051,0.28837955,2.3004098,0.701232,0.4705164,0.17361084,0.07748888,0.00053385046,0.05461005,0.015033176,0.26131856,0.01860385,0.019464115,0.26336518,0.034838527,0.25478792,0.1009744,0.008452676,0.90637326,0.27730155,0.026022594,0.41167736,1.5606489,0.21474548,0.39745,0.000101075566,4.6919966,0.16543108,0.11212529,0.19442438,0.33369407,0.007974986,0.0058214664,0.8515239,0.03334023,0.0048409393,1.1487468,0.15030517,0.3181568,0.056924608,0.05701681,0.00515764,0.009221932,0.008393323,1.2472049,0.15491495,1.2021502,0.037343074,0.15982665,0.064547285,0.068817765,1.7987436,0.8926705,0.23042883,1.6627728,0.03388775
121921,31.213608,39.477654,16.5405,1.4583142,70.9023,28.07335,5.3100605,34.478893,3.5156097,104.82746,0.37989467,2.278992,0.6443069,29.607397,2.6850805,19.146404,0.27917627,34.850048,0.13281807,14.954136,65.146385,10.226258,18.1167,14.710965,0.39228064,6.17043,21.384993,64.724205,0.491226,9.544589,0.17587674,0.0052879457,21.623747,1.8844457,0.42308906,9.946031,1.7981662,2.0208876,43.716198,6.0386934,1.1957259,0.84465593,85.7,7.1691427,9.561325,5.151859,22.405634,4.087251,2.0369294,3.881476,133.86308,39.109043,8.003835,3.618037,4.0468884,1.1544766,33.55484,0.80884284,73.08977,170.71916,26.723211,6.7650685,65.75359,59.36427,14.283557,20.721373,1.9183307,5.319733,5.53398,24.100449,1.8721299,3.179543,6.0226927,8.509762,26.16018,30.113302,29.523537,24.476084,10.753629,54.741936,0.3320792,12.946787,15.427198,15.805245,35.40235,0.108775556,24.280432,37.209034,37.262863,0.086572684,94.59051,14.55698,16.32958,24.42105,60.71906,85.32165,0.16364563,0.44078723,11.63908,1.1645101,8.436521,0.47034055,0.2030305,45.446636,16.829754,2.4936585,11.620577,0.3117612,33.29866,21.351572,2.0948842,0.34461632,20.433762,37.309177,164.72144,3.2994425
122317,14.5925255,17.09747,5.648003,2.0812192,32.953667,20.390726,2.0597746,15.4170885,2.7526138,42.827034,0.22628875,0.7836671,0.106396995,13.182707,1.2085751,5.904132,0.33182514,11.994561,0.07074882,7.4187875,16.454464,11.369063,12.662829,7.706804,0.05071501,3.2033198,12.184557,34.432205,1.4931179,4.5532236,0.3525003,0.28374192,13.685733,1.249466,2.859353,5.4470577,1.4240785,1.0101247,20.530806,2.9277844,1.5472538,0.18050925,42.774307,3.2497275,4.362713,2.5372481,10.842487,1.9219754,0.5121644,0.8993525,65.44989,17.154377,2.402872,0.42400602,2.0701878,0.12886384,19.047153,0.84371483,30.42395,65.99923,13.067587,3.4399548,35.054104,24.752537,11.15044,9.184913,1.5011222,0.716335,5.267345,11.470187,0.20238574,0.09600163,0.9737031,1.5435876,4.5141935,6.857281,7.734088,8.1765585,5.4782667,17.487247,0.9297574,3.9856133,5.4192047,9.044257,16.909317,0.20399919,8.977424,20.057398,15.359902,1.6874781e-05,42.26439,10.194012,12.306313,5.1960506,18.446564,34.52121,0.71816254,0.6297112,3.6587903,0.012763028,5.149416,0.2944175,0.4608157,29.328566,7.805171,0.6368249,8.006203,1.4826,11.509182,1.8681805,3.2950344,0.30942398,5.3552012,19.459396,76.957306,0.0016356034
122418,0.025262374,3.934793e-05,0.0005306588,0.21158887,0.15053795,0.19045234,0.00013532065,0.050715413,0.033247147,0.07395451,0.05306132,0.13550267,0.0040997597,0.009056261,0.0021399655,0.019613571,0.0036756853,0.01209232,0.05340182,0.005237998,0.02940302,0.19898888,0.16694756,0.0020655699,0.016270395,0.16651796,0.40733233,0.28930315,0.12111063,0.030853068,7.112377e-05,0.00101333,0.0008011389,9.495462e-06,0.04901101,0.09245309,0.043472856,0.036165975,0.0046741166,0.011690346,0.2921171,0.09880708,0.010063752,0.27425483,0.003168165,0.0074120676,0.028608242,0.00024047021,0.050311264,0.050535385,0.0042400374,0.07765611,0.0018845422,0.00041262986,0.002424853,0.010628032,0.005631303,5.323889e-06,0.4461581,0.38751197,0.0055912174,5.0855135e-05,0.018802788,0.008204388,0.006291972,0.012680209,0.23470137,0.048105408,4.0808177e-07,0.002107137,0.11860548,0.08323508,0.0051833857,0.037063867,0.44712338,0.02537479,0.033619046,0.003150265,0.012752862,0.114956334,0.10727482,0.046060756,0.10465804,0.05647934,0.028888851,0.012569959,0.26191136,0.004150257,0.035903215,0.021309717,0.0010470935,0.0052775354,0.17107312,0.30357695,0.026008515,0.3267257,0.06695967,0.33487692,0.00040205228,0.00011855104,0.062051255,0.022810364,0.09035914,0.16008763,0.37769735,0.02852432,0.08203791,0.105260216,0.25658742,1.4422615,0.011756632,0.00016139804,0.006379643,0.027270034,0.078319296,0.11052669
122620,0.0096063875,0.03563733,0.005824159,0.02583197,0.0010026646,0.044375002,0.014696761,0.0018604086,0.016745552,0.0015542472,0.0011334146,0.044465415,0.014839815,0.008470777,0.0026307257,0.03334747,0.001969252,0.0020399434,0.025536543,0.016662546,0.22569583,0.005609096,0.010122985,0.00069828716,0.00231003,0.008585538,0.0061521316,0.0014003403,0.003569171,0.00043188198,0.02226191,0.002810351,0.002981964,0.008173399,0.2593739,0.013052625,0.0010329146,0.011260548,6.5609085e-05,0.035205767,0.1233805,0.036994815,1.8215047,0.00011924549,0.018371465,9.171163e-05,0.0025631513,0.031120012,0.00039524626,0.023568323,0.0008695736,0.01781282,0.068108976,0.012681739,0.004819022,0.00042966817,0.015120404,0.035645995,0.002649205,0.031021418,0.00012251154,0.050351046,0.004659096,0.017022049,0.012316482,0.0032679187,0.007383556,0.039187863,0.059718788,0.026176052,0.003019699,0.01090531,0.0023424432,0.00392323,0.08485364,0.058185045,0.007383305,0.040206097,0.033248365,0.034844734,0.005796231,0.024709763,0.009211775,0.0024854788,0.00028326586,0.04966321,0.23467775,0.10399033,0.002121883,0.0003690268,0.22338097,0.063335374,2.4852054e-06,0.072850496,0.009231266,0.35279703,0.00042483432,0.022534356,0.03418803,0.055192262,0.045374535,0.03599542,0.0001203915,0.0066842427,0.23685977,0.63347274,0.07275609,0.010808504,0.15409921,0.0031806398,0.05048764,0.58825636,0.046000026,0.009014332,0.06597567,0.038843576
122822,4.743577,7.416112,2.0974324,0.03794712,8.90739,2.9173987,1.0833559,3.037086,0.2526203,10.534518,0.24024945,0.009849064,0.111917615,2.7247572,2.1540713,0.5750944,0.24661379,3.1941013,0.20413196,1.94711,7.0078225,4.2562156,4.6775465,0.88705325,0.41864997,0.700203,1.9110479,8.16471,1.2592847,1.0932932,0.06690556,0.26477334,3.965345,0.0032383455,0.03873474,0.2528591,2.2861652,1.1214879,3.0052538,0.29831487,0.12533565,0.49931112,12.644262,0.8945948,3.0764627,0.48128992,4.196548,0.050615173,1.6051922,1.3200634,24.25093,8.142672,1.8748176,1.5489361,0.13867003,0.0022583697,11.726701,0.53591716,2.6721902,15.118361,2.3270783,0.4271588,12.429915,5.7423625,5.1130037,2.0739462,0.047055896,0.1906549,7.043452,1.1919463,0.09841784,0.96697086,1.6010104,3.315186,2.1996257,6.3238535,1.2649773,1.522924,0.5609879,4.134588,0.01516592,1.8145918,2.4081664,1.9104992,4.5577707,0.040296074,2.049231,2.9482696,4.6302366,0.13760765,7.1431236,0.00029369767,0.15480757,8.176734,2.170911,4.8301253,4.703416,0.5185872,3.669687,0.8152019,0.10329452,1.3708047,0.54010314,4.180315,1.3908266,0.14054535,0.4543783,0.20235628,4.913088,0.0007707551,0.09212643,2.383165,4.4372616,3.946341,19.586506,0.08728886
123117,0.3891772,0.3588533,0.7842546,0.30190295,0.2911994,2.2499297,3.0194273,1.0612667,2.0778792,3.6025207,4.9186873,3.2118187,0.67739356,19.891567,6.321994,6.1087785,1.9705079,0.4850186,0.8354859,10.201557,1.0103607,8.883725,5.1002584,2.1140442,1.9851891,13.6285715,0.77963585,8.952079,2.4421625,0.15335071,5.5271854,0.09453917,0.06355448,1.8312237,8.579166,5.9936223,0.3414397,4.7950916,11.107066,0.15590058,1.941693,0.29619476,2.561578,1.3210365,6.3186784,0.18866977,0.20327933,3.8945942,0.43195686,0.037768077,4.3252306,22.000748,0.063024215,0.00014832555,0.09589237,0.15322445,1.932842,0.89167386,0.0002391042,3.7269602,0.5278562,0.7443717,8.0012865,2.5339942,0.33285487,12.630285,0.42544925,1.3116261e-05,0.38737231,0.6493324,2.3010252,3.8907156,5.5235934,10.788456,2.279148,8.230849,12.531203,13.738931,4.2415843,1.0450256,0.03787646,3.5842068,0.506309,0.77150095,0.36527202,4.677764,0.8131457,11.015503,0.0057900115,1.754982,4.209123,1.3238333,0.39463794,7.1210318,1.4963293,3.2655218,2.5234494,7.4006677,0.18425037,4.4391932,8.751856,6.749188,8.797114,0.8301267,0.0016424898,0.06929805,0.7925567,8.69624,22.572662,11.848905,7.049201,0.074004665,0.014992483,2.281989,0.7829484,1.583649
123420,0.10096965,0.0075660166,0.75674963,0.68739754,0.40849933,2.0022378,0.085688375,1.8333179,2.4621646,0.2973361,5.0296483,4.0906124,1.4846,7.231772,5.3509946,8.99464,0.22538061,0.0211087,0.8183088,7.879554,0.95763505,4.364484,5.2312512,1.0597588,1.1610245,10.016405,0.16033903,6.361131,2.1979527,0.014432911,4.392881,0.21669707,0.21303721,2.1815972,3.718887,2.3825808,0.018342974,1.574039,3.812646,0.33710095,0.79141843,0.08392193,0.533169,0.96673197,2.6092505,0.06615309,0.10346403,1.5900038,0.059738394,0.10701612,2.021441,9.067489,0.29588836,0.0008229987,0.033553526,0.48854616,0.48746192,1.2721348,0.17221512,2.7342877,0.0010103893,0.5318067,6.9010506,0.28144056,1.643728,4.465731,0.047171902,0.06608983,0.25121742,0.30951014,1.3223028,2.6154783,2.5464766,5.99454,1.859353,7.5903435,4.696441,5.9384775,3.6203105,0.05202717,0.18835549,0.75764483,0.05171034,1.5464395,0.14859523,0.8321786,0.61331517,2.614249,0.00045225347,1.5369967,0.75859,1.8614239,0.8506753,1.6961359,0.25630182,1.2858058,3.195112,6.4111295,0.29541436,3.8512073,2.7493217,2.7893136,4.4223943,0.023496281,0.33243012,2.304464,4.335991,1.4986897,7.5852246,10.878659,8.605435,0.15407556,0.9065761,0.47231916,1.6845338,2.3468978
123521,0.0007165561,0.13769934,0.0028839812,0.058413498,0.0057170945,0.23387146,0.020227721,0.14225587,0.027993314,0.10282321,0.018134153,0.02160487,0.0010356643,0.18097268,0.14616926,0.017849708,0.016434796,0.027556755,0.0073812385,0.0152697135,0.0073675415,0.9652572,0.23019464,0.044575986,0.00020101675,0.037432004,0.055743642,0.30549103,0.14393672,0.094731554,0.0014725369,0.006912827,0.22138107,0.04072629,0.03748583,0.04756816,0.28381038,0.33647874,0.11304835,0.0038439971,0.14378245,0.42355552,0.35238817,0.00077885133,0.0024812787,0.0145655405,0.16996346,0.00013787167,0.046516117,0.079571545,0.5886028,0.042414602,0.16130061,0.00028758787,0.018157855,0.07035363,0.15092297,0.12951311,1.2227547,1.6709764,0.123419814,0.04773877,0.30955178,0.24925335,0.054506943,1.1190705e-05,0.124857135,0.0046409275,0.0055692843,0.011238099,9.774766e-05,0.19280072,0.0132353,0.3413132,0.13863362,0.31878608,0.121507645,0.27476293,0.01904471,0.0006412228,5.701332e-05,0.033357725,0.053386368,0.00024236318,0.046331134,0.023143103,0.28188848,0.08952517,0.035138864,0.00059442356,1.227457,0.36652774,0.56058365,0.059615415,0.006462347,0.12394328,0.24701218,0.0156061705,0.009375381,0.03599378,0.7875776,0.47380796,0.25961787,0.4030541,0.2937249,0.08469634,0.05758533,0.047113996,0.11858274,0.13024656,0.19903468,0.23883727,0.040315397,0.045283902,1.4113088,0.93371093
123723,103.789665,120.94793,55.896847,1.8811628,215.57642,80.348366,19.530361,96.94463,5.740827,327.89276,0.21910523,1.98416,6.314878,83.06492,9.257095,59.841824,0.054634236,71.64063,2.038407,25.765991,167.64273,19.591238,33.175415,33.81544,1.8427262,10.339262,60.040993,160.45895,0.0077000135,14.734518,0.01466693,1.2079504,59.374767,1.4574676,0.12486666,12.607469,0.78430504,0.24723808,144.17137,31.79176,4.023156,10.606874,273.00943,29.475893,37.11722,44.348686,57.61076,19.59792,1.0026076,4.3841643,386.8073,109.16261,24.701685,3.0902483,5.448173,0.2399237,90.07025,0.30698696,254.85413,519.3239,72.62252,14.83277,165.65196,165.49739,32.50697,67.722046,17.006752,33.81544,1.8967974,105.981544,1.8925911,9.432452,26.395678,44.71943,95.84522,113.54928,92.55897,91.970535,21.184187,125.213356,1.1912204,31.213343,31.70298,25.936337,96.16579,1.9258054,108.13776,123.404144,114.582016,0.2487947,271.58252,49.765812,62.479946,61.173225,152.08302,281.88824,0.6293887,1.424439,35.845524,4.2630367,36.506695,0.046922404,0.23592986,158.12485,49.52119,10.079653,50.087284,5.34227,98.179634,34.71344,0.8520423,2.2421362,69.85758,98.34727,568.97253,22.508684
123824,1.0804242,0.77227473,9.957556,6.3351374,1.1804417,10.594084,10.037898,16.364742,3.6256583,10.664936,15.269469,22.282103,5.7459455,89.04588,23.343126,60.881115,5.5400596,2.254308,3.388572,48.83338,3.0224109,24.643007,18.683191,20.921711,3.1906345,57.637695,6.9218526,40.75753,33.232677,3.2772353,54.46395,2.195056,0.09220236,12.666308,55.403812,75.05375,1.1896429,16.091564,29.340437,2.7988288,2.2043157,7.153037,0.9158579,6.183824,9.329543,5.293261,4.439225,18.421766,0.6899241,3.0049982,19.841187,83.18294,3.8755617,0.03575359,5.127328,0.04942288,0.58324623,11.912751,0.018211288,12.012995,0.08356037,1.4948131,45.205105,6.7768164,11.222659,51.21272,1.6832275,1.6975517,3.2310195,0.008880696,5.136443,2.3924918,35.13602,50.442493,18.026093,28.264332,51.517193,42.932167,20.478504,0.2249172,6.5910187,2.532102,11.840943,8.082754,2.5926654,35.714146,0.6417416,31.905794,5.1580815,17.195002,9.235717,15.259285,8.149224,10.052102,4.6826277,9.054125,28.868317,83.034164,0.24869256,23.44742,31.033321,41.38077,33.73912,0.0005982721,0.2631514,4.3266187,17.72632,32.20823,116.53701,20.635021,28.754332,0.14432807,9.862499,0.716171,16.789896,20.132843
123925,2.241156,0.18291096,4.6461687,5.26703,1.0325894,8.822058,12.842073,14.355839,4.747096,14.234259,15.461769,24.697418,4.7970724,95.69242,27.701178,58.629986,6.251843,2.1280336,3.3939052,48.31515,4.074147,26.442455,19.101242,19.782324,2.7203698,53.8862,5.4508734,43.83027,28.845201,1.477433,46.09523,1.3692559,0.43139145,11.980257,51.678917,63.72314,1.4509609,20.396933,37.707954,2.7609758,2.0523431,4.942907,1.731226,3.817161,13.544422,8.333258,2.2380219,15.280276,1.5492685,2.9340832,20.748497,99.3871,6.1826787,0.027531866,6.469603,0.16032964,1.9663627,11.004505,7.01684e-05,16.51056,0.832608,1.7599225,51.68091,7.9806952,11.604794,62.264282,2.436038,1.5609897,6.5922284,0.20765617,7.5328546,2.8538973,28.21254,43.811974,10.301985,27.340263,48.46092,45.969955,22.394215,0.5826037,4.418577,3.8315659,8.8941345,10.096071,3.2222614,35.022835,0.0067375777,27.591612,5.5342717,18.344358,18.0065,15.157164,5.8533473,13.705045,5.907976,8.216248,22.893513,66.62517,0.8227102,23.365404,32.537956,43.813206,39.32483,1.2057774,1.3626572,1.7768507,15.069661,37.932064,126.08655,20.86011,21.67562,0.02118321,4.945232,4.1534977,9.418499,13.359937
124220,22.044302,29.324673,9.352699,2.1402059,47.438824,25.007286,2.2233894,26.503954,1.7660275,81.50151,0.17801307,2.349804,0.0739099,22.955946,4.0308647,8.965234,0.40814498,25.102697,0.068431996,10.419157,39.645386,11.657211,17.439674,10.642088,0.13909678,4.293769,14.002456,44.442974,0.4582327,6.1451955,0.08050432,0.096373625,18.064781,1.076182,0.79663336,4.5131164,0.055976253,2.4369686,44.87743,3.9632454,0.0033568372,0.91718143,67.27956,9.074497,5.855296,8.515543,14.339155,4.24209,0.22999439,1.566243,98.722084,22.160103,10.124383,0.60586214,1.5323743,0.031365402,23.55652,0.34714514,81.13129,143.96393,18.196272,3.2445514,54.232674,43.104668,13.75205,12.468262,3.1896086,5.2267814,6.2255216,21.257853,0.4751833,0.43931863,4.4191055,5.1064825,15.306956,16.848997,19.188862,17.964075,7.6265187,31.097591,0.48202783,9.056502,12.82648,14.230152,24.51456,0.6497898,25.068354,28.298014,34.091084,0.13430774,87.35575,21.707853,21.57093,10.814949,36.521793,64.639496,0.09684686,1.8087066,3.1887958,0.043613676,10.583396,0.52719176,0.38610047,47.639393,20.394823,6.5969095,13.550844,1.4897494,30.414461,8.462275,6.926553,0.2389601,5.783721,37.920605,143.94754,2.4938433
124422,0.05596452,0.06575798,0.5957888,0.7625421,0.80511063,0.9636613,0.038341004,1.4681957,1.4715884,0.08765475,3.2685988,2.14316,2.0779464,0.9304915,3.5818458,3.0621705,0.024253061,0.13806917,1.1515247,2.1169207,0.1638197,1.1697491,1.4762561,0.65355444,0.6242539,4.1636934,0.42344296,3.266216,1.1609455,0.012188639,1.9431205,0.032648098,0.5905789,0.8039106,3.4459174,2.325758,1.0993174,0.926834,2.4866726,0.23090066,0.24267003,0.00019803128,0.061789043,0.5392142,0.083688535,0.37360767,0.58049434,0.38042417,0.6559852,0.67862517,1.3732561,1.1960961,0.031226048,0.25866693,0.3378396,0.30459404,0.02516768,1.9790411,0.47210813,1.5017796,0.8327323,0.20231415,2.144007,0.022419099,0.6009683,0.8328075,1.0819436,0.46752307,0.40890843,0.31517947,1.435455,1.4227691,2.0604396,2.2775166,0.75047815,2.6772432,3.0226023,3.504977,3.3749073,0.111529954,0.255249,0.08416543,0.42041507,0.04856034,0.0850754,0.048120454,0.16397747,1.5306848,0.025800461,0.67531645,0.0012576099,0.1846855,0.26091677,2.0794945,0.35397214,1.2291505,0.6201184,3.6500514,0.08144018,1.1694763,0.36768505,2.6614947,1.1519622,0.003585117,0.124008946,0.9495558,0.26840773,2.5942428,3.054884,4.356711,3.5263383,2.76588,2.6238794,0.31980106,1.0641592,2.454045
124624,1.4914546,3.2181456,1.8196241,1.8871568,2.2598183,2.4454231,0.9809799,2.0269742,0.22617689,6.1891365,0.13985309,0.17467219,0.13305604,1.627668,0.06720526,0.36182538,0.2044833,2.0832946,0.14377224,0.6528657,1.0624518,2.781145,3.9117467,0.8605522,0.40381262,0.41614226,2.0399375,3.743822,1.9085156,1.5107621,0.008754864,0.09255399,3.221326,0.1481237,0.34571856,0.2706129,1.4994129,0.76534086,1.1368308,0.045534495,0.23058219,0.038048014,4.663317,0.47418588,0.92248946,0.104287274,2.416443,0.012625728,0.0842936,0.22638199,7.62244,1.2280678,0.56093574,0.15362865,0.017891794,0.32589307,5.8455696,0.6069711,1.4269677,11.136826,1.9121579,0.023923602,6.4360046,1.6349832,1.5669079,0.19452375,0.46863356,0.49665207,1.4433603,1.0280331,0.66669554,0.048972808,0.00031882242,0.42302626,0.07180404,0.3558487,0.0019532451,0.008538054,1.479895,0.14467631,0.5078988,0.58147234,3.3133883,1.6901706,2.505267,0.17130953,1.557643,1.036652,0.86844033,0.15337378,6.9439673,1.2906954,0.43611166,0.5433809,0.004569818,0.030002704,4.1136847,0.7493116,0.93468076,0.014694598,0.29765362,0.69803274,0.12228046,3.4405422,5.8515296,1.5788453,0.068639435,0.20587467,0.042664923,0.3447833,0.024509672,3.827222,1.6621941,1.3081748,17.336224,1.898075
124826,0.1063718,0.31297106,0.53944445,0.75846606,0.58322257,0.09649349,0.21370487,0.23374203,0.010099421,0.41739944,0.1397352,0.054940917,0.07833117,0.02307683,0.013175388,0.003912168,0.02173725,0.20084952,0.13661946,0.009757931,0.99277484,0.336427,0.6458909,0.028219309,0.025579289,0.027607756,0.29375178,0.56462795,0.22060895,0.0037562482,0.03467783,0.13831414,0.3235208,0.0033250311,0.24582921,0.3581643,0.35294312,0.02857995,0.005559663,2.1190614e-05,0.25277343,0.00020931309,0.88466835,0.021842541,0.3235524,0.02370078,0.4282835,0.027209902,0.050911862,0.027900765,0.9538827,0.41104826,0.0037289436,0.007149392,0.11427579,0.011703786,1.2539803,0.028781533,0.08308788,0.7374533,0.23971774,0.088020384,0.5756119,0.19815339,0.0089903055,0.004234745,0.009557809,0.04005336,0.0125082815,0.10455955,0.004579945,0.01387255,0.00086814346,0.00053826516,0.5496535,0.06453643,0.0010337011,5.7473753e-05,0.08562713,0.29342997,0.005617723,0.12779309,1.3532265,0.15270723,0.22931525,0.03000285,0.07791187,0.2735649,0.05274989,0.020984273,0.02535216,0.03234683,0.046155557,1.44286,0.12635773,0.8053223,0.7796541,0.09194252,0.18681169,0.0012151334,0.09537252,0.05220212,0.0055551436,0.0033461368,0.101152256,0.048607394,0.20433436,0.13424802,0.80346996,0.08063036,0.5325198,0.8330287,0.92082596,0.31067806,1.1290483,1.0175554
125222,0.00016602794,0.022490839,0.031380296,0.0748044,0.17562789,0.060643792,0.072167955,0.016571213,0.16044788,0.048274714,0.1307717,0.09752146,0.017171538,0.009684115,0.037574407,0.008634476,0.012291494,0.06691164,0.07600817,8.678947e-05,0.0045007006,0.23105259,0.07797293,0.00758343,0.0010499539,0.013892368,0.14596093,0.3382919,0.12533236,0.08217719,0.04945038,0.030205656,0.0042728465,0.047812678,0.021070497,0.025815092,0.20573878,0.19908023,0.035258953,0.037413474,0.09722881,0.20365912,0.19673406,0.0028059527,0.051745262,0.022438264,0.05703868,0.022392191,0.0016219349,0.00026999455,0.114220366,0.031137452,0.025861504,0.0632498,0.05276031,0.03497071,0.16452748,0.06497599,0.23699094,0.17582266,0.01766538,0.20597783,0.15492578,0.013452604,0.06608062,0.012485996,0.013068758,0.043227345,0.0056526475,0.080196165,0.007830387,0.15806836,0.019557245,0.04036478,0.059983097,0.020639088,0.16012281,0.22125222,0.07239632,0.043783076,2.6471185e-05,0.0058552595,0.17162554,0.114384,0.12612832,0.00015757198,0.032289203,0.20896065,0.053378634,0.05812121,0.008761393,0.0051043904,0.026389252,0.078072265,0.04303794,0.01863965,0.36775973,0.04931162,0.037176777,0.00088341266,0.001166037,0.0067783534,0.2249684,0.049178485,0.21676894,0.00018886961,0.00031948276,0.052860588,0.033335216,2.760638e-06,0.04776233,0.089288756,0.3516565,0.0003972114,0.009488823,0.10281343
125424,0.1424833,0.42436883,5.362332,2.541332,4.067171,6.941049,0.5025816,6.430555,6.3607535,2.1932225,14.099269,8.060852,8.372174,17.625727,16.823988,27.850477,0.07079062,0.012789606,3.414197,26.048885,0.4802914,8.67522,8.072989,4.4923286,3.8777153,26.451313,5.1205378,20.639042,14.209233,0.71559995,16.53843,0.7847322,0.46661922,3.972473,14.018434,18.758448,0.0004690291,3.0684435,13.481208,2.230919,1.2510116,1.7686154,0.4666225,3.6437109,1.7328395,0.82876486,3.4140108,8.223645,0.34797218,0.3643379,8.422933,19.538054,0.018049587,0.19475497,0.035322454,0.93950117,0.041718017,3.7078583,0.002317602,0.03458708,0.7293359,0.0043610428,13.172143,2.2118583,5.9068413,15.487026,0.16053869,0.066180944,0.64911693,0.09251613,2.1458986,1.4591008,10.453906,16.138103,2.8146935,9.372114,8.329432,9.052718,8.179759,0.0004325877,3.6183534,0.4829708,3.9775743,4.827884,1.1454102,5.169109,2.7846973,6.8040185,3.040714e-05,9.030713,0.09279609,13.264672,5.7557454,1.1007231,5.091942,2.085077,7.836019,28.003153,0.074310094,15.257567,2.8681822,9.099758,8.196004,2.7169135,0.11372711,4.26525,15.984865,9.456374,23.952581,2.9681573,11.767384,0.49317598,3.233717,0.6222009,4.1906266,9.082535
125525,0.50328416,0.68433595,4.409603,0.8569109,1.3578794,3.4443004,4.4834247,3.2840574,4.013202,7.698133,5.884352,7.910367,2.1774862,54.44375,19.216219,25.752302,5.4763975,0.8818848,1.0044715,21.63995,1.3714744,13.876148,12.907109,6.5446196,4.121933,36.656788,3.63069,25.078577,8.798865,0.30825484,17.566875,0.2780654,0.45710808,4.0226064,16.16619,15.590329,0.05509275,7.763021,21.942734,0.024481742,1.4470431,0.64328045,3.1544614,1.6644788,9.306021,3.2598183,0.2108541,6.4289722,2.7767673,0.23278205,8.83284,51.06291,1.1795808,0.108947046,1.9557902,0.2987032,2.448426,3.387947,0.32187983,13.301446,1.2978826,2.0528286,19.08624,7.6483755,0.5711938,30.745392,1.2666209,0.05765695,3.1572218,1.7051008,3.0445766,2.8431723,9.1047535,17.383684,3.8695893,19.50146,21.083324,23.836983,9.902575,2.4356592,0.66916823,5.733031,4.6268573,5.035873,0.89796364,12.280152,2.4788835,15.887225,1.8137773,7.8701105,8.419448,3.101583,1.8914073,11.840161,7.893688,4.176114,4.2844367,20.280993,0.66153663,12.157848,18.784098,19.179272,19.777039,1.3877348,1.1103487,0.29494318,5.4307575,16.779015,68.22343,19.078878,15.520118,7.2751084e-07,0.3329675,4.000141,1.3112955,5.1325674
126325,0.35787252,2.5213997,2.1686933,2.9719412,1.8831409,2.0816011,0.69145954,1.8540517,0.65257186,6.2139225,0.07311244,0.062780604,0.008632732,0.91192716,0.20808184,0.17868556,0.05867797,0.5707225,0.007389598,0.030973796,2.1870425,2.6652954,3.8274083,0.7401271,0.63200504,1.0499606,1.8977005,2.1620395,0.8362457,0.48219958,0.003470221,0.00071265234,2.800834,0.027390482,1.1606646,0.4822451,0.14096227,0.5194319,2.1435149,0.08158383,0.14929886,0.18440977,3.5773172,1.1317668,0.24124303,0.83465976,0.61291015,0.13433123,0.7071466,0.040230855,5.240221,0.30673277,0.2058371,0.21891043,0.31998372,0.935045,3.9006486,0.40578514,4.424789,6.823421,0.95599914,0.09364986,4.9425244,0.84715724,0.39926532,0.07280858,1.4642397,0.6368195,0.020897381,2.3300745,0.7164061,0.05830712,0.19746843,0.28436545,0.18825896,0.14241788,0.0125623355,0.0021047902,0.22157691,0.008555627,0.039705638,0.032361668,0.09277404,0.32198048,2.2349126,0.5108673,3.3171082,1.2669036,1.0663507,0.48497185,10.829899,3.3616607,4.187361,0.30000955,2.1934667,2.44404,0.27867866,0.2325732,0.06433436,0.66800225,1.8605223,3.598762,1.6168362,4.8627114,10.377774,6.8753376,1.4235405,2.0009017,0.28998503,0.2908827,0.7839947,0.023590976,0.08850644,4.1292143,26.801043,0.085742146
126426,0.029251536,0.0069633336,0.021609144,0.44041002,0.31964287,0.664303,0.0468684,0.4520695,0.51894194,0.04319968,0.27288166,0.71282727,0.053562727,0.41839132,0.61573786,0.5763106,0.0279,0.015538377,0.28087673,0.7791326,0.63460267,1.349059,0.27272886,0.4031562,0.6501349,1.1619233,0.08651377,1.3718544,0.084908605,0.012602869,0.035762705,0.13803422,0.00040174217,0.21105717,0.15388408,0.024172148,0.3273477,0.027888093,0.58671457,0.05048497,0.25302574,0.10488521,0.687822,0.019863905,0.13841268,0.035003122,0.0005604263,0.19229296,0.03132415,0.08000947,0.10565639,0.17340243,0.31139123,0.14096437,0.02073142,0.059000596,0.2873624,0.10424543,0.010150301,1.1022065,0.030202957,0.014625655,0.088093646,0.057795677,0.04584078,0.11233331,0.032927003,0.087897725,0.032446776,0.038271923,0.31986323,0.61785424,0.053789444,0.23837176,0.22205392,0.8151575,0.062235225,0.225453,0.007858128,0.13324837,0.12356954,0.07312563,0.28243634,0.19916858,0.59694254,0.20867662,0.09326633,0.005867494,0.7316839,0.35650685,0.7120444,0.5545769,0.69886535,0.05800169,0.08220389,0.10024984,0.08883676,0.04913335,0.11690576,0.12330384,0.07341558,0.020937366,0.012675572,0.07410521,0.11920893,0.15592304,0.40552166,0.0018509111,0.98307633,0.38522166,0.27333108,0.16042481,0.08188986,0.002038241,0.101965845,0.4615477
126628,186.8797,201.13954,148.86343,27.039343,256.15097,114.78325,76.352295,177.90947,19.109533,487.02393,1.1641327,19.588785,24.09922,170.13396,3.8987112,113.77636,0.0011837487,125.466446,1.4430081,37.442463,213.8306,30.777958,68.55252,50.00186,0.24251272,21.048304,120.49818,247.03389,2.0894399,30.88927,2.3772354,0.52646434,100.62716,3.1301973,0.0360441,15.694987,12.327345,3.3085108,156.60771,27.325928,25.405676,2.3122447,383.30426,19.151758,50.054665,55.163517,85.45745,8.391522,1.7641152,16.618877,480.73227,166.37314,15.955066,12.746357,8.649055,4.5299296,132.94498,4.4561157,264.92465,527.55304,101.13489,49.729763,185.35777,243.00142,18.218914,124.92426,14.296685,55.442463,0.13426866,150.43881,4.431267,10.177145,27.178713,43.94034,94.5899,110.95805,111.07399,97.838615,28.380787,139.271,1.9138212,62.489414,66.18557,63.331383,132.4873,3.9963312,79.00462,249.98901,112.77251,1.7131252,300.7511,31.02164,47.22857,141.744,239.61469,285.32748,2.2805917,0.03762939,79.56525,15.301593,32.508064,6.64294,2.7932155,121.192406,100.11514,27.8508,37.498314,0.5547176,128.14769,90.87487,0.7976715,5.130663,144.11441,114.3872,779.9284,37.33254
127226,35.62349,49.962013,33.80816,17.750746,49.116776,34.423634,16.376839,46.418137,8.515515,121.44541,0.75766414,3.6234078,2.8484352,39.185936,0.39984372,23.062616,0.017840106,40.62211,0.082943544,18.05053,46.708725,10.148878,33.509888,17.035994,1.071009,7.5382314,29.893324,64.754684,3.5492609,11.964497,3.41125,1.1260598,40.62548,4.7215285,1.2549918,5.606311,5.941318,4.4129753,32.59359,2.4604726,6.006119,0.4868096,110.07695,2.4993453,12.6131525,4.3829956,27.786085,5.6505887e-05,1.6036143,6.7126985,125.78209,32.375645,2.182184,2.33974,2.8208375,2.2514307,39.521126,4.766625,64.27648,117.0918,31.522417,15.706751,64.14593,59.659794,6.261261,24.90756,1.4230876,7.17522,3.0754926,29.221708,0.1179401,0.6015357,3.682891,5.8578176,15.850534,14.466606,19.126818,14.620778,12.596036,24.32192,2.7234614,20.92509,23.968578,18.788496,41.859768,3.1933918,8.827669,56.774895,15.102148,0.9036205,92.41213,12.099202,12.515525,25.171295,69.676056,54.651466,0.5031728,0.045229252,11.661365,1.7726207,10.834612,0.047087297,0.108188644,22.945297,30.71299,12.250741,14.373408,0.14988673,22.473701,19.715624,1.2517036,0.3973122,28.501888,37.777214,195.38005,1.7086611
127327,0.046031903,0.099197134,0.012778682,0.015512743,0.00041795007,2.7741974e-06,0.027302481,0.019607302,6.424702e-05,0.034630433,0.2294886,0.030395094,0.0034142896,0.05375165,0.00089443685,0.039274044,0.001977476,0.019876113,0.00034126823,0.057518594,0.16363093,0.021501997,0.005059639,0.012617819,0.17414764,0.015635224,0.0002860636,0.017918186,0.0001886403,0.018366586,0.27606732,0.12583825,0.0032811968,0.03142668,0.0743869,0.2839002,0.011522427,0.0064356523,0.0032570686,0.004460874,0.00031793173,0.004451243,0.115364596,0.055886697,0.08757638,0.0009839768,0.0098068025,0.39861062,0.102605656,0.018240048,0.16468504,0.030318005,0.020598546,0.08390048,0.010326531,0.02555973,0.08216933,0.053486563,0.005112596,0.10881104,0.012541127,0.004600035,0.20256488,0.0017859207,0.19301403,0.011227249,0.012786146,0.0053243646,0.0053247693,0.052927498,0.015789177,0.07315058,0.12350199,0.07168181,0.032431833,0.009037706,0.00012392942,0.00049476733,0.09506827,0.14113222,0.0268572,0.00075175666,0.0042381203,0.002119731,0.0065475707,8.478788e-06,0.010024863,0.042600423,0.09543397,0.040103573,0.011009438,0.037021168,0.018591113,0.0016055617,0.115050875,0.00030749716,0.0493339,0.00096844713,0.00012950343,0.0106855435,4.2542702e-05,0.08619916,0.0026550065,0.025449798,0.14132051,0.41013038,0.07083949,0.01875894,0.00057376863,0.2838439,0.6051872,0.17184672,0.0412069,0.13402285,0.16604194,0.080589615
127630,0.025508927,0.033684574,0.038800444,0.08387058,0.024420787,0.27008393,0.13004324,0.32812378,0.3819518,0.6457123,1.0555369,0.69533926,0.029183341,1.333107,0.648419,0.4177095,0.0044215,0.060237586,0.35510525,1.2327843,0.008720571,0.44202894,0.319754,0.16301878,0.070292376,1.2395589,0.056467243,0.5917513,0.15143362,2.8619464e-08,0.26408792,0.03321625,0.029351402,0.17918253,0.53592014,0.08045496,0.09990708,0.18416211,0.8914884,0.10793123,0.045628693,0.049843263,0.07519816,0.20952998,0.06367467,0.037975557,0.123838715,0.32391283,0.0519091,0.017570676,0.32950404,1.4545349,0.014652195,0.022076746,0.08508507,0.10761846,0.10293831,0.074625105,0.24643627,0.23976463,0.12095809,0.16112648,1.1046984,0.07157346,0.67990685,1.6212354,0.008810245,0.13869609,0.10896534,0.016871782,0.0032231575,0.1613033,0.33555442,0.7467768,0.31562126,1.2055486,1.0122385,1.3414011,0.74977237,0.00929815,0.061519314,0.13906415,0.014051794,0.3310866,0.010614425,0.16843514,0.0628759,0.3523937,0.12373994,0.24344948,0.032730125,0.6279352,0.10814748,0.418428,0.008094771,0.6613637,0.8414889,1.4031602,0.001480794,0.5760371,0.89182144,1.5017524,0.72896254,0.00787513,0.41480586,1.0374581,0.9638099,0.39590102,4.158079,1.7550429,1.6811669,0.77329826,0.039137732,0.08113272,0.48598188,2.9333785
127731,5.465358,1.5347726,4.4113593,12.856106,5.765566,36.504173,58.00367,45.247322,13.601176,28.441505,61.422207,85.928276,6.7708893,282.86948,85.11453,154.43816,1.9159214,0.35675347,5.1899385,138.1607,20.76519,76.90222,51.633347,93.29971,11.667057,189.34415,18.37371,150.30489,113.75459,1.2971479,141.04262,16.310247,1.4026414,50.18172,173.87878,223.30376,10.560523,80.64334,118.76426,25.868017,3.3526337,2.2071958,0.09800282,11.048426,46.477215,38.40963,9.298936,44.755928,3.6241508,16.186687,59.143993,228.81732,14.828778,4.8154774,9.342009,8.768458,2.2736428,47.901535,0.6511318,75.45683,1.363535,0.5782993,189.01309,7.984023,74.05321,134.13506,3.103466,0.98911095,54.113464,2.6765308,17.762266,11.841289,126.53587,195.10866,52.72995,103.59146,170.08722,163.20522,109.12673,30.576946,34.20666,0.32227013,23.892021,37.651306,21.428385,81.29393,10.830636,62.809067,13.238934,67.40631,31.457989,70.15275,29.057173,13.126519,11.289875,7.760068,63.272816,202.347,1.0142429,80.93741,47.810993,63.5464,77.159035,0.6888579,1.1641734,22.790869,20.604279,77.38266,344.2459,55.629128,42.98109,15.250524,26.618385,2.0569806,53.45562,64.81694
127832,12.821484,22.718267,12.698296,10.829386,28.90239,20.44917,4.6870947,22.037811,3.6426165,68.87009,1.296335,3.3400965,0.19835913,21.079445,0.694931,10.82346,0.29248667,21.065327,0.078986555,13.269852,26.697063,13.238106,22.000984,14.438123,0.25597006,5.394152,15.887001,36.71233,4.0145454,10.119844,1.4141564,0.5677203,19.06935,2.1934674,3.079082,4.611693,1.4173005,2.4682481,26.108578,1.5110959,0.34654748,0.25868934,50.483322,4.657497,5.389666,3.2952526,12.735499,0.6479244,0.30094352,2.9546282,68.2569,15.969208,2.8903496,0.47809306,0.30720893,0.04665996,25.110304,2.0267172,44.810436,90.171486,17.60228,5.7291827,52.624344,32.241833,7.1154623,6.985553,2.7308812,3.6033127,4.6385617,11.269259,0.009401447,0.05923893,0.7141817,1.2423627,3.8465598,5.7899404,10.529632,8.008527,6.0115294,14.744274,1.3603193,8.534466,17.762766,14.593077,24.187635,0.2638139,8.321161,26.503708,15.382254,0.037464164,63.270737,16.625862,13.028627,5.4693627,28.520872,36.10883,0.40447012,0.7621584,2.9537816,4.4666962e-05,7.8270116,1.5122972,1.0966911,26.363796,26.443188,9.868348,15.937976,2.1401937,7.7173285,5.420508,4.920098,0.062248543,5.5914593,29.149593,125.37423,0.2385256
127933,98.945625,108.05564,88.79831,21.643885,145.14091,68.214134,50.37986,99.922195,16.016281,257.71655,2.652423,16.096144,15.508206,98.15453,0.50690347,71.39813,0.5515438,82.521545,0.008112778,25.45295,105.115486,21.015072,49.82046,27.889673,1.6785045,15.058727,73.26515,144.92293,3.2675588,23.417635,2.2963643,0.011142726,63.787888,3.1195798,0.66299015,14.945349,13.962885,5.7735558,66.750305,7.9133363,20.66508,0.000108943656,214.94339,6.2207494,36.38843,19.74431,58.49191,1.97212,4.819754,12.653303,270.30655,93.19425,2.8360772,5.0024924,9.965217,5.6574187,80.857376,6.662818,115.95378,242.07465,62.33832,33.467552,115.504135,137.25653,11.31669,67.34143,3.6516778,22.382301,0.8745543,71.797585,1.0953662,4.262845,10.327167,16.794367,37.574936,46.82993,50.899296,41.06076,17.564909,75.35138,2.7579145,36.21402,60.534924,43.1937,81.9141,5.0665736,23.104895,138.88596,38.055973,1.8049792,132.20772,15.287678,11.258609,88.0002,128.09166,138.55074,2.4276462,0.076812804,48.04664,11.27892,7.796773,5.5499954,4.571978,47.193634,53.75955,11.35453,19.16431,0.0020527928,54.89475,52.654137,0.48411947,5.07204,82.654076,55.08533,378.71918,6.2861724
128026,0.19762918,0.008049405,0.4438322,0.20752236,0.027643975,0.49176288,0.26257616,0.16738495,0.7662604,0.70941293,2.9137933,0.62732434,0.41540855,2.4542081,2.0258186,1.0573612,0.001363581,0.006869987,1.3403486,2.5013645,0.0005384636,1.6694157,2.1813445,0.24009359,0.374376,3.182597,0.054809388,1.4917365,0.5659568,2.5407508e-05,0.8434074,0.00037234733,0.12159692,0.70587784,1.5646417,0.067990035,0.26024586,0.3053345,1.5699508,0.09634051,0.29036626,0.053421877,0.6488438,0.7254751,0.48169854,0.0006667398,0.42771488,0.5798307,7.241184e-06,0.11669284,1.1729482,1.1797787,0.03844356,0.035652865,0.023307923,0.07031885,0.11967811,0.106208704,0.0104031535,0.6487401,0.23050271,0.19745699,3.378163,0.12214221,0.9108597,1.4348778,0.08595975,0.2124639,0.04142033,0.0063765966,0.5339612,1.0195558,0.2365754,0.78884965,0.15059832,0.9580668,1.651129,2.7268698,1.8445458,0.8150454,0.3223269,0.23821682,0.07476564,0.04031602,0.13559473,0.055905074,0.12857278,1.2468207,0.020818803,0.83175707,0.40359554,0.018761136,0.32925305,0.42175218,0.41159925,1.653735,0.4678247,2.1943104,0.001008725,0.69026744,0.885822,1.2870941,1.7178222,0.0022271883,0.14630578,1.160562,1.9208372,0.021722514,5.542651,2.8158042,1.7214175,0.14554945,1.0089199e-06,0.206404,0.22176856,2.0917382
128127,0.014539203,0.12626472,0.00031288454,0.09121151,0.21041228,0.13462222,0.062670365,0.2473305,0.029602936,0.35016555,0.03353988,0.026904536,0.0014097722,0.055523243,0.40900707,0.05237348,0.10830099,0.028049588,0.0010285372,0.017943017,0.64527774,0.03624365,0.3626835,0.0007675381,0.0014302158,0.009547748,0.059028074,0.060976636,0.024900602,0.003044617,0.02034996,0.18890472,0.30446878,0.0027404178,0.0064061596,0.12574697,0.32638943,0.00042656157,0.00027935253,0.12965679,0.20227325,1.6546337e-05,0.20807467,0.09610682,0.15665387,0.06562583,0.07850712,0.00012825768,0.01835473,0.018249447,0.1913734,0.12768981,0.026242543,0.009000871,0.0075680586,0.01791695,0.33190343,0.10067079,0.0019601833,0.53275734,0.014018763,0.24176994,0.1031813,0.07903109,3.1225023e-09,0.11092932,0.0074241073,0.07946436,0.027033567,0.19578119,0.25260127,0.5459683,0.16764762,0.41912585,0.006286843,0.37804365,0.0835228,0.1411044,0.10450206,0.052988127,0.17936513,0.002423676,0.013474079,0.03273664,0.001472155,0.0063311635,0.17427787,0.15940759,0.10870877,0.03525043,0.23616877,0.09881554,0.006552594,0.69472635,0.08363923,0.007910855,0.37291935,0.19900255,0.17089665,0.0677574,0.035388604,0.28722662,0.0034595288,0.0009999853,0.013656946,0.19406983,0.64064103,0.8462812,0.064506255,0.0010372465,0.42294362,0.015996289,0.0035551726,0.22200322,0.0390062,0.16736071
128329,0.8539527,1.9855442,2.749436,0.083838105,0.5949347,2.1851575,4.4678946,1.0598278,2.782543,6.586047,6.831599,6.294557,1.4489621,41.161324,14.442904,16.518656,3.5401042,0.7297064,1.4655559,19.00588,1.3849306,12.699893,10.201511,2.8119502,2.4422364,26.154642,1.842774,17.101982,5.8152966,0.0006996975,10.176467,0.08172262,0.3110643,2.8135405,10.798561,8.413973,0.17183554,6.6078987,17.853619,0.010304992,1.981359,0.29964063,4.706041,1.9468951,9.095758,1.3411611,0.30606124,5.106562,1.671369,0.036133416,6.662174,42.92444,0.7881594,0.4312319,0.5311878,0.26145643,4.4417453,1.080533,5.6078625e-06,5.8222623,1.2797967,1.3418974,16.304817,5.4627986,0.7284993,26.482798,1.396738,0.039840426,2.1536467,3.021746,3.9285777,3.5091429,6.0136576,13.157852,3.170681,16.07752,24.000824,24.271156,7.6854806,2.7406683,0.38273612,5.7128754,5.5233984,4.417853,1.0310205,7.6841693,2.4501069,13.156169,0.53021896,4.0293994,5.5334673,1.4229708,2.9149766,7.651964,4.257355,7.4160433,4.533005,16.864511,0.008753168,9.197974,9.525801,9.261209,12.279578,1.2927903,0.034957446,0.26288465,7.043181,14.451381,44.58816,20.56392,19.830297,0.08435004,0.20662846,2.854552,2.9794083,3.4175997
128632,0.012923624,0.1580897,4.6966205e-05,0.14922163,0.3964072,0.083968244,0.109854035,0.009663308,0.14253777,0.1294559,0.13196982,0.011063364,0.010951433,0.34114775,0.104767784,0.017941723,0.045548633,0.21223313,0.06335404,0.013017218,1.2102695,0.2872346,0.59080094,0.045926344,0.015324347,0.06898157,0.42512587,0.30136845,0.22330792,0.041371852,0.15332566,0.09532102,0.42973354,0.025877839,0.18980701,0.31876224,0.19939408,0.03913225,0.37121367,0.13987349,0.26016667,0.04795775,0.3356732,0.22443144,0.65259117,0.13364206,0.3119207,0.0077446452,0.050689805,0.00046169618,1.2476658,0.19342586,0.028438954,0.06345437,0.04399233,0.081760824,0.42995003,0.08878283,0.4329913,0.1881409,0.1279941,0.12556984,0.5572858,0.19106479,0.030328946,0.30588543,0.19581659,0.05559388,0.16831319,1.3187956,0.20763776,0.010245684,0.289912,0.15513419,0.013351179,0.20207061,0.037277244,0.04970146,0.0009078963,0.036676396,0.049799614,0.053214453,0.5589179,0.12477263,0.0017483421,0.055159166,0.21981218,0.19505322,0.637131,0.008959534,0.006313114,0.16867438,0.058401357,1.5831001,0.039271943,0.017699216,0.53633285,0.29154846,0.075047664,0.18427892,0.024345597,0.027268188,0.000200765,0.07064629,0.30094132,0.0009856771,2.247955,0.007830561,0.05638044,0.39393175,0.4963201,1.2471609,0.73229504,0.058155417,0.44477937,0.13949409
128935,2.195963,5.383302,2.2214892,0.989965,7.465432,3.5724366,0.76190966,3.5660608,0.21911494,9.463133,0.18870094,0.0016952045,0.042815946,3.485998,1.7758183,0.007687905,0.037362173,1.3477029,0.05711386,1.0577629,3.385705,4.2717338,5.9239044,0.72034115,0.04579778,1.074136,3.3582532,5.4286,1.408964,0.4963916,0.030725263,0.23541354,3.295611,0.009677082,0.22552,0.23504345,2.5879004,2.5035434,2.3797991,0.44762006,0.30578306,0.05389244,9.900426,1.3334726,1.9913604,2.1627169,3.2727156,0.24827704,0.048923764,0.22373553,17.430567,2.235962,1.0865761,0.034326125,0.06968228,0.32251793,8.633645,0.28514522,4.3736057,15.555213,1.9219862,0.48195523,7.337377,2.5444107,2.706319,0.36309096,0.6181973,0.5861432,4.542971,1.1027547,0.5717812,0.08309248,0.2908073,1.6028998,0.009107872,1.3560724,0.11091139,0.44092366,1.4334409,0.79532856,0.18106002,0.277195,0.00055423356,0.34190997,3.9250858,0.6750688,6.4058266,1.485011,2.9334671,0.027097834,2.9915445,0.56885284,0.0644631,1.9775887,0.19780318,3.7525995,6.542412,1.2113088,3.0840228,0.16400808,0.024867631,0.008378618,0.56297815,5.0300436,6.2812276,0.7085437,0.2429344,0.061214287,2.7593243,0.011779986,1.3671947,5.417109,1.3940957,2.2972322,24.97438,0.032809906
129028,0.26485518,0.009821588,0.8673885,0.6785111,0.56301785,1.8001981,0.32039842,1.2602192,1.6495323,0.654695,2.996638,3.0667615,0.6427183,9.697613,4.574312,5.8376293,0.24983233,9.4774055e-05,2.3931723,11.635758,0.05727897,5.6339498,3.1022625,1.2275668,1.1577005,8.731654,0.4064823,5.8118553,1.6212462,0.055628374,3.333511,0.2596034,0.511657,2.1744108,4.911681,2.868687,0.39823732,3.4326553,6.0867267,1.0333966,0.43510804,0.20338377,1.6288972,1.5408437,1.1734849,0.73613125,0.7837672,2.2236574,0.6019003,0.2042093,3.6539168,5.068232,0.02970264,0.013214181,0.031293914,0.43338484,0.23592503,2.6174045,0.010945047,4.36858,0.26240453,0.17380771,8.046496,0.6266234,3.9114647,5.295565,0.58677197,0.94731086,0.73170817,0.03276731,1.2717153,3.0858316,3.2096589,6.662955,0.3031802,4.2913003,6.1554804,8.216144,2.6010144,0.48935175,0.3474438,1.1169727,0.043370537,1.0326761,0.039244536,1.2133797,0.7979194,2.9359818,0.08000147,1.4585356,0.999262,1.712027,1.5612777,2.355141,0.49648583,3.0933483,2.4420235,5.2052927,0.042294104,4.281425,2.1867304,3.3350577,2.6593041,0.020452028,0.46332425,2.5780272,0.65609974,2.5801327,18.388233,4.7359376,4.885465,1.5864514,0.17721662,0.38804385,1.7934346,3.906166
129129,84.090706,98.87154,48.66106,6.1748405,145.08118,67.76567,19.09634,79.331825,5.9224515,251.58107,0.20950112,7.1309247,3.734987,74.19689,5.295477,52.855785,0.04504366,71.2665,0.8731971,26.913744,122.13395,18.54206,30.171766,26.30608,0.48897672,10.156401,51.342575,133.59305,0.18783526,15.940152,0.738458,0.10536209,53.96697,2.7936795,0.18874216,7.627779,1.5874654,0.6139772,98.35067,15.078814,5.0458903,3.3462868,212.94566,15.20701,31.481562,23.744797,48.16841,9.00068,2.0420148,6.7354703,281.3153,81.35891,16.340843,2.7757916,4.144899,1.139764,71.32496,2.4928057,177.74484,347.39178,58.309444,22.26837,128.12502,129.16055,19.743252,58.3663,8.479106,23.45643,3.2365706,62.29555,2.4967659,5.214195,17.507978,24.49352,61.03508,67.11609,63.467247,57.467987,13.917507,91.634476,0.76726705,29.284163,39.516617,40.06795,72.66476,0.0020871158,49.71942,115.156654,85.80922,0.00024428222,216.76245,37.32223,44.5223,60.684597,137.62569,189.54674,0.11473548,1.1315066,29.152184,3.184607,25.822311,0.5944791,0.08814227,99.42504,47.911568,11.358278,36.461327,3.9923627,80.2124,35.03616,3.6541727,2.1362252,53.76176,81.420395,405.77094,14.414024
129331,1.7444149,3.4080808,0.8012775,1.3054472,5.328969,2.7282863,0.30131242,2.1582828,0.7581411,6.1746106,0.44685423,0.0049284915,0.049632516,0.6777816,0.5690704,0.20055558,0.28005397,1.351791,0.17854333,0.8319768,1.6401664,3.7418737,3.642888,0.8617239,0.8399789,0.7576407,2.8461492,4.6574063,1.8007529,1.1157229,0.10597849,0.071576335,3.0030198,0.056917183,0.12606268,0.53492403,2.4352417,0.82195574,0.9967779,0.25494668,1.5701196,0.07962495,7.5544415,0.60094774,2.04183,0.31757194,3.420755,0.0015410879,0.03885906,0.1628538,11.56144,1.7016484,0.69802034,0.00087241805,0.18223935,0.106651254,8.818948,0.5199213,2.803809,10.547349,2.5578232,0.023203498,9.704056,1.6653279,1.7795038,0.13680267,0.34678218,0.3597918,2.8549278,1.5318836,0.56451577,0.000115212504,0.08697487,0.89408433,0.04109572,1.0411307,0.057887953,0.17067021,0.89946157,2.2141263,0.7434119,0.61694795,3.42524,1.9784021,3.097365,0.23862974,0.86586666,1.6415756,1.4159106,0.19307452,5.6316233,0.11361139,0.9006628,0.90172225,0.43700984,1.6408862,6.9077687,1.0393789,1.5858467,0.092424765,0.2841711,0.11369854,0.010337334,3.8814938,6.8206735,1.8090155,0.19074692,0.012717581,2.1674743,0.13968684,1.4167707,3.9445107,0.8840213,2.8853028,22.784603,0.34782523
129634,0.001751682,0.011337544,0.086772576,0.15739945,0.12157601,0.027141029,0.07915024,0.0009439086,0.12399585,0.14720352,0.18303697,0.05414319,0.19996953,0.018154183,0.017276563,0.09214579,0.0015724481,0.058920227,0.046145648,0.022776298,0.56427646,0.051209882,0.08435764,0.023380624,0.026966467,0.0071885567,0.10060601,0.026883472,0.03687073,0.04011899,0.004972463,0.022143858,0.009179921,0.019008502,0.034430265,0.038586203,0.087497145,0.011795253,0.00452224,0.07753089,0.017224284,0.0028155814,0.042378623,0.06274701,0.29234013,0.00920828,0.025914738,0.30180025,0.007507058,4.4656008e-05,0.15409744,0.072050184,0.0849105,0.06290124,0.0005445074,0.019941708,0.09056582,0.0018934823,0.0058073723,0.01519199,0.0034614431,0.03153037,0.027388785,0.00014491039,0.028684339,0.0021013953,9.940673e-05,0.02567765,0.015115331,0.11276201,0.2577598,0.013220575,0.0061519374,0.016334955,0.006477785,0.041844446,0.012800852,0.019908678,0.039095093,0.07180674,0.0019302214,0.034266733,0.03806077,0.006167705,0.055353764,9.001567e-05,0.009556681,0.14245322,0.019385362,0.047049936,0.023026245,0.00013851683,0.24730635,0.42310986,0.26856747,0.033374794,9.557884e-05,0.01863352,0.0162961,0.0014896573,0.0971681,0.11704244,0.033511747,0.078346185,0.110120185,0.019520193,0.48738816,0.10570986,0.34413376,0.30744478,0.089324236,0.00091534277,0.1052663,0.01529153,0.28097597,0.16499001
129937,0.47874278,0.051103435,0.1327949,0.00057848264,0.31646928,0.9364134,0.3798146,0.4461934,0.7977522,0.36147094,2.8756251,0.614032,0.30653587,2.5605571,2.0628932,1.9402643,0.00045250828,0.010268115,0.67340416,1.3791624,0.014683314,1.3716866,1.2837198,0.34050357,0.5240198,4.027375,0.014095116,2.5722923,0.31843933,0.11253557,0.7487319,0.0033254127,0.056531224,0.23900276,1.3335744,0.48740274,0.051336925,0.12413122,0.524407,0.001991102,0.28688237,0.5694842,0.17542478,0.31278044,0.3293527,0.009579078,0.22303018,0.49066353,0.036979947,0.026962973,0.5991977,2.3567786,0.00012884564,0.004399659,0.029456047,0.18092208,0.20564236,0.5737415,0.1431883,0.63687533,0.07832293,0.17589676,1.0457441,0.21740471,0.34300354,1.3349024,0.01606183,0.05094027,0.0022134935,0.06302125,0.4692193,0.47718003,0.2648731,0.8676713,0.008246154,0.41792008,0.93998677,1.4056226,0.43046945,0.028331442,0.1358952,0.2182232,1.7417792,0.21921395,0.030208603,0.25461483,4.934155,2.192248,0.10673431,0.509322,0.51116294,1.060897,1.9876629,0.03425256,0.78907,1.079743,0.64731956,2.733597,0.2397959,1.3111992,0.1098168,0.21798171,0.8497088,0.20178892,0.11353866,0.9236638,0.55652684,1.3095062,5.075446,0.9910462,2.044502,1.200406,0.7900898,0.31765485,0.21865167,1.2032536
130013,0.082920045,0.87472165,0.33225885,0.55648595,0.067774296,0.14493576,0.17195852,0.40649593,0.033878185,1.1325778,0.035385214,0.21887133,0.0033458022,0.048265565,0.0007296122,0.38948277,0.0025843864,0.77598274,0.117059015,0.040689178,0.08990667,0.7864269,0.9301931,0.025931215,0.01763631,0.042113382,0.18771069,0.40626156,0.58560175,0.16327257,0.09340982,0.012810612,0.6160364,0.06327939,0.29006892,0.20824653,1.1596522,1.37495,0.047344293,0.002974115,0.6406778,0.2710319,0.20005971,0.0009968467,0.04015588,0.00013978964,0.44578636,0.42887342,0.0015847104,0.2752922,1.1386814,0.98341745,0.0013381223,0.5565607,0.15561984,0.0022703756,0.72344196,0.044623315,0.097497635,0.36697164,0.50765395,0.13714907,0.86761856,1.332341,0.06022191,0.27037022,0.0036837084,2.9926766e-06,0.12010387,0.20941514,0.4197835,0.02310587,0.008148218,0.09967529,0.48626155,0.147148,0.16459028,0.022455579,0.63142717,0.010462776,0.0011866543,0.51380086,0.99355227,0.20890301,0.36030707,0.07275188,0.10924629,0.012316898,0.006675503,1.0959026e-05,1.4273067,0.3528155,0.02521411,1.6907674,2.154023e-05,0.07640762,0.35601172,0.033595312,0.1646301,3.62503e-06,0.020263782,0.014260736,1.3366117e-05,0.110268384,1.1809896,0.27545753,0.33126968,0.0179405,0.036609206,0.039860215,0.21242744,0.06967029,0.22686078,0.32587036,0.8939224,0.029935036
130114,0.016185017,0.012156075,0.009543658,0.21548578,0.012297481,0.011110441,0.063457884,0.10710842,0.251258,0.008088511,0.17075047,0.28601232,0.048715863,0.1298824,0.081672706,0.011182639,0.0011497157,0.0012641976,0.14782806,0.4370542,0.0053878343,0.03459061,0.31646225,0.22162695,9.877276e-05,0.034880012,0.0016536351,0.45258126,0.06972527,0.040568568,0.002702198,0.0036857598,0.13902432,0.02405114,0.4509141,0.04807209,0.014736939,0.026791295,0.058657303,0.06178167,0.19464678,0.023135288,0.008609548,0.0023029798,0.098944426,0.00029939655,0.010125077,0.38136655,0.01839318,0.46544623,0.0051906365,0.014640245,0.0067855753,0.013425515,0.00028866183,0.12939776,1.5577156e-05,0.095616594,0.17243761,0.56652844,0.06553146,0.068302006,0.00017869574,0.1077281,0.0637556,0.039679073,0.0018208405,0.009266178,0.42016545,9.423865e-07,0.11150872,0.016108653,0.13175,0.103686534,0.008762699,0.12301756,0.016330894,0.12292136,0.017345874,0.43562284,0.0067487615,0.0004233718,0.00065880467,0.0056271264,0.07471445,0.03975356,0.7725792,0.07756223,0.0015119051,0.088998124,0.2890356,0.23185961,1.0977731,0.37456965,0.005899803,0.33225706,0.41008535,0.040711112,0.124690555,0.05364355,0.14906013,0.32239255,0.14936456,0.29556876,0.006035019,0.094133265,0.39161357,0.06480056,0.21723333,0.31832868,0.095719926,0.33277676,0.13921063,0.1270611,0.07768601,0.32109624
130316,0.00036649924,0.024755774,0.00025729203,0.09548112,0.01842124,0.22233728,0.02317011,0.11635263,0.2830504,0.16947848,1.0364093,0.4628741,0.06524041,0.3295619,0.28012982,0.3136247,0.037137643,0.01056028,0.17489205,0.6857265,0.017073335,0.3980699,0.3686986,0.21387453,0.32309324,0.37684095,0.016099202,0.47663265,0.09541814,0.00889105,0.087488174,0.005932251,0.017995294,0.11933454,0.013272108,0.2564106,0.004432047,0.0033900333,0.1353382,0.00013442354,0.00039502708,0.059108306,0.42878762,0.03464466,0.3105697,0.003184965,0.19050838,0.33021924,0.00034954914,0.00072714617,0.49721023,0.13035932,0.28745815,0.031704642,0.056680948,0.00061459676,0.110492334,0.111149706,0.02348668,0.1973203,0.011830431,0.1296909,0.60354143,4.3090645e-06,0.16367058,0.48034114,0.00862834,0.009438868,0.001076419,0.045740817,0.1403361,0.27504098,0.1382421,0.33448803,0.25256467,0.33496144,0.42444655,0.8348239,0.5131202,0.021007333,0.13707362,0.021525623,0.061321445,0.3796277,0.08832867,0.007718927,0.028715372,0.124917336,0.02741423,0.012279467,0.016293706,0.13665369,5.320851e-07,0.29735482,0.75938034,1.3532284,0.32809046,0.619049,0.19325918,0.049360674,0.102402605,0.69283324,0.16401875,0.045988727,0.5618419,0.72977555,0.42331225,0.13483475,2.8225956,3.6374319,3.3951786,1.1322378,0.024264665,0.009800756,0.47902194,2.037041
130417,0.1627846,0.52604276,3.305432,1.8345671,1.429313,2.562153,1.0126929,6.273241,1.7038125,4.202091,8.340531,5.3557463,6.096144,19.788776,8.605276,19.05856,0.4864463,0.57508516,0.73375607,15.315608,1.2551625,7.891995,4.3401213,3.0726697,0.97214955,15.027468,1.5863178,10.145233,10.668364,1.6555791,13.894691,0.3121958,0.12263599,2.471839,16.94516,26.626627,0.035103895,3.8788116,9.285412,1.8173876,0.8781973,2.383284,0.22708355,3.9230602,1.8842885,0.46017882,3.126267,6.044631,0.004565838,0.43894395,7.5984173,17.427,0.17213327,0.14272521,0.013393299,0.14152224,0.00083550875,4.0991645,1.309596,4.958196,0.36386472,0.00041055723,9.029149,2.4996228,4.823676,12.309797,0.25105366,0.304562,0.106423825,0.008863247,3.4372787,1.9128674,9.790851,15.943093,6.5969315,8.417901,17.586067,19.090487,6.8853703,0.0020960926,1.457161,0.62856966,1.8515023,2.3737261,0.5874148,5.123862,0.63799983,7.4998426,0.15551709,5.7526383,0.0040424475,8.33447,10.06419,2.2279587,2.189271e-07,8.5894165,17.790348,36.588142,0.25970957,12.666004,2.6368525,9.051618,4.8651257,1.2232504,1.1340402,6.5404997,7.906057,8.578965,51.296043,9.144336,17.785011,1.4565187,4.1148243,0.45165023,8.337956,14.1936
130518,0.15617608,0.7294367,0.3545149,0.067711376,0.090261444,1.1463557,2.745504,0.06423849,2.1691473,3.2962728,3.238621,2.033688,0.07094285,11.264604,1.9640174,0.3933833,0.83434767,0.94526607,0.5809519,2.510373,0.21644028,4.1693144,1.9893708,0.22132628,1.4692026,6.051513,0.64215523,7.705591,0.8509271,0.3542119,1.6129915,0.09784954,0.0077578323,0.39331406,0.96398443,0.16577479,1.3522804,0.5425264,3.0372612,0.079913326,1.2450893,0.013988789,3.3549361,0.0034582792,5.4058967,0.0036766864,0.69683015,1.2824937,0.36305204,0.26081532,1.4683142,12.109445,0.035099767,0.198099,0.8776888,0.12100706,3.2006068,0.11213998,0.5961056,0.49064115,2.8188598,1.2789079,1.4139725,1.0558541,0.51342994,7.7639656,3.0596085,0.074886374,0.040009797,2.3718095,0.37165976,1.7919582,0.37481442,1.1047632,0.059635557,2.511864,6.576003,8.717628,0.39407656,4.7492623,0.034504615,2.0987701,1.620183,0.24069443,0.5271627,0.40401757,0.02471112,2.575184,0.010738326,1.0064532,4.408012,0.028389258,0.0042461567,2.624452,0.15177365,1.7925609,1.0667794,2.499704,0.08253724,0.3132904,5.021556,2.332344,4.4770947,1.8931639,0.46073186,0.00206505,0.58848846,1.7445997,9.88606,17.626347,8.917619,1.2664815,1.1521869,2.481371,1.7146724,0.6951405
130619,65.41006,66.30689,50.568222,9.016693,107.25787,47.38004,26.308762,58.257397,10.828088,167.6445,1.6248474,8.569124,9.481403,59.57029,0.28719828,39.949364,1.3603097,52.990593,0.031346362,21.363644,61.327496,19.223118,33.254375,22.893965,0.08407972,11.02678,44.663803,101.75049,2.8698864,14.954739,1.4157484,0.047867652,44.810936,3.402672,0.9750816,12.11428,11.08948,3.9095042,40.824036,4.9731126,12.9785795,0.33530676,143.62782,3.4846737,21.01997,11.941971,39.786415,1.4334447,3.898771,9.773378,190.78584,66.618484,4.228474,6.0266056,6.3501706,4.2909603,49.49178,2.66504,78.37312,185.3078,42.749043,17.000034,86.713844,86.0844,12.549897,48.64261,1.5287855,10.232145,2.649482,36.197025,0.25843853,1.3859181,6.5659347,11.864061,21.221817,34.349644,27.253042,21.359867,12.596967,56.38846,1.7260926,23.50672,35.349632,23.914347,57.12699,2.2707522,18.368172,73.908134,36.283516,0.7192619,97.62367,7.9135337,11.712343,62.338238,78.06024,84.78026,2.3412538,0.974772,31.871748,9.091478,5.9485507,4.987977,2.4414506,34.200794,36.92703,8.332764,9.610022,0.15442277,39.013706,35.880726,2.3209307,2.3452513,51.53078,37.894894,259.9384,16.580053
130720,105.75933,118.46193,81.25878,11.116663,198.6694,87.19825,34.489082,107.91255,13.130939,321.48108,0.17811418,9.57689,10.241085,96.637695,4.0368056,63.381756,0.046589684,82.69407,1.352742,25.158968,136.98653,21.859894,38.458855,31.628052,0.011837102,16.010233,71.06949,175.76256,0.67728734,18.83232,0.8525611,0.86816937,62.42614,1.6874001,0.24783774,9.525649,6.038725,1.840932,111.6148,21.579037,13.445996,3.898127,261.95383,18.266466,36.707207,36.891544,58.910473,9.229117,1.9891778,8.155856,327.2329,101.00074,12.144451,3.9772017,5.496247,1.6306857,86.38563,1.3277464,184.59618,424.41116,63.282455,25.471487,136.65756,153.0887,17.83487,72.34627,8.918803,32.2489,0.9882171,88.551834,4.3020573,9.127011,19.819023,32.686314,74.82708,91.51888,72.77434,66.59651,17.388042,99.25987,1.6080619,36.54657,44.474686,35.24638,91.743,0.48608443,56.187176,137.08383,81.55779,0.36020327,197.84552,24.405334,36.81011,88.23876,131.73007,189.82669,3.3235035,0.018677205,46.018494,7.6991014,17.477251,4.1403522,2.8136208,93.937,65.11814,16.620064,28.304848,1.0695908,77.81888,40.21902,0.057780705,4.148269,85.40724,78.019585,494.51028,14.242113
130821,0.0016262679,0.00065608125,0.2357577,0.20370981,0.123598665,0.0033559047,0.038211726,0.0043087704,0.00065991277,0.0043171197,0.0017022699,0.15038869,0.012346459,0.01766946,0.021143166,0.16671589,0.011689591,0.071795814,0.0007465793,0.120767206,0.030834856,0.7861342,0.19516046,0.01457583,0.01523538,1.300425e-05,0.09880997,0.31972712,0.13558182,0.05093041,0.006796445,0.023927547,0.1131397,0.043210883,0.63003874,0.3219549,0.41121572,0.254258,0.010236178,0.02171654,0.15350045,0.1875219,0.06265358,0.021489361,0.56574225,0.007638628,0.14990763,0.13019933,0.14705075,0.37927133,0.2741497,0.01971261,0.008647392,0.0025937094,0.032122485,0.013964211,0.130909,0.0020158547,0.13676807,0.00011083561,0.055039372,0.10374568,0.15700339,0.06783523,0.0013069115,0.24758312,0.0858806,0.019790968,0.0054655075,0.0023668716,0.039206225,0.08826264,0.19322781,0.14416495,0.71142924,0.25561765,0.0719515,0.014671723,0.06805624,0.14135885,0.03037368,0.009866474,0.0043276064,0.003240001,0.044136673,0.019793885,0.007506407,0.08607205,0.006314928,0.068381034,0.10636231,0.34282386,0.12806824,0.00043336162,0.0064361016,0.0867813,9.969368e-05,0.095790125,0.04683359,0.0013085712,0.13085407,0.8506433,0.03962131,0.040531058,0.0074236514,0.012555883,0.0056382585,0.001615176,0.23782691,0.026538901,0.00053829316,0.1857087,0.47440943,0.037126802,0.0023302736,0.17434302
130922,0.006318396,0.024502926,0.019054238,0.2028398,0.02295371,0.09723435,0.0011406079,0.13904928,0.08263923,0.023912577,0.27341565,0.5187383,0.024784757,0.0284159,0.35662106,0.47594815,0.0009168546,0.17964067,0.22972028,0.065914065,0.23004428,0.5015651,0.21228392,0.14996718,0.17418465,0.08110883,0.067623675,0.38683963,0.00029156994,0.012296203,0.12136916,0.012147092,0.005432267,0.048150845,0.42934406,0.07092386,0.18211845,0.055251036,0.055339005,0.12938984,0.18958347,2.9257306e-05,0.33190033,0.015725177,0.114136845,0.04343476,0.010511289,0.0014513128,0.0016352653,0.016947364,0.02700771,0.22107862,0.08645016,0.016101187,0.0031059906,0.009895399,0.0361834,0.067120895,0.034137305,0.21583466,0.006748311,0.030848479,0.011331042,0.0026253357,0.0056149242,0.036714066,0.021782605,0.00057083694,0.13340536,0.10502324,0.24000849,0.096070476,0.09453855,0.2473643,0.24427617,0.6939803,0.22023788,0.3907899,0.20637998,0.0007078678,0.015715472,0.009205312,0.013282567,0.0008068565,0.018138511,0.034997527,0.023530446,0.03168664,0.008159755,0.006858106,0.20519044,0.31469932,0.16831185,0.0027546554,0.00012346804,0.051601075,0.0098380875,0.0855108,0.072978415,0.0054781,0.12120939,0.0019216574,0.049598105,0.006507447,0.09455252,0.1201852,1.6937597,0.19728847,0.93867564,0.019628424,0.034352906,0.022546187,0.0075907144,0.014521219,0.107045405,0.26429424
131217,0.26175922,0.034125287,0.7810102,0.31941813,0.10422998,1.5545951,0.48087776,0.7260449,0.93156666,0.5113182,3.5622141,2.6069126,0.08303866,5.3314457,3.284784,3.7753685,0.2849665,0.008131462,0.95086807,4.4289303,0.09226886,4.4126797,2.498529,0.29661605,0.26323697,7.899766,0.15316872,4.600795,1.0251364,0.00011129228,1.7832657,0.13904446,0.07571461,0.9154322,3.1117673,1.494832,0.5778324,0.74662924,3.9437408,0.33708274,1.037068,0.033932876,1.6894647,0.59213686,2.6977222,0.0011987478,0.06556667,1.3883511,0.061449155,0.088234775,1.8592814,5.6183233,0.059189774,0.024915159,0.04839562,0.8335429,0.82905906,1.292638,0.03469097,1.8579303,0.0009268911,0.02979597,4.0529947,0.53874797,0.18487568,3.78841,0.0033196274,0.13868897,0.065390095,1.14182,0.9813997,2.5411267,1.7126375,4.041698,0.47163612,3.4793155,4.507569,5.7516937,1.3390749,0.44092485,0.121157,0.7261476,0.586732,1.1230084,0.0834449,0.19164811,1.239341,0.89931357,0.0554179,1.4898571,1.7131221,0.86586183,0.2675274,1.8249931,0.30428186,2.6175156,0.9554079,2.3340664,0.0054341517,2.072258,2.6405346,1.1983376,2.7401266,0.0014454264,0.07021412,0.6989524,0.057683233,2.1282291,6.737141,6.238497,2.2483416,0.004719262,0.025505444,0.76558644,0.50890225,0.54873437
131419,0.11306379,1.2190536,5.6914654,6.4924855,8.439964,15.643993,8.813556,17.53062,9.556175,2.7347338,27.640963,28.341919,4.4337907,63.20979,41.415398,54.884117,0.29972643,1.0528847,4.803396,63.9579,12.825353,31.476944,27.414368,37.152515,10.912278,71.358345,10.651096,54.99154,40.28195,0.7624747,49.381638,10.411629,0.0994428,23.583084,58.30511,63.32044,0.19325046,31.835663,47.470684,14.97804,5.7638316,0.04229728,2.0183887,7.23766,7.1695986,12.652298,6.960833,15.993791,5.7462835,5.7394753,21.98388,51.037663,1.2518997,4.452188,0.02921569,7.5346828,0.027959976,21.832655,3.9657955,34.55734,0.2743125,0.07052656,74.69645,0.59567624,33.96297,29.31804,1.5229113,1.5964638,27.964437,3.3075347,5.491861,9.020182,48.376095,76.07084,26.332853,51.353256,65.1188,63.865498,38.931717,12.127406,15.274876,0.026390027,8.653075,14.766424,7.154641,12.637017,4.415674,16.237251,0.8346762,19.529892,3.5583093,23.587563,13.326518,4.548505,0.12414254,14.285745,25.679789,67.67388,0.09605267,32.51209,4.6088815,11.735737,13.424361,1.5211538,0.8587629,15.969166,7.8603296,17.96496,107.07845,37.94079,16.192976,8.458305,8.711818,0.022982163,22.471395,24.730022
131722,0.00020201856,0.020895347,0.017408794,0.23161665,0.014365346,0.11771471,0.012746226,0.15227215,0.0037274226,0.048026726,0.015386279,0.007171675,0.00804983,0.020595869,0.071459495,0.08008731,0.00012672391,0.001137723,0.07264684,0.17575128,0.01160766,0.5032188,0.13940974,0.055102486,0.0041695326,0.015078418,0.05185912,0.104055114,0.057431642,0.08508952,0.00080734584,0.004365791,0.03441926,2.650245e-07,0.0028989618,0.011533928,0.1531423,0.002952143,0.0034430064,0.23859155,0.20827395,0.441565,0.02529193,0.025696727,0.22035515,0.0074792067,0.008197058,0.047665764,0.0508482,0.005557574,0.047609404,6.9564565e-05,0.008992827,0.01870284,0.055520277,0.016199287,0.06250787,0.14741293,0.1811555,0.21693431,0.013514902,0.0032227547,0.001726386,0.01123949,0.20180954,0.000111968,0.06977404,0.0022846865,0.0013764157,0.007582979,0.31624004,0.0020443755,0.0062134555,0.02487666,0.17127202,0.29708025,0.14239502,0.026425788,0.00086923793,0.032533906,6.3869265e-06,0.029755432,0.009196638,0.00032196284,0.07623808,0.117638364,0.72567445,0.27853253,0.00037724167,0.017934587,0.05577787,0.0694144,0.111881845,0.0022532512,0.018308045,3.4054628e-06,0.005691264,0.010531893,0.0034623183,0.0072003137,0.00036442798,0.005313002,0.0001444014,0.10370021,0.0014824276,0.045333534,0.01800857,0.03263481,0.86637,0.04530529,0.32647854,0.01757663,0.0429496,0.038693648,0.14759643,1.0129718
131823,0.02779088,0.024776584,0.23790029,0.11711098,0.052998457,0.019845895,0.025926244,0.02986186,0.001419641,0.08745591,0.20188886,0.033392787,0.036684435,0.0034577884,0.00394455,0.0013379806,0.0057299733,0.0016266333,0.008549586,0.004471354,0.058548644,0.029998802,0.47822097,0.037809536,0.12839228,0.029763803,0.15530486,0.07690967,0.027421387,0.00022584974,0.038329847,0.004867467,0.00014835605,0.0003316538,0.0016570786,0.058240052,0.042839136,0.009296114,0.066229805,0.055710435,0.23271431,0.021126686,0.045371182,0.0004951366,0.04356995,0.13793705,0.03484093,0.0510157,0.0030431568,0.04051942,0.0011784473,0.06736849,0.047451027,0.08253128,6.165932e-08,0.030399302,0.033771653,0.005840883,0.23983589,0.011961913,0.009320036,0.002581012,0.001883704,0.0016685069,0.01011373,0.08719275,0.0004021144,0.007146106,0.037959356,0.03592725,0.0023481355,0.014842081,0.0030721936,0.03970217,0.050618198,0.057398822,0.0025009252,0.0025048673,0.08565901,0.011805917,0.0030236961,0.005166903,0.23052394,0.058628976,0.008832881,0.0018615271,0.68409616,0.1055811,7.6125405e-05,0.014975906,0.008889079,0.115229174,0.47148934,0.7254913,0.17996405,0.002354731,0.075760014,0.01963207,0.02976732,0.055289824,0.08306716,0.096224174,0.11475992,0.04396361,0.069732666,0.02946591,0.3059174,0.8485223,0.61833704,0.16798355,0.36894488,0.2107251,0.001703977,0.0013736131,0.07212293,0.0707831
131924,0.030261025,0.0056934315,0.20554683,0.10983701,0.16371854,0.80868447,0.07735202,0.68983483,0.78947943,0.0027480393,0.662857,0.9434517,0.40170762,0.8393354,1.4784199,1.7631612,0.027507117,0.050639134,0.034301348,0.42649347,0.0004501391,0.76441383,0.3252496,0.15928622,0.34608018,1.6919894,0.0031322355,0.7320759,0.11899932,0.14744118,0.5543893,0.020360267,0.02672216,0.064708725,0.18043472,0.06714261,0.45246947,9.3345654e-05,1.4315091,0.00012346539,0.715289,0.004496634,0.039179888,0.0037171892,0.4404464,0.021971943,0.008627914,0.11141012,0.30379742,0.011348224,0.15048721,1.2208416,0.2113723,0.026375195,0.0012706474,0.025669158,0.1093704,0.099694565,0.3416021,0.40225762,0.009250459,0.009542053,0.26105917,0.12152716,0.02825855,1.0952799,0.14152114,0.03398462,0.13628942,0.02792827,0.91098964,0.5466586,0.07637922,0.49002194,0.07381747,0.43848497,0.74642015,0.9497317,0.08290881,0.34797648,0.008150639,0.095519565,0.11610124,1.3048295,0.053162202,0.17714335,0.46756727,0.15953754,0.01565947,0.33007088,0.36015168,0.104807936,0.3652837,0.0017921706,0.0033025946,0.93942606,0.025383297,0.35469633,0.01041918,0.41369992,0.64273244,0.3839187,1.6097634,0.011532686,0.0002640862,0.109849535,0.25456575,0.3502062,1.1598825,0.86063015,0.90994304,0.21655065,0.020761514,0.6310276,0.028990319,1.3267477
132017,0.28588474,1.4619404,2.0405416,3.538307,5.131164,10.33469,5.3526416,12.267598,7.33036,1.9813946,19.251974,13.830092,2.9276335,45.555695,24.29255,34.099052,0.26419038,0.8429399,2.271201,44.720566,3.512226,17.47971,16.473541,24.582584,7.678686,49.355423,4.7969337,31.60399,25.55377,0.288185,33.187645,7.3396983,0.12840317,16.400803,46.563362,47.036,0.3380403,21.061666,26.551083,8.908145,1.5723538,0.00999631,0.88944906,6.844204,6.0623064,10.377394,4.7436547,10.731592,4.683051,6.265035,16.203075,32.110535,0.35626954,3.1947267,1.4307388e-07,4.181061,0.010168579,17.218618,2.3728786,27.14193,0.8585774,0.26509318,51.887264,0.1030592,28.150274,19.610968,1.467253,1.6346328,21.141161,2.3352623,6.430295,7.500114,30.908377,49.48657,11.6742325,29.649927,44.45693,43.218132,26.477428,9.681403,9.621387,0.0070358855,4.111515,7.732998,5.0469046,8.514711,1.855519,15.773262,0.34512597,12.637268,4.778365,9.086042,8.270794,5.61961,2.7367826,5.855933,17.264692,42.35515,0.0237039,19.530539,4.0006237,11.017801,10.552193,0.5694753,0.28189394,10.591791,4.403104,16.231226,59.755806,21.491821,10.561173,2.6963623,4.121482,0.027665425,13.622912,16.125362
132118,0.06777203,0.15288763,0.10434955,0.18172945,0.50897735,0.046994384,0.08027749,0.057161525,0.001740141,0.80337083,0.266078,0.050297134,0.00046797504,0.1034053,0.0065343524,0.010061169,4.4043136e-05,0.13545671,0.11721814,0.013286264,0.738693,0.06398609,1.0436788,0.062377267,0.10295755,0.020757204,0.32907194,0.12452606,0.21562955,0.0661252,0.1398302,0.35974038,0.708102,0.039789762,0.06895354,0.015751958,0.41352427,0.07389321,0.0926814,0.3476821,0.55359316,0.04388114,0.7892244,0.26483357,0.45501786,0.0060362187,0.25498202,0.003023044,0.24850185,1.7163458e-05,0.70275927,0.42934704,6.9928945e-05,0.039157428,0.0019293233,0.0017642174,1.203979,0.22023393,0.098494366,0.04418793,0.20333794,0.052891333,0.27317828,0.14661814,0.08679041,0.09756638,0.11831549,0.17140837,0.07056212,0.2248281,0.09681867,0.2400907,0.030442987,0.17755508,0.22537035,0.055893615,0.11460333,0.32850423,0.09808696,0.15751612,0.00062043994,0.081409566,1.9628792,0.20185971,0.08638156,0.013921609,0.2716997,0.5627403,0.43660605,0.020824816,0.2045195,0.25092682,0.32822275,2.912118,0.009688003,0.303873,0.51335984,0.276466,0.46043763,0.34908837,0.71462893,0.020848641,0.12206912,0.059435323,0.003456116,0.25921384,0.35355437,0.12135153,0.041795406,0.14966962,0.23146239,0.62733454,1.9120485,0.11507008,0.31162146,0.023609627
133019,0.55347925,0.90896034,0.019054705,0.1132644,0.3863359,0.13639137,0.12822592,0.28204787,0.0086985435,0.6990737,0.48183203,0.008034852,0.036620103,0.32669708,0.19970065,0.09368352,0.124016605,0.29946375,0.31075335,0.5084401,0.50408024,0.16060227,0.61291116,0.0014451232,0.005782666,0.00019300173,0.37936613,0.018013561,0.509529,0.035110626,0.30311856,0.5652053,1.1402682,0.026044166,0.2210136,0.44378516,0.3652654,0.0034425831,0.31616598,0.27044356,0.16863495,0.029124446,2.1245902,0.000137135,1.386849,0.048116688,0.7580789,0.027062107,0.20355001,0.15532771,2.5096052,1.0388267,0.057706326,0.14755647,0.14948532,0.0030732872,1.8152672,0.29482892,0.06753762,0.9210181,0.5582267,0.057756815,1.2855755,0.4375018,0.34834364,0.2865442,0.014267684,0.09243279,0.17513208,0.013570512,0.36725155,0.39323205,0.06250125,0.28841445,0.057567406,0.4992775,0.118597746,0.30022952,0.20055787,0.31790268,0.0023614375,0.3076347,2.0999796,0.52565825,0.47682485,0.00061986997,0.008335131,0.5642267,0.275017,0.009975257,0.020819638,0.034988727,0.12947161,1.3202918,0.91194105,0.18074113,0.45963588,0.09965928,0.78999114,0.1302374,0.2230077,0.33986893,0.14620565,0.00026524303,0.00029402436,1.0574125,0.1865006,0.08103358,0.3862962,1.090975,0.0052853366,0.524978,1.1824805,0.40234768,0.56215465,0.09036039
133625,277.59488,289.2143,220.55284,24.045038,405.45004,168.6821,120.30908,246.56837,29.168041,641.9481,0.6394332,21.97726,63.009727,230.19499,1.4844027,183.91127,0.011371323,172.84384,2.086541,42.38779,286.6479,32.29991,70.52712,63.246212,1.3776939,33.374416,183.93356,360.38055,2.119063,39.701996,2.253802,2.2237754,130.44676,2.8839924,0.8810999,19.071848,18.369524,3.2649548,149.75029,35.08217,49.851753,7.50514,547.2392,21.162294,80.76664,55.950542,129.45073,12.338634,5.0624337,25.72591,706.922,257.33823,12.654662,17.533268,21.109156,7.622223,193.86803,8.890048,343.10806,742.5754,151.21234,68.86534,249.19347,343.81494,23.16191,181.81929,21.329308,75.94238,0.19120479,192.98277,8.058436,20.514612,42.209694,66.967384,163.46173,187.39903,170.7765,157.93027,36.48977,189.17296,4.2987475,87.47311,115.44326,83.32464,199.46228,4.468851,84.732376,348.3631,119.88531,4.972546,368.91714,28.408691,50.228813,222.07652,316.07864,444.62497,5.5789394,0.5213062,132.75793,39.005,29.759937,15.267202,8.797598,145.00533,107.37113,25.820248,39.19991,0.46647105,126.8389,152.25638,0.8773287,15.318779,227.60847,132.64586,1017.63965,59.81222
133827,0.016248742,0.03787781,0.028171808,7.638963e-06,0.077154376,6.793959e-05,0.025432874,0.0038479634,0.046069775,0.045355085,0.0042229467,0.11171914,6.168368e-05,0.011198623,0.058683977,0.018084193,0.021360727,0.0018139405,0.41300362,0.066929,0.0010878629,0.23742332,0.035302706,0.038699277,0.0068506342,0.017483413,0.020516828,0.07859649,0.086019784,0.16149342,0.0058917124,0.03896316,0.10468941,4.5277528e-05,0.044240694,0.11711258,0.079137996,0.11907339,0.005105093,0.0096712485,0.36639106,0.29336753,0.05626913,0.015442579,0.03188663,0.00049915415,0.027010346,0.0062864744,0.14051451,0.071712725,0.051155567,0.013782058,0.19047259,0.0058801384,0.13212302,0.0007632029,0.012652545,0.022743072,0.16190937,0.30854332,0.0017725164,0.11661935,0.04445581,0.019655861,0.02347477,0.14866775,7.3361048e-06,0.012507568,0.21871647,0.1519697,0.1377215,0.049341153,0.0078640105,0.06259418,0.09969088,0.192826,0.00033731686,0.014621734,0.18232748,0.0137313735,0.00080288434,0.002995203,0.031977694,0.018636473,0.08416531,0.05596576,0.14615613,0.12655282,0.00021740087,0.0535767,0.113314554,0.015934266,0.037893306,0.038695745,0.031355187,0.0036295757,0.09179421,8.2746374e-05,0.04247683,0.010434371,0.05833353,0.036942635,0.0057251826,0.060711578,0.03597225,0.014011308,0.05924017,0.13035336,0.049412172,0.13953735,0.5232157,0.3596846,0.4431063,0.00068990944,0.035158806,0.05121053
133928,0.30511433,0.00408535,2.5024192,1.7317747,1.0137856,3.1507626,0.18254207,1.8199891,1.6985763,0.96608484,5.029187,3.6527886,1.0592246,11.144363,8.695737,6.8405085,0.013748505,0.28739673,3.8314943,18.95583,1.6239374,10.224139,7.352732,3.73877,0.99607116,14.65673,0.8417623,8.055276,4.9477797,0.20217434,7.7476306,1.1732336,0.2708014,4.851283,10.713554,10.024297,1.7237598,6.422763,9.560187,1.5643137,1.5028183,0.19008586,2.0005095,4.2511787,0.60843545,3.3496442,2.1707814,4.7572145,2.8210108,0.6340769,5.6198697,9.559299,0.8834848,0.074667476,0.32054535,0.9254451,0.0022404243,3.990207,0.5269141,7.612184,0.49778265,0.35648054,12.923512,0.20735246,5.3186917,4.088331,2.208605,2.3833494,1.5065963,0.1652464,4.8960905,4.43437,10.880128,14.5441475,5.6152463,12.089783,15.060806,14.815902,6.8105574,0.09616221,1.3843031,0.81699926,0.17814673,1.7634506,0.44917268,2.3376265,0.00017417825,6.293592,0.0022596898,1.3104873,2.675766,2.2849865,0.9489218,6.074156,0.91769844,4.224357,3.3694808,7.156954,0.045129593,5.0985775,4.240255,11.605849,4.6820326,0.24618861,0.46991068,3.4607172,2.3411462,5.6832438,14.549664,10.926034,3.628242,0.8637783,1.1691355,0.20027785,3.2625127,1.5858827
134021,0.4394739,0.022911334,6.848137,2.452892,3.632199,6.4711084,3.714622,8.485507,4.3654075,4.9502807,11.003163,12.485002,5.2018447,47.383163,22.704079,31.910141,0.9968382,0.023182048,2.0485911,34.440174,4.985123,20.21332,15.59293,12.387235,5.0042605,45.96755,5.353416,34.57006,18.800673,0.007933692,26.606365,2.2732308,0.098222755,9.039565,28.708668,34.36425,0.11955825,18.175524,26.966614,3.043025,2.9295323,0.1778873,3.3065202,6.257368,6.5882573,4.3602967,3.5632775,10.8481655,3.3024,1.3175384,11.754779,43.007835,1.4055259,0.056803167,3.3831707e-06,2.2373083,0.51600444,6.577848,0.84984154,14.86949,0.0029274875,0.2347698,30.931105,2.446376,9.002455,25.643484,0.050504122,0.07477273,5.1063595,0.13556062,7.2267346,5.135332,23.567186,35.655388,8.621761,23.600584,31.901491,31.470919,23.453629,0.2647786,5.747652,1.2415301,5.088571,5.637551,3.103422,9.438253,1.6159654,12.059578,0.18276452,12.690067,4.126855,10.873787,7.120173,6.034922,4.6151505,7.524092,12.581173,37.316334,0.0014345763,23.02563,8.466158,11.473986,10.521435,0.6272023,0.0067031905,2.5361853,5.3884425,17.145643,52.818676,17.72875,14.401204,1.7555594,6.259505,0.2294685,7.1611476,13.375979
134223,0.082629085,0.059510313,0.043188978,0.09738996,0.019809922,0.117049314,0.20027897,0.10060624,0.22863501,0.06326701,0.3450504,0.142529,0.0002772649,1.1393086,0.45583642,0.12505376,0.02026721,0.0009117019,0.12179732,0.31454393,0.0059577045,0.2770022,0.396554,0.2693208,0.33693466,1.1827658,0.020645015,0.3187126,0.04380375,0.0010694773,0.40024945,0.063212864,0.036882885,0.20859814,0.0090318015,0.2647461,0.07496025,0.010295252,0.46163452,0.00060678716,0.23772353,0.012586678,0.0072099874,0.04128672,1.2533666,0.1043458,0.032197524,0.17918932,0.09297749,0.055103898,0.04219021,0.09148347,0.07132837,0.005806496,0.007875812,0.07607392,0.44739175,0.04754843,0.11091342,0.3637984,0.06879501,0.1704643,0.10343612,0.00019147932,0.00014209008,0.1608598,0.09547812,0.011314945,0.033500142,0.035879377,0.01731022,0.21388823,0.04594718,0.1802705,0.10081395,0.5524833,0.39657667,0.8311505,0.155507,0.28210562,0.016961455,0.003132172,0.0059187133,0.016400855,0.10833499,0.03289675,0.08629165,0.04430499,0.079889774,0.10203063,0.30676255,0.20522904,0.11786527,0.026949352,0.08960038,0.081507586,0.014059312,0.2690393,0.08775939,0.12203633,0.06901844,0.010684992,0.029969862,0.22407514,0.6263986,1.2544147,0.28032076,0.0036138422,1.3347244,0.14058347,1.2020206,0.06836709,0.13881953,0.0012709809,0.6669135,0.7880488
134324,0.04141851,0.27364355,0.23960942,0.17096895,0.8471632,0.3610513,0.24627084,0.01146851,0.002206263,0.075338595,0.21248393,0.2203769,0.009586616,0.07227779,0.11946413,0.046271417,0.003692682,0.20425065,0.13639778,0.37758943,1.032251,0.18988557,1.0718895,0.021451239,0.0034964888,0.0042319144,0.27199998,0.640302,0.2290377,0.10288133,0.19783908,0.21269076,0.6499605,2.5662894e-06,0.01889076,0.05198622,0.5512129,0.06522521,0.12634407,0.084333315,0.033108354,0.07590344,0.58320093,0.060090356,0.23540601,0.007828327,0.35035443,0.13862453,0.031997684,0.04535117,1.7642865,0.4423947,0.21143687,0.0072242366,0.011807309,0.024682196,1.2584919,0.17984037,0.22886427,1.1401532,0.087402016,0.06506595,1.0283545,0.16144538,0.4436817,0.013257499,0.1151087,0.0039300816,0.14014904,0.006931751,0.15143755,0.1931803,0.27655903,0.097620636,0.075719826,0.1666244,0.17713688,0.2916548,1.0363383,0.14688131,0.043392643,8.4661515e-05,0.22039223,0.11108098,0.113622524,0.3468877,0.013514618,0.0951029,0.2721995,0.02274328,0.0066204118,0.28970116,0.015354112,0.6515918,0.25108072,0.47456104,0.607688,0.2526215,0.346261,0.2931916,0.18686055,0.053069767,0.00123983,0.009393287,0.5735149,0.016803859,0.61287415,0.27664065,0.06503217,0.42515367,0.0033764534,0.19344011,1.4517493,0.10567618,0.95187795,0.21403116
134425,0.45387518,0.924671,1.299441,1.4542714,0.43873468,0.05554285,0.95485187,0.4927299,0.3644906,0.5781201,0.66650844,0.16930775,0.1231376,0.03985856,0.0020943007,0.09999908,0.079326004,0.5511184,0.711855,0.59958255,1.2008433,0.47814828,3.1803346,0.24764612,0.30044308,0.2860468,0.27835754,0.5664833,1.1893173,0.107582875,0.008458676,0.036955323,1.2663193,0.17167698,0.02398398,0.09233163,1.8156444,0.24244122,0.08315465,0.007762192,0.9310102,0.004390306,1.1533905,0.044781297,0.43909988,0.0011962963,0.5120849,0.09047386,0.15109678,0.14153153,1.909923,0.6635282,0.08460052,0.013336697,0.054323938,0.07464865,2.252255,0.20880193,0.1087831,0.6976924,1.0108348,0.77941704,1.6735831,0.55365425,0.05632626,0.2138769,0.00052493496,0.0068260785,0.27272135,0.18982384,0.052539576,0.16197701,0.02069476,0.20849617,0.6117281,0.03487802,0.046050984,0.0007174992,0.47334033,0.08253699,0.20213865,0.10308287,0.8294615,0.029919578,0.9560664,0.036453012,0.014686537,0.0030998085,2.8256106e-06,0.37219265,1.4705791,0.06643585,0.053777598,0.48078358,0.04359412,0.1865144,1.2881887,0.15412287,0.30321714,0.022076765,0.004160985,0.022805106,0.034507804,0.076002486,2.806525,0.62443113,0.6120196,0.0014613667,0.36374038,0.3275496,0.7496378,0.6546899,0.6422988,0.0027761497,3.5418937,0.014025224
134627,0.0155664785,0.00046815557,0.0075420197,0.037302796,0.023225475,0.049142335,0.0002542987,0.0057307766,0.12921415,0.2172398,0.0010352463,0.08996578,0.039405674,0.11666784,0.06809977,0.34411782,0.009967933,0.05636528,0.2005663,0.24425165,0.05662189,0.16664083,0.00075163983,0.00069503055,0.0117876865,0.0025735076,0.018294513,0.014420536,0.006958366,0.00016205599,5.935651e-05,0.040241614,0.03463633,0.12677808,0.12747121,1.0437981,0.0008767067,0.07374996,0.27429265,0.09947149,0.0015914777,0.029709892,0.0016935853,0.14256424,0.0015831093,0.1906024,9.2211194e-05,0.1542842,0.020073595,0.004201106,0.00014785625,0.04349896,0.019734818,0.002622713,0.097393125,0.004994427,9.1285154e-05,0.034299526,0.020156363,0.021245223,0.08889952,0.006767141,0.009648671,0.0033236702,0.14339943,0.0036559126,0.18185093,0.16919768,0.035724472,0.05849621,0.023208372,0.019211113,0.116839446,0.088930964,0.18553273,0.099794425,0.11945224,0.15535858,0.0012329086,0.041719902,0.015145132,0.0023724134,0.5264753,0.76402116,0.020833703,0.047612656,0.7548525,1.1878535,0.04639982,0.05055173,0.8412993,0.15163326,0.56198007,0.16022505,0.002157142,0.027360206,0.00054464507,0.003294673,0.1901985,0.043755338,0.21611312,0.14754505,0.24916093,0.45137292,0.012386896,0.00011313405,0.034700863,0.0014740134,0.013621309,0.10194825,0.12525916,0.4164862,0.2953823,0.003989062,0.0188194,0.025489487
134728,0.40469617,1.481179,0.0028735686,0.06569808,2.3040946,0.49509043,0.058738485,0.43517417,0.05726632,0.44938776,0.0014420066,0.5691081,0.015714565,0.36528155,1.3379811,0.4064706,0.03552773,0.02607897,0.033548962,0.021568807,1.7707299,0.7690888,0.98869485,0.00064645876,0.14305615,0.00903647,0.4258266,1.7080793,0.042266417,0.026677104,1.0846951,0.39155784,0.56929135,0.08329214,0.0017401533,0.12387807,0.5870138,0.12223597,0.30790547,0.23754688,0.2906952,0.7188405,2.7957854,0.4470436,0.147369,1.7330871,0.9089835,0.75247633,0.004489763,0.085830234,6.9748144,0.7883392,0.38356838,0.00038032507,0.120647885,0.2619626,2.807892,0.014542876,0.92897433,6.474259,0.12445591,0.010647095,1.9901259,0.53474903,2.2399297,0.033020627,0.23280403,0.021858416,0.36288384,0.08368285,0.01610611,0.3301134,0.76376516,1.1896591,0.3522713,1.4227077,0.15068169,1.2726476,0.0015968038,0.13151886,0.032075074,0.0024124298,0.0038744118,0.11676835,0.75894254,0.8373665,0.2740336,0.26493338,1.1625329,0.0072387126,0.7292168,0.0014648435,0.055971738,0.30125418,0.22017732,2.7182164,1.0848973,0.24553387,0.44862828,0.2960232,0.053477302,0.07139329,0.042476173,2.3218277,0.10300384,0.30209455,0.10789606,1.3166909,1.6426877,0.083132,0.5216149,1.0314895,1.5474813,0.62791705,2.2398655,0.8536007
134829,0.32217276,0.04567802,1.6513497,0.7987412,2.8310244,4.098435,0.7881836,3.4930878,3.7995903,1.050253,8.062006,6.626078,3.015525,11.953083,10.401204,13.492804,0.13849334,0.010566684,0.9863578,14.512917,0.5352435,8.856665,5.1696153,3.1570091,3.4962416,23.64139,3.1745994,18.018457,5.4004526,0.09780968,9.026617,1.0588703,0.033972457,2.8715322,8.667758,9.882075,0.38946885,2.8101826,8.063509,0.7949493,0.5202163,0.9752435,0.9592186,2.64811,3.2480412,0.6845824,1.3057163,2.9373872,0.15375689,0.024415907,4.8841906,17.345728,0.2098722,0.1248453,0.0031063529,0.4947881,0.52872694,2.3534787,0.059898403,2.2840233,0.12911412,0.00011062361,9.718824,2.000146,3.8108811,10.2687235,0.060813237,0.2636678,0.2990447,0.24118853,3.377789,5.512519,6.7196546,12.228474,2.2460005,8.515939,8.128004,10.480528,6.5544496,0.1161951,1.4739985,1.0865756,0.27387926,0.90195614,0.35889837,2.718861,0.6092092,5.141373,0.01651669,3.1367102,0.3425218,3.8710454,2.9629118,4.674819,0.5504447,2.2141213,4.71083,15.003416,0.045515634,7.9808598,4.170364,9.441803,6.1852994,0.06856305,0.6545385,3.6174705,8.102654,7.6748548,21.75592,4.7364326,3.3671749,0.29654774,0.32727268,0.7270318,2.9366412,7.065191
135124,9.903662,10.270458,5.9682226,2.8292513,19.208712,7.3381057,7.367054,7.0264387,3.6245925,16.9128,3.4310632,2.5834942,2.2580225,6.328741,0.6888864,5.6723022,1.657726,10.792383,2.4280741,5.823909,4.0983505,5.0841985,15.166858,5.0766087,1.7015787,3.340854,7.095029,14.952921,4.359571,4.815018,1.6474346,0.23789698,8.282539,2.9325986,0.118999854,3.0760589,8.896342,4.064805,0.7606339,0.5142106,5.7639437,1.0744481,19.421745,0.000951917,8.865446,0.5494878,12.587801,0.071724296,6.4672914,2.7072527,26.928118,11.906335,0.0040529026,0.7807671,2.405903,3.0814724,12.046601,3.0810192,0.6383311,6.612821,12.817925,5.1797853,24.527903,11.051324,4.823143,6.5205007,0.4717571,0.42931578,5.923999,0.282845,0.7007482,0.03574336,0.00021902448,0.072612844,0.059724204,1.5804769,0.20622069,0.1818465,4.788528,11.15069,1.1699853,5.9716315,15.399339,9.651263,8.788571,2.164423,0.078362405,10.387505,0.25628293,0.8627136,1.4715198,0.00097576546,0.94202423,11.080412,2.9574099,2.4512236,7.168045,3.3651242,7.7962294,4.1775007,0.7504739,3.0387368,1.3522221,0.14329383,3.6598678,0.0018656132,3.3980792,0.97914433,0.9125066,0.008981706,1.1368486,6.6999326,13.966935,1.5141519,17.998611,0.15721196
135225,0.0074132583,0.005310391,0.026929667,0.0017911172,0.05346913,0.04796291,0.011312175,0.020493228,0.0847803,0.043438483,0.08079669,0.029911846,0.04961969,0.042404536,0.045700863,0.07456529,0.0024903724,0.028496262,0.10544689,0.0032865356,8.761714e-05,0.021484248,0.00053342775,0.018153196,0.015304313,0.06776727,0.011878732,0.078997396,0.004423222,0.013657698,0.10602066,1.4997979e-05,0.00022428132,5.4847015e-07,0.18827446,0.024559751,0.020256732,0.0015271294,0.012650567,0.007923114,0.09385123,0.04214508,0.0063090515,0.05842694,0.19494852,0.010142085,0.0008938006,0.013611468,0.003250646,0.017048111,0.0022200926,0.010800242,0.09989118,0.036971483,0.027056573,0.011393611,1.115763e-05,0.00026187176,0.004822072,0.036655888,0.0005973437,0.16234998,0.04962026,0.019632721,0.0004206095,0.09363348,0.022538329,0.0034125068,0.03875349,0.0364233,0.03526836,0.0026676012,0.012346711,0.018136688,0.00011762255,0.0006782765,0.00846993,0.0007448784,0.16551988,0.0014234771,0.0013511049,0.052601244,0.08119502,0.009118626,0.023409866,0.029900765,0.49662694,0.07714175,0.0035716891,0.03627358,0.0059313835,0.977128,0.14666589,0.6338722,0.07345158,0.8434061,0.0749522,0.04343559,0.03917353,0.22346182,0.15244746,0.47680327,0.0070479875,0.22007334,0.17680214,0.032828882,0.32134077,0.13992773,0.098869614,0.012608561,0.5100826,0.3683019,0.12067958,0.0015423434,0.092624165,0.0038148393
135528,0.016201654,0.09108339,2.5886002,2.2847412,1.4508979,2.143842,0.0113424845,2.568901,1.76263,0.06663981,4.7687607,1.9584295,1.0941733,2.7836835,5.392314,3.830144,0.42385605,0.5519707,0.8127251,6.0099874,0.25977325,3.8040524,2.6759636,2.4186726,1.531099,7.52854,1.6683395,5.1383615,1.6075583,0.027453968,4.7448616,0.64038354,0.21881199,2.0983157,7.6637545,7.4734116,1.4026457,2.3828325,3.7905278,0.691342,1.3714685,0.062769644,0.42588526,2.3453362,0.012154536,0.8048536,1.4597138,2.5239353,1.3906112,0.7405174,2.3447216,2.3821654,0.0007346279,0.0011349422,0.3856532,0.5002056,0.26010758,2.3249629,0.48968518,5.116337,1.506719,0.6396986,5.970132,0.0063934852,2.8693037,1.3217677,1.7223665,1.1260122,0.6203427,0.65495676,0.9728206,2.4193141,7.658879,7.132825,4.6102605,8.444849,5.698524,6.0416546,2.1437058,0.009215694,2.200394,0.0013533822,1.2579406,0.04051606,0.48055622,0.2900509,2.405705,4.945564,0.22358799,1.0977266,0.05899596,3.8277385,1.4267465,1.1996499,1.3867927,1.5821366,2.1199322,5.8911834,0.000651214,2.514602,0.3549053,2.0397673,0.7817237,0.7779722,0.63855076,2.8162785,2.7905855,2.4692497,12.738185,0.33816075,0.97871685,0.41269004,0.14412959,0.04711666,2.866355,3.3699172
135629,0.20384999,0.017177444,3.2696412,1.2665973,2.9120631,3.7314887,0.32491046,2.924563,2.2012246,1.3539307,5.7748885,3.6053858,2.7048852,14.17154,10.560953,13.133429,0.09960388,0.04974239,1.1425599,13.205719,0.54229957,6.106623,6.992005,3.717674,1.0795215,15.423968,1.161604,11.89671,7.705733,0.033449687,9.275903,0.6528154,0.040055983,2.4477754,13.98635,14.317042,0.6239457,5.626513,9.157011,0.65770525,1.3731767,0.22747199,1.2848651,3.2551396,2.0043886,1.8940865,2.2459643,5.453694,0.62576354,0.34441012,4.7717714,11.453362,0.014584545,0.053622585,0.05108186,0.27648538,0.03216477,2.969451,0.6169553,4.729231,0.023417555,0.0017939436,13.146851,0.5137479,5.1365824,8.16636,0.5633112,0.38295096,1.4851444,0.049815282,3.93662,1.7506024,10.163927,13.075409,2.6852815,6.2093945,11.601451,10.720685,8.337922,0.8262221,1.6788646,0.8802982,1.7649741,2.564028,0.66841835,3.183706,1.2092031,6.1281304,0.00024431388,3.374169,0.0111166425,6.445445,7.394573,0.54482776,0.4816059,4.4129753,5.1739388,10.197695,0.1918914,9.362564,0.59506106,2.3754945,0.93015003,1.2815837,1.2915794,4.6131306,7.6449842,4.9602637,25.321365,7.4402328,9.073436,1.045675,3.4885566,0.0051610693,3.582397,4.0224752
135730,0.25399727,1.3188361,0.55215585,0.80947775,0.46666858,0.06798416,0.580194,0.67794305,0.024867171,0.3852261,0.41799092,0.012657493,1.08555805e-05,0.97455543,0.28244162,0.0012276778,0.0016569524,0.7348483,0.18739721,0.5692048,0.03345778,1.3433483,0.9749936,0.10496173,0.016920373,0.1294705,0.8364464,0.98915863,0.5216032,0.12467511,0.11641872,0.28246492,0.9174414,0.02157047,0.14704056,0.3075072,0.9622519,0.5939114,0.00083498075,0.05456262,1.1243984,0.6701237,1.2189022,0.00061944564,0.4122682,0.00244796,0.61522967,0.056325197,0.23804745,0.0035181097,1.7577237,0.23490123,0.03278657,0.0420774,0.18054436,0.03992801,1.6395946,1.062068,0.009653771,0.19243647,0.2839805,0.28671876,1.1512667,0.43177792,0.11674489,0.013180814,0.076575406,0.019538045,0.2222248,0.0048117796,0.055975497,0.050814055,0.0046128067,0.031341318,0.7313911,0.26244372,0.009840068,0.035516,0.18651688,0.16600592,0.008964936,0.475613,0.71392775,0.3739817,0.27128354,0.0005849835,0.2046028,0.20444311,0.099022195,0.017153203,0.4468556,0.08049794,0.08543796,0.9404584,0.0061196755,0.029426899,2.0456395,1.1718994,1.0901885,0.40731975,0.33625004,0.0040272954,0.6770113,0.13913423,1.4848945,0.2927763,1.1269487,0.46162546,0.0013608721,0.0705309,1.23942,2.167341,2.3096752,0.054680694,2.5380437,1.3786962
135932,0.25304884,0.057131965,0.103660375,0.0068450905,0.014894068,0.08242426,0.07086036,0.14726172,0.12520447,1.0177915,1.2892075,0.6946579,0.21567948,1.2040627,0.54231113,0.6440564,0.0014429755,0.0075795013,0.27018976,0.65996844,0.0004320833,0.24668436,0.5119068,0.06323283,0.120264925,0.4737944,0.0011307573,0.69109154,0.11736752,0.014358354,0.15270917,0.0069684926,0.0048667686,0.059567835,0.5027078,0.004225054,0.010639986,0.02803711,1.0287524,0.0137252,0.0029111698,0.036807083,0.07029778,0.27929407,0.27560237,0.039439082,0.00010175505,0.2641533,0.030920185,0.090699054,0.16916661,0.81009513,0.0035665045,0.04405967,0.001802712,0.09736414,0.10796405,0.35564741,0.018236514,0.67370534,5.0952094e-05,0.17402269,0.12499732,0.01663572,0.02723498,0.5865619,0.0016639815,0.0062262886,0.07960129,0.08084008,0.007224672,0.01140007,0.0012475181,0.29240736,0.08109885,0.925233,0.29556087,0.6572261,0.09506533,0.00026589286,0.0087971,0.03877013,0.30900675,0.24311553,6.527204e-05,0.008634775,0.06835186,0.2706093,0.025846839,0.2220978,0.00044985587,0.042004738,0.23506856,0.10428698,0.013805152,0.212796,0.024579914,0.7991956,0.003186967,0.31194967,0.026262427,0.13384986,0.17345932,0.1537103,0.14350085,0.3484848,0.3148901,0.31717277,0.40775254,0.24918415,1.5484385,0.00622294,0.06665997,0.4415521,0.042151995,0.01724178
136126,0.1095175,0.002501098,0.70526445,0.9680888,0.2411116,2.1862767,0.2267177,0.8092221,0.8759083,0.009552163,2.1537402,1.6912436,0.23844652,3.5941951,3.8074894,4.145967,0.030161846,0.045892794,1.1990156,9.932131,0.40733787,4.120354,2.8479943,0.87621963,0.71595556,7.833718,0.056791563,4.476603,1.0716534,0.006188063,1.8040158,0.35273486,0.26083955,1.4046628,3.7536378,2.5802667,0.3821231,2.7493384,3.692092,0.40011942,0.51517904,0.0119394325,1.0112635,1.4862069,0.5787224,0.117961064,1.0380543,1.9594128,0.45388514,0.0007207353,1.9590284,4.855058,0.007629098,0.117364705,0.010868345,0.8971604,0.34345004,2.0797164,0.040252734,2.9854662,0.10231666,0.00971216,4.513476,0.789468,1.2274069,5.146428,0.5367092,0.77758145,0.45067865,0.17976779,0.7278188,1.4730175,2.491521,4.451664,0.5004701,3.2517655,3.3334448,3.756596,1.8863859,0.0059269015,0.4494995,0.6718877,0.38787478,1.3584648,0.027704697,0.8267747,0.3469686,2.0242243,0.0048970412,0.79585886,0.42031482,0.32964975,1.0452381,0.96978885,0.08830614,1.5204852,0.9464415,2.8618324,0.005873454,2.0275805,0.2548041,1.9940542,1.4952667,0.015050487,0.73812455,2.4281652,0.59552,3.2717047,9.573684,7.9140434,4.3407445,0.7112679,0.2510904,0.17922056,1.9209276,6.984494
136227,1.9462538,3.4662592,1.4081016,0.49517977,5.231892,2.5750291,0.6509077,1.8616337,0.62055254,4.7930026,0.71807355,0.070784606,0.18770725,0.99156934,0.59478426,0.35325354,0.2653699,1.3302,0.33631253,0.88593847,2.4347663,4.1608605,4.1826386,0.25506088,0.00095755263,0.38102475,3.8091946,5.5729976,1.761883,0.8771283,0.025845233,0.34406942,3.8093665,0.1959721,0.021918876,0.42731112,4.059378,1.351847,0.34653574,0.0057094977,1.9982804,0.010567376,6.615818,0.24235348,1.4320905,0.5547963,2.373013,0.04826074,0.1583872,0.19043684,11.830333,2.1981218,0.48619696,0.052582655,0.24686986,0.048546936,6.1755714,0.111121744,1.7991302,14.901896,2.2955537,0.05470386,7.833459,1.5454717,2.223543,0.28867513,0.4578774,0.11289227,2.853283,0.25497636,0.25772804,0.033908956,0.00076025416,0.35664782,0.046272043,0.583425,0.017512992,0.018425645,1.3049852,1.4457195,0.2506124,0.42052764,3.01633,1.2779205,2.600897,0.28684533,0.54150116,1.7905421,1.5014409,0.006052099,2.5123475,0.011624562,0.18771516,1.5713781,0.060243472,0.58302176,6.968556,1.2803689,2.6372244,0.67004985,0.018245377,0.079389326,0.3237655,1.4589019,3.0557992,0.22178316,0.96110636,0.8676591,0.050776456,1.4515922,2.7102976,6.6488924,3.240193,0.70064384,16.739168,0.02476633
136631,11.547118,15.782067,5.724698,1.7006412,24.666807,12.837958,3.0209115,13.407471,2.0870235,38.339664,0.5551502,1.7257973,0.16897452,12.912376,0.25597125,8.905293,0.61666906,14.150039,0.00064392015,6.1502357,17.358917,7.208144,9.502583,5.4366417,1.5324867e-05,2.9315376,8.943851,25.217949,0.9673893,6.2645364,0.37557644,0.26629737,10.323169,1.4005691,0.47499293,3.0019593,1.8813922,1.9930518,12.4585085,0.32691503,0.7292789,0.00054740586,33.445793,1.993867,3.4743834,2.42638,9.314861,0.47054216,0.98945206,1.6515485,48.93045,11.113998,2.5018208,0.9108301,2.255762,1.0507846,12.996348,0.9931773,23.332998,49.44032,10.235746,4.284896,26.779142,21.24273,5.614634,7.559592,0.87920636,0.9019482,3.364196,8.749215,0.25538778,0.3013696,1.0350028,1.8478057,3.2569664,4.665856,6.170835,4.8277845,4.498795,19.987963,0.7595586,6.7137833,7.4764743,8.36542,15.358356,0.20660917,2.6389365,19.926966,9.642187,0.051018648,33.008816,6.129266,6.2583714,5.207769,17.766893,20.063833,1.4241521,0.009565333,3.5898585,0.26422486,2.6712446,0.06951069,0.001374872,17.098717,12.628739,3.00311,2.8916492,0.00271894,9.962459,2.8495193,0.23264697,0.51683176,4.412303,10.395907,70.16018,0.11531239
136732,0.009207937,0.11835567,0.0058712247,0.068872705,0.044238586,0.017954947,0.03514353,8.989073e-05,0.13950527,0.0004213139,0.04802226,0.0767509,0.021889236,0.0036365564,0.10409626,0.00033698525,0.095605515,0.004469226,0.034322657,0.026118623,0.22325349,0.2238084,0.44717154,0.03943294,0.026898064,0.007504104,0.04346252,0.17384744,0.049325243,0.0044586174,0.0062904162,0.14034231,0.165128,0.029605674,0.09550024,0.6776593,0.018054841,0.015598904,0.096741945,0.04280117,0.0022723216,0.0994072,0.16620724,0.09516353,0.14330104,0.012349493,0.291221,0.0008538354,0.0005754789,0.018725166,0.423493,0.07032805,0.00035041056,0.0022283094,0.003802109,0.0013611073,0.3388775,0.11463271,1.7758204e-07,0.2994385,0.054745607,0.033554967,0.96248066,0.010314263,0.13396245,0.003369876,0.099634424,0.022576537,0.0068154554,0.026748765,0.12659812,0.08187475,0.10060972,0.004206841,0.008052226,0.0018172218,0.00252792,8.722536e-07,0.009359402,0.006497094,0.004779493,0.07481658,0.5618368,0.33195245,0.0006996991,0.06146523,0.078430966,0.23761791,0.091165654,0.03178229,0.07927295,0.032633062,0.009669696,0.24320339,0.034297276,0.0047167586,0.16894414,0.13779634,0.060541335,0.16569602,0.048071068,0.006871805,0.09771888,0.018718086,0.005485152,0.049922712,1.0149502,0.5424856,0.7751039,0.08872748,0.02362607,0.23915288,0.5559636,0.029637229,0.08813636,0.8762039
136833,155.4824,181.3127,116.43083,22.336376,218.64606,106.62809,45.97418,156.96356,11.390335,479.34186,0.18079452,16.19731,11.109871,144.98178,8.474969,100.01846,0.08053564,120.88581,3.0013747,38.67844,224.36893,24.037996,55.48155,48.085278,0.40947953,15.63401,93.79277,221.626,0.2681735,25.372755,0.79245746,1.4917469,89.25492,1.8314837,0.4787324,8.612326,2.1305282,0.6395619,195.09666,37.613953,10.713699,3.2121007,381.5273,21.538307,45.290325,54.846027,72.95732,10.601322,1.9989963,16.766672,478.53333,150.97865,23.798735,12.397106,5.410042,2.0361307,114.69505,4.022748,315.96667,593.77997,99.85376,44.684673,184.35574,236.72379,20.948528,108.14601,16.561792,62.70342,0.032217164,143.97128,11.2581415,12.976984,37.10375,50.142334,126.147766,124.49305,129.24957,115.6386,20.866953,120.17247,0.9130399,52.808113,66.99784,57.737617,122.92785,0.902436,86.31599,216.44609,133.22774,0.40750352,359.57648,55.850033,71.395035,105.25438,268.32687,338.5613,0.012737587,2.4540827,55.31154,5.6515193,47.545403,0.51972216,0.03603525,156.00124,86.20044,22.859112,60.39442,3.2479877,151.12547,91.31166,4.5196304,1.4260471,103.77389,145.63144,743.64905,30.913095
137027,3.276086,6.976905,4.819958,5.7287183,7.16241,5.3363895,2.2059696,4.5036287,1.4439788,15.121068,1.5534847,0.43437156,0.50982916,4.1744967,0.064506255,2.0288749,0.4073327,5.367588,0.16802457,1.29432,1.2635721,7.810974,10.564752,2.3560116,1.6658427,2.7820108,8.203811,10.155076,4.047236,3.5329514,0.77821976,0.0730797,7.201718,1.3347473,1.382392,1.8497051,4.5671453,3.2021596,1.929107,0.00091356196,2.7503006,1.137914,8.356852,1.2621837,0.6518912,0.44362873,5.033966,0.00068305526,2.6814818e-05,0.12629914,16.89766,2.6866362,0.5273756,0.23206413,0.09092228,0.015867572,10.061971,3.208015,5.7997203,14.760794,5.009283,1.4605922,14.231866,6.0288067,1.603595,0.8649165,1.1541252,0.2807939,2.2133644,1.7617774,1.963858,0.72029823,0.11223966,0.0028387231,0.91335416,0.084468454,0.038800344,0.040300194,2.092743,1.3777157,1.0074204,2.1477196,4.1690173,3.5019996,6.154251,0.004127575,1.3185396,4.6302857,0.9853443,0.14874712,15.51264,3.193419,2.4313962,0.15951274,0.30837134,3.8107603,7.036883,1.5882093,1.2383751,0.16034043,0.64269155,1.4892943,0.13295972,4.3822885,19.129261,7.940701,1.5711167,1.5598439,1.8802861,0.05837129,1.2550645,3.1428096,2.3508887,2.3671079,51.88646,0.549052
137128,0.0073327445,0.043567173,0.06763823,0.050860085,0.0037077735,0.017210504,0.0066034244,0.07055183,0.04591219,0.0030204137,0.015899016,0.0077874227,0.034382243,0.00998479,0.087256104,6.147741e-06,0.019889692,0.014708029,0.033631798,0.0007590103,0.03247079,0.013599662,0.040680073,0.011865086,0.025538828,0.00011298827,0.06373902,0.023397187,0.006529586,0.0019910634,0.02759589,0.0075690877,0.019976428,0.013200865,0.012762486,0.04187847,0.044100624,0.00029674417,0.10051324,0.015565887,0.15543684,0.21108335,0.07572507,0.007064147,0.43919277,0.035476033,0.039836638,0.0046644486,2.316483e-05,0.026193572,4.4595512e-05,0.015807701,0.05958329,0.0044409013,0.01884758,0.010596019,0.023941703,0.0321002,0.269424,0.079612054,0.10268937,0.027178012,0.002078903,0.07961676,7.768519e-08,0.022219766,0.09006008,0.363448,0.027342161,0.069082454,0.004878535,0.16575971,0.0011814816,0.008685482,0.06979582,0.0073357434,0.106785886,0.006527503,0.35001284,0.13078837,0.021306638,0.0071823485,0.05102559,0.013284439,0.07359329,0.036456134,0.19060715,0.04151942,0.0073632677,0.043671772,0.11014109,0.0069532753,0.048777297,0.06757641,0.014736599,7.1115224e-05,0.0019151099,0.0058233766,0.039942253,0.10837409,0.009542687,0.17992266,0.011708004,0.00013691974,0.036286034,0.012507294,0.49881527,0.04512786,0.38679573,0.3555027,0.0819394,0.08415146,0.00024803475,0.002631004,0.0053963517,0.18482691
137229,0.02066722,0.0643145,0.17466125,0.02997306,0.09794521,0.13901934,0.005546675,0.08392421,0.056992732,0.3589488,0.04207704,0.074932575,0.01155232,0.0051340084,0.027962927,0.07782007,0.015872767,0.008849504,0.022729997,0.009959265,0.0029888323,0.17363696,0.015007171,0.039209835,0.069118604,0.0055490723,0.045604482,0.12902448,0.008048525,0.003833044,0.011054138,0.009673201,0.058765385,0.010055502,0.101212166,0.12499483,0.07399513,0.12485996,0.29880366,0.0030900266,0.008770521,0.014320446,0.39685875,0.0006324746,0.40874282,0.030763242,0.22774279,0.0012385868,0.0075378274,0.017341854,0.22291687,0.004155696,0.011816929,0.0015537491,0.004263271,0.0048815166,0.056520864,0.052163724,0.0040824856,0.045741674,0.0055707614,0.015622392,0.25589117,0.008726578,0.00056393543,0.03783376,0.0046304897,0.0058960505,0.00053715805,0.0070807235,0.050723683,0.008643756,0.03052397,0.00068668346,0.06462891,0.027560247,0.15271224,0.3146505,0.006550185,0.00015727957,0.0012523058,0.02291569,0.2303079,0.23416187,0.055561043,0.06463063,0.16433735,0.10392088,0.00011184946,0.01702383,0.4574748,0.03522083,5.297399e-07,0.16381223,0.29813677,0.28825128,0.010530401,0.29283303,0.009688167,0.00011670447,0.022436345,0.056298465,0.043796804,0.08426448,0.03469427,0.15841027,0.86215276,0.3950718,0.0003363848,0.20014092,0.08479729,0.015253573,0.22689457,0.008041949,0.2885457,0.24287863
137431,18.819199,31.382427,12.000477,7.5805387,38.667652,20.668709,4.7825623,24.634766,5.036696,72.85116,1.3534162,4.801649,0.34100887,23.92319,0.75049955,11.340119,0.6841996,30.163527,0.42137623,16.114902,32.90967,11.762605,22.654978,14.399335,0.044845693,5.0119557,17.602556,44.053585,3.821594,10.480585,2.0614448,0.35637918,23.345144,3.6794553,2.0890827,4.430467,3.2119093,4.07405,23.378927,1.1331861,1.38719,0.09278312,60.3391,3.728157,7.956746,2.437277,16.545628,0.6111056,2.5591688,5.537935,83.628174,23.594025,3.2289312,2.3855498,1.9953927,1.8802367,23.08547,2.2571197,47.840797,94.058365,20.007545,9.265281,58.723106,41.956394,9.602978,14.625947,0.5366178,2.8023822,8.659201,9.987463,0.48464,0.24565719,1.1176763,1.892294,5.6943884,9.196261,10.424854,6.856918,7.8480635,26.623167,1.116075,11.068064,21.849293,19.456768,25.511297,0.55696934,7.708718,31.558266,20.150318,0.018222596,50.91523,8.38482,9.4024105,15.458555,36.743095,44.456524,0.6176743,0.013103683,7.028476,0.4807296,5.2551584,0.023782903,0.0015781708,22.612171,23.632044,5.8079233,9.73387,1.3797659,13.834472,6.876913,2.1750662,0.056604784,7.422345,24.312046,124.37469,0.3848245
137532,8.035521,10.541301,6.061009,3.1159678,15.578325,7.9032445,3.78357,7.9334736,1.2984079,18.43583,0.5206194,0.68647474,0.69552517,8.482253,0.26202875,2.626444,0.80193853,6.7639785,0.14504029,3.3630347,8.168951,6.416101,8.080646,3.000474,0.32051563,2.8642056,8.62035,18.765379,3.323158,3.9280674,0.4440584,0.08641457,8.398119,1.2661457,1.4687822,2.7631068,5.899706,3.1007545,6.3000283,0.4029396,1.6608201,0.21070759,24.268751,0.63076454,4.045916,0.5779328,9.440955,0.02043874,1.5449021,2.2718139,33.0023,7.8875265,0.6143819,0.283692,0.5041009,0.027367463,12.58584,1.814373,7.4070525,22.88935,7.5343347,3.1610093,24.755615,10.602175,5.3790383,4.485647,0.5218489,0.13673317,2.223698,3.1508975,1.7411399,0.45441246,0.08096949,0.40026468,0.24187818,2.568726,0.39028943,0.997196,6.104018,7.112991,1.4027078,3.8774083,4.7660837,6.7261205,10.372836,0.18291104,2.5739553,8.424621,3.2592278,0.12568426,14.031469,2.436393,2.5681467,4.154989,6.5223236,5.55253,6.379963,0.40955123,2.8403993,0.44601458,0.6876314,0.017590888,0.006737272,7.589092,8.604938,1.1598055,5.1301186e-06,0.94815284,3.468858,0.06524087,0.26510823,4.7256613,5.706152,5.279714,39.360786,0.2578457
137633,4.359894,6.602146,3.6492116,1.7104979,9.666219,5.220735,1.1513366,5.084104,0.25415432,17.542177,0.39236635,0.30553427,0.01839343,4.4459977,0.41645935,2.332037,0.16727509,4.370003,0.17305501,1.3378845,5.1037364,4.391499,5.323396,1.8954163,0.02515189,1.1097373,4.1710095,7.9328856,1.4595997,2.3604856,0.07089938,0.0531315,5.0038223,0.6854963,0.4765,0.631251,1.3592244,1.1523371,5.164306,0.303234,0.7338876,0.16613573,14.053991,1.3854508,2.948458,1.0492146,4.655651,0.39920175,0.12817773,0.7763117,16.852913,4.428225,1.5349823,0.05714317,0.2748398,0.085550316,7.6631303,0.9254898,7.7604704,15.562139,5.2305107,1.9820735,12.460582,7.0955305,1.8797748,2.6347973,0.51370734,0.41712677,2.1473603,2.2384675,0.10518195,0.028540988,0.12095318,0.5428003,1.0652485,2.9013085,1.0810317,0.8541636,1.4062796,1.8203957,0.20177422,1.6631644,4.799098,3.0187848,5.732058,0.03278681,2.6734576,7.015008,3.288297,0.0168236,13.160241,3.4712875,2.9838483,1.5878439,8.020164,10.155419,0.82903576,0.08701381,1.1592505,0.00391699,1.8958154,0.29263806,0.50437874,8.520626,5.776441,1.9773701,2.77109,2.1758344,7.289241,0.77370954,0.1390405,0.73478174,0.79122347,5.2604427,33.429638,0.6211019
137936,1.0468261,0.52051795,10.279666,7.616589,3.0654235,13.842826,12.045328,18.869896,8.17926,10.086763,18.781284,25.823164,7.9431496,107.24738,35.469162,78.91534,4.934243,1.3125541,4.0253363,58.89178,3.7675827,32.388424,26.609362,26.832853,5.7574487,75.746826,6.3326616,53.788273,38.867966,3.0356967,66.75358,3.8935468,0.2844364,16.488308,67.13951,86.53619,1.0298529,23.960123,46.776527,5.1979218,1.1639977,6.74123,1.9410512,8.126895,11.204699,9.357371,5.237883,22.636286,1.8787482,3.4448717,26.574272,89.70251,7.5600967,0.18620512,3.4454505,0.59402144,1.5331817,12.851251,0.009340486,17.689215,0.06385354,2.239175,68.70307,8.081762,18.861256,62.155174,0.9397284,0.4307836,5.966946,0.12972702,8.596313,5.1108227,40.705265,62.065983,16.87261,36.491116,60.955223,55.283848,30.595413,0.8136365,7.9898715,3.3746912,14.367881,12.0920925,2.8768756,32.513218,3.2694411,35.223404,4.260133,21.14909,14.561641,20.755896,11.321699,12.501012,7.7171946,9.703904,29.337786,87.62495,0.48903582,34.031902,30.283606,43.19302,38.980907,0.00039719086,0.23544766,6.7037125,43.553864,26.259544,115.37287,32.778633,29.87011,1.1341451,9.294768,1.8748529,16.67537,16.035065
138130,19.776192,26.397049,8.378398,1.5860347,47.71506,18.111973,4.459684,20.944155,3.8795316,55.325478,0.5674742,3.6799366,0.7723052,22.359663,0.80804366,12.492671,1.3646635,24.566736,0.1947393,10.951462,31.221682,8.559364,18.049784,9.879212,0.014173934,3.8797147,11.546923,41.931015,1.5953437,9.304918,0.39027327,0.20484903,15.720854,2.223614,0.58162725,6.2696157,2.0140862,2.843233,20.988224,1.0881083,1.1715962,0.27235925,57.875015,5.284296,5.5751095,3.022495,15.11046,2.9529874,2.7316768,3.2930384,81.93368,25.55235,5.154289,1.5638089,2.6940644,0.9605653,25.031939,1.1859895,32.30208,91.70588,19.129204,4.466422,49.9938,38.84234,13.142407,13.71361,0.71343124,1.2046527,9.279144,9.907959,0.86344576,2.5426168,5.440991,5.9911046,8.704831,13.872386,14.446999,12.747659,8.672875,39.110466,0.7515766,8.545842,15.251166,16.300917,20.397364,0.061984252,8.661043,31.009674,21.25064,0.20426415,48.296326,6.39413,8.92939,13.665084,24.77262,34.059742,2.011013,0.4661547,9.476847,2.2561705,4.0529833,0.2099375,0.26506332,23.382837,12.665932,1.7934445,3.3481667,0.049716942,17.61517,5.5764413,0.89492285,1.6165234,14.411538,16.399698,102.36628,0.8168913
138231,0.32668516,0.0023317614,0.4228095,0.4475025,0.29832405,1.4078203,0.29873264,0.96591437,1.6842414,0.38078606,5.619663,2.721878,0.56397235,4.47006,3.6008415,5.760314,0.004193931,0.006537039,0.5633635,4.9964075,0.22079082,4.194082,1.8865218,0.47469524,0.9005373,6.947368,0.18522096,5.174276,1.6136252,0.0096657425,2.1724117,0.104032755,0.16592902,0.57625157,1.2495999,0.54028577,0.046060015,0.21367395,2.3660846,0.8488384,0.700373,0.17907742,0.11953435,0.62683606,2.094779,0.0036981786,0.123764135,1.2909145,0.0075748684,0.19304545,1.1504163,4.6860533,0.00303959,0.81982154,0.001059957,0.65231204,0.12044081,1.2966903,0.0011246915,2.6821272,0.25855386,0.09859962,2.974353,0.5650387,0.68737715,3.0228078,0.0048540574,0.13328345,0.20885411,0.08141989,0.13140042,1.5518214,0.6786966,2.188129,0.5449508,2.6096191,2.5114892,4.4563603,2.7822812,0.4473,0.617078,0.36648372,0.40028527,0.88924307,0.032272894,0.21887247,0.7205284,2.072454,0.037682433,2.348211,0.34552577,0.8760161,0.5920255,1.0226283,0.18136987,1.016822,1.6705693,5.671542,0.0015098872,2.9600654,1.2737385,0.41454294,2.3662937,0.24690436,1.3818808,3.2450945,2.6958292,1.0196184,9.4474745,7.065723,4.624917,1.5937063,0.04582564,0.0994892,1.7780707,6.347874
138332,0.4103651,0.0080519635,1.5947044,0.6894703,3.3745735,5.0001698,0.2725935,1.8822982,2.1137424,0.7207386,6.7038913,2.8225148,1.6529101,8.942933,9.191899,7.140678,0.2332675,0.14997646,1.6213826,14.077904,0.043744028,5.3197274,5.2476363,3.9277196,3.0937889,13.520566,0.8506843,7.3664794,5.313419,0.081429265,7.706547,0.89911896,0.8997637,3.6278386,10.92185,13.276994,2.4644296,3.5270731,3.954722,1.0311595,1.2261693,0.21221504,1.1827135,4.7597804,0.20308341,1.3734654,4.1030774,5.815231,1.0844351,1.1469179,4.761975,5.6388855,0.242279,0.16885701,0.98839295,0.7585827,0.04396281,3.874269,0.00013080631,1.8598826,1.9808469,1.4897096,14.960116,0.10846259,5.7722864,3.4572763,2.4537675,1.7940062,2.4076478,1.2571287,2.2798617,3.3978164,8.665328,10.045518,8.1648655,10.451547,11.6235695,12.009111,6.2103047,0.4173798,3.377423,0.23599519,0.00015237257,0.1969317,0.57574874,1.1377301,0.007109581,9.110604,0.067599565,1.6318392,2.4913816,2.3100748,1.324241,3.6302068,0.22262019,4.5284195,4.7629166,11.934277,0.01612035,4.581308,1.1972961,5.0184836,2.510454,0.49472195,1.8240827,6.6760387,4.6989164,5.2655416,8.163448,8.527361,9.420463,1.8763523,0.71752757,0.11723634,4.8810835,7.212568
138534,0.09025665,0.094519526,0.0008703243,0.0009545228,0.03895277,0.058435686,0.0055190627,0.000119948825,0.11894553,0.07475904,0.0034166933,0.054621782,0.0014731957,0.045379918,0.0075523346,0.006911608,0.007205656,0.025720274,0.054931585,0.0012256904,0.117185734,0.072078854,0.28136632,0.122091345,0.12627678,0.073958166,0.0052788127,0.044693626,0.0035465844,0.0056417207,0.0019044043,0.0039755246,0.07660378,0.011472634,0.02070252,0.02782698,0.0001235356,0.0011533939,0.19222501,0.0066376156,0.056178235,0.081511915,0.107302,0.004708487,0.075139016,0.025505053,0.035607092,0.00051803543,0.024022589,0.0832096,0.10178044,0.039097298,0.0057484144,0.033415426,0.05340306,0.046657477,0.0724059,0.053801157,0.09109142,0.012408926,0.21369964,0.047840532,0.11281444,0.026059492,0.08098557,0.037595358,0.039095055,0.004767567,0.0011156516,0.0004462236,0.018185977,0.03992026,0.06798158,0.089516036,0.68924206,0.6391976,0.013446169,0.024687983,0.04744373,0.018029492,0.003484252,0.025719566,0.007860342,0.00967836,0.02056912,0.14484508,0.08585367,0.05428638,0.03644819,0.06430129,0.14982642,0.07569788,0.0054612253,4.1147757e-07,0.0010038973,0.13415687,0.0068997005,0.0064202216,0.0056111575,0.0041239113,0.07617927,0.13176401,0.05772404,0.0018165612,0.054849472,0.06821854,0.04531388,0.32453814,0.21827471,0.1864959,0.0050435537,0.18890695,0.12881349,0.033622872,0.10455951,0.17984992
138837,3.641168,0.1132658,0.6922133,4.3121123,4.9696445,20.9638,42.08975,21.679909,9.717802,19.683916,38.979984,41.33111,1.555835,186.87212,50.668842,76.07312,0.2289776,0.1697441,2.7372293,83.774,14.19883,43.771477,29.51749,57.08574,8.806202,112.76647,13.065048,87.44036,72.77316,0.08678111,85.74919,12.176794,1.7040979,33.328876,96.40818,121.33733,8.643437,50.77832,75.05884,18.637476,2.522968,0.3923548,0.1082491,4.9181385,31.988443,17.65009,3.9234579,22.21324,3.059038,10.459282,33.841656,137.46558,9.660769,3.7707553,5.8719554,5.1644874,2.955574,25.700714,0.17802398,52.267914,0.7102083,0.5272074,121.7502,3.7541635,50.75167,84.01612,1.4483976,0.27856073,41.588627,1.8321917,7.795697,7.244498,80.075905,127.78113,33.27411,74.63832,106.702515,111.079056,70.54035,25.417858,21.717644,0.31909502,14.873573,15.747783,14.560506,48.395805,6.6779165,43.755276,5.3927484,37.08055,22.986835,33.13051,17.395376,9.746888,3.8953257,11.517112,43.05357,114.60464,1.9878541,40.133923,24.843143,39.830532,40.81028,0.40263167,0.13311528,15.495152,8.888445,48.10164,213.18054,43.703003,18.1666,2.9332628,8.422259,0.55629325,35.371937,50.895527
139233,0.08855939,0.03433273,0.008249239,0.0015452697,0.5382007,0.4212973,0.00064354023,0.17286623,0.31522083,0.0144956745,0.5769272,0.08765955,0.35567385,0.43119603,0.9334961,0.053797755,0.0019753615,0.02713635,0.28588653,0.05443783,0.002591148,0.16600761,0.32780796,0.45018205,0.40145758,1.1157186,0.32463354,0.666646,0.1361541,4.359728e-05,0.2098759,0.031377416,0.00046745426,0.10533288,0.516098,0.07289597,0.0076855007,0.04458228,0.3134655,0.0014386676,0.0013406156,0.05273883,0.13791335,0.22700526,0.076980665,0.076244235,0.0011764389,0.010364373,0.026105544,0.23519662,8.6452186e-05,0.27387357,0.0007323744,0.19926251,0.20350303,0.018750083,0.021554662,0.018098434,0.053205613,0.04509435,0.032247063,0.0010499462,0.06680671,0.009158746,0.0053807753,0.07384108,0.0046645002,0.0040200627,0.14272563,0.170768,0.13053909,0.0065371087,0.16384697,0.26287377,0.22833586,0.86856884,0.24558993,0.09415133,0.01203522,0.01475439,0.014217023,0.0022205056,0.0042207004,0.022897195,0.1327225,0.17890356,0.4117755,0.17032596,0.05858442,0.03719834,0.1521901,0.0010455858,0.007887888,0.062986486,1.1262783,1.0596219,0.71058077,0.39856458,0.055645794,0.012221761,0.0026787724,0.004600686,0.009055983,0.16873156,0.36319908,0.695273,0.9377897,0.004805629,4.6913953,1.5399705,0.57523215,0.027649801,0.0015722425,0.13235703,0.5325037,0.33880118
139435,0.00242598,0.00607729,0.017887713,0.33566922,0.058407333,0.33167022,2.9879591e-05,0.17998953,0.02216774,0.13042222,0.011118836,0.026050197,0.0050262385,0.0024896318,0.046703298,0.18564361,0.020357477,0.04655415,0.064950466,0.020609139,0.06776722,0.1977486,0.00047325063,0.310702,0.132361,0.42694038,0.042231366,0.2947152,0.0009086,0.007195297,0.12035619,0.035853956,0.056521844,0.00021033794,0.01942491,0.16441296,0.004562943,0.00075222494,0.09005645,0.040443305,0.030738816,0.4271398,0.15189064,0.08601225,0.0919344,0.023538817,0.022341505,0.04007932,0.019237444,0.003171524,0.0063518845,0.0044882735,0.043451164,0.0009749278,0.07722401,0.0026941574,0.0017454883,0.034296714,0.00026179943,0.08200044,0.022993112,0.0064877,0.03824045,0.00016519493,0.001231626,0.0066017583,0.081575975,0.0042887614,0.00905836,0.04450827,0.2860881,7.176057e-05,0.13896039,0.023816576,0.00015162486,0.05697557,0.26841187,0.05661121,0.09783857,0.03016741,0.013326203,0.004401529,0.14139007,0.10661476,0.13713712,0.008760821,0.013943166,0.15957361,0.15058236,0.0142753245,0.37083188,0.12260178,0.13491422,0.004258682,0.20914538,0.51710004,0.008763259,0.0052890554,0.00023429906,0.123191364,0.008590501,0.0043079387,0.013940326,0.00024509476,0.0072092838,0.01359304,0.22549848,0.0011084743,0.10525068,0.13425218,0.0020484854,0.006347762,0.005791599,0.036003254,0.13891754,0.5374423
139637,21.509195,35.091232,13.697994,5.7018485,56.266003,30.577976,2.0876508,33.105606,1.8751872,108.64597,0.0038949929,2.8391068,0.23177645,24.950443,4.8298163,14.8692045,0.008907768,29.653204,0.067038245,17.639997,49.188194,16.729748,23.19837,18.96208,0.14227949,4.2322307,18.595028,57.838932,0.71368533,9.512851,0.6693162,0.27819088,24.637922,2.154046,1.6743139,4.3239484,0.095356174,1.6651415,55.50036,4.438429,0.06542059,0.26706454,77.569756,10.881722,6.6832385,10.159278,17.881275,3.857103,0.004802696,1.562494,113.04354,23.193819,11.451432,0.70500475,0.62187487,0.107091784,27.588135,0.40349966,96.91145,177.82466,23.413164,4.9398704,65.22238,49.54087,11.93651,11.919184,4.8245945,7.212669,5.158947,24.2078,0.76322883,0.39833,4.071151,4.6056933,14.62638,15.113613,23.491322,18.75131,6.3273735,30.319864,0.45826492,9.250996,17.234787,17.38692,29.328934,0.5464137,26.366371,38.16989,42.550148,0.4307393,116.987114,31.226126,30.155886,10.038279,66.094604,77.53059,0.00032963787,1.6426697,5.2582273,0.18166399,18.347643,3.015107,1.7848357,63.55064,27.919909,8.420878,29.77168,4.4768653,28.156988,11.982715,7.218725,0.0030596291,9.232487,49.782173,193.59366,1.53171
139839,6.5425816,3.3724842,1.8263403,15.28391,9.491055,48.77021,82.04537,64.906845,18.757828,24.905243,88.42381,116.131775,2.9524782,336.79398,103.72477,172.93184,0.25742075,0.099825144,8.104688,189.49149,30.637447,99.96773,62.19221,131.58583,20.41526,229.7981,32.10154,198.68054,170.80534,0.07048136,195.83885,33.507957,0.84558374,78.59424,241.55023,283.93954,17.970232,118.602516,157.02974,52.885464,5.013451,0.0015099949,0.005025926,13.509399,54.74975,44.825695,14.305418,49.013092,2.6942809,26.760466,83.98637,245.40134,15.095559,19.927916,5.1203556,23.431797,1.6724226,72.538284,0.5989184,101.31261,0.31651354,0.04601422,275.56192,3.1456945,135.59746,162.12067,0.4442821,0.45819253,102.68158,13.889512,17.58947,13.564894,177.0141,287.54214,67.99403,139.6659,201.83638,191.74232,155.39886,74.21988,62.931652,1.1474769,37.322617,59.740345,40.783855,81.93411,24.254143,50.313145,11.124328,101.78051,18.480883,113.20378,67.40679,2.966145,14.457025,10.399082,96.72212,282.76373,0.11357616,103.14779,21.501965,53.80509,60.334915,7.0195694,0.103013285,59.527195,19.39642,81.24953,369.78342,48.25128,41.29581,13.201266,45.21276,0.30736998,93.4198,98.13721
140117,2.7054508,4.117932,3.383276,2.6815782,6.1559486,3.2344253,2.5516214,3.976149,1.0193874,6.339448,0.8617478,0.48808527,0.29498765,2.3140185,0.031135092,1.3958604,0.23239066,4.001217,0.3021621,2.0443437,3.1923094,2.6641865,7.9694257,1.1110219,1.0312469,1.3911704,3.8124945,7.1705346,2.3026178,2.6854057,0.42585143,0.0032780974,5.1919646,1.5101928,0.66194546,2.0502548,3.938803,1.9177852,0.5526292,0.036243673,1.9251161,0.48693588,10.362863,0.08293472,2.6972628,0.4529693,5.380801,0.48973083,2.0758379,1.0996779,11.361267,5.608612,0.0013866866,1.4753232,1.2839935,1.4714813,5.824146,2.290216,0.111452974,1.9636747,5.090851,1.6009275,11.244035,4.664064,0.9492409,2.510182,0.34624872,0.17378642,1.5694638,0.09476333,0.115429126,0.1345541,0.066697866,0.1081532,5.068205e-06,0.4034553,0.1558798,0.24307883,1.018335,4.4762993,0.1777743,2.7584372,4.9316397,5.3548417,3.4350438,1.350503,0.03733407,3.5974104,0.23646101,0.78631085,0.32511958,0.5299912,0.39117235,8.379598,1.4347675,0.16286168,2.669504,1.9976583,3.7358747,2.2304568,0.051707074,3.4509745,0.52449006,0.003701797,0.5417442,0.26451883,2.3841665,0.8794671,0.12272459,0.15132235,0.4852524,3.1402175,4.948781,0.41289347,6.4942207,0.10753283
140420,0.00022192027,0.0035721238,0.045056134,0.005605801,0.073396474,0.011375289,0.004781471,0.007793615,0.10470342,0.18461,0.0041183094,0.03627334,0.0016226309,0.01571597,0.0673798,0.0006597382,0.003706825,0.045028836,0.05024528,0.004572268,0.00033519536,0.0047441456,7.90295e-05,0.0836413,0.0006212583,0.0045856507,0.026831787,0.007693843,0.017948207,0.0061575305,0.008781554,0.0010226695,0.003416777,0.00011775252,0.03369441,0.0063161408,0.0059792087,5.3944954e-05,0.027165815,0.006479445,0.0054098195,0.0002785427,0.020229077,0.03476634,0.0053742714,0.00023922035,0.017495347,0.079128556,0.0032395667,0.05506603,0.0018046915,0.042147025,0.05402076,0.016951162,0.0013873258,0.007524782,0.018041627,0.012320669,0.010208276,0.0009141115,0.009159362,0.03352613,0.007445882,0.0005194527,0.042698096,0.026831748,0.0027850461,0.0029182814,0.04272995,0.047652517,0.00026213322,0.022967761,0.0074971765,0.018527005,0.004620258,0.0006658486,0.0016745114,0.009471708,0.24743603,0.061502002,0.021117728,0.003883009,0.06127906,0.07974741,1.431621e-06,0.003358122,0.0643353,0.51202947,0.00038837385,0.10732692,0.21100247,0.005993422,0.39910474,0.03405036,0.07163155,0.13534369,0.0013116994,0.05599281,0.09220565,0.020657057,0.3708467,0.039990578,0.21549167,0.066605784,0.0018008347,0.027579635,0.14652196,0.06477384,0.31970796,0.009508231,0.016250672,0.15350153,0.0017666192,0.00068902835,0.0023454442,0.878516
140824,8.34647,12.370405,3.5206609,1.0687786,19.396978,9.931694,1.4149945,9.032768,1.3710487,23.572382,0.38458058,0.27775332,0.042829417,8.320288,2.233629,2.1810846,0.31513113,5.063245,0.06436621,4.925734,13.930221,5.86928,9.1967,3.939896,0.07819584,1.5035386,5.409108,17.256756,1.0751973,1.9075345,0.011518244,0.030804645,7.280566,0.30457622,0.12813492,0.6080749,1.2566186,0.72459537,10.903966,0.51510316,0.30971596,0.44237337,29.452738,2.1802819,5.899378,2.184371,8.981543,1.1992319,0.7881018,0.88331383,40.956722,9.53791,2.718472,0.48021698,0.8781929,0.035269957,15.718506,0.41989148,15.892646,37.56701,6.306484,1.3474267,24.329697,11.843773,7.2052026,3.5989616,1.0455314,0.75997007,5.359071,6.542331,0.1376458,0.74129075,1.9589236,3.367409,5.0353413,7.4558764,3.6962378,5.3440323,4.1925154,10.256888,0.26888418,1.7970192,3.0715911,3.8282335,9.561997,0.62855995,11.283203,7.929578,10.536026,0.0014933277,16.720968,4.1138945,3.247226,5.694031,12.419698,18.395685,2.2658155,0.0003232325,3.3180318,0.052398656,1.6683894,0.0042892457,0.0009643373,15.974309,4.698972,0.03187657,1.6026788,0.003360143,14.088429,0.7365383,0.051651027,3.9292157,4.8357463,14.164538,46.063404,0.6637722
140925,4.854777,7.133859,1.7127573,0.097567886,12.658511,6.8669605,0.5864982,5.232302,0.26258573,13.257916,0.06388351,0.019156298,0.012569305,4.309961,2.5925608,0.36984223,0.1177548,2.2385006,0.00050208677,1.2110965,9.884191,3.8688676,3.5302851,1.4179106,0.29864222,0.8977193,2.3258078,9.782132,0.3689659,1.3918186,0.32069156,0.03150493,3.2124696,0.016033815,0.036483794,0.9278309,0.3464719,0.174021,6.616077,1.738072,5.3962463e-05,1.1335716,15.238307,1.6116602,1.9461666,2.6258764,4.3699346,1.6530397,0.39532337,0.26225242,30.937725,7.2340455,3.8896544,0.19964984,0.6689636,0.11624667,7.6406484,0.14632969,12.579622,24.891438,3.076637,0.340783,12.388392,7.259468,6.3474803,2.3329144,0.4710614,0.44989327,2.6630714,2.342568,0.00046720947,0.39650902,0.8426047,1.9878454,5.9031262,7.572754,3.5572386,5.061773,0.85486233,6.1415153,0.060164545,0.5277862,0.55657566,1.0534484,5.6045947,1.3545381,5.9952497,2.6924427,7.230023,0.02656437,11.182712,2.6909611,2.3021808,1.2221181,7.9253516,12.495122,1.0889643,0.08502885,2.6293957,0.00096376735,1.2295674,0.32532978,0.0031668835,14.088044,1.8383634,0.06400925,2.9672825,0.4752699,8.5334835,0.35191563,8.838148e-05,2.8916645,2.5200622,5.434713,29.828598,1.1760778
141119,4.379443,7.6746473,1.0342108,0.049316823,10.015851,7.507548,0.02077153,5.4201193,0.009136148,16.713106,0.09385989,0.08014285,0.24458866,3.397703,4.362639,0.47909555,0.008285246,3.1464038,0.008971564,1.7448863,12.039207,4.4228683,2.3286095,2.0131884,2.3655643,0.11893382,1.5736222,9.880403,0.001321592,0.46185583,0.9659203,0.39087537,3.241921,0.040225834,0.13555013,0.259971,0.03250362,0.069331884,9.22412,3.3705194,0.0345183,1.6438445,16.847078,4.4816885,0.8769616,8.389178,2.5813875,3.1154668,0.44672787,0.0196933,26.93906,3.7796056,4.830466,0.082646534,0.043737672,1.4178274,8.509757,0.004295689,25.706223,47.259384,2.5211372,0.0681771,11.022192,8.125729,4.719503,1.6382165,2.4932933,2.4536471,0.9781209,4.8693547,0.008277066,0.45535347,0.7344957,2.5675955,3.3636687,6.124935,2.27836,4.124182,0.98701,5.2873316,0.009671044,0.45427233,0.3251386,1.1399039,4.6974425,2.9584408,9.924177,3.5389814,11.988986,0.14568573,24.315868,6.8084993,5.8334846,2.2212374,7.613146,16.431293,0.69445586,0.14839825,2.0433996,0.26426885,3.0978088,0.4444927,0.031222383,21.614998,1.629833,0.07621675,1.2988597,0.04961844,6.2499094,0.5718196,0.5869277,0.62084234,0.5310614,11.547277,37.56672,0.4388559
141422,0.3820624,0.008330914,6.218643,1.8592405,1.6863127,4.2382374,1.6835113,5.406603,5.0648103,4.536352,9.03767,8.731472,4.350581,36.103287,16.740555,26.298988,2.0753958,0.18280722,1.2361782,24.045776,1.5303607,13.9585285,11.603121,6.2783895,3.4347866,30.755783,3.7108302,23.974285,11.936014,0.17818059,17.52852,0.6752276,0.11546959,5.407733,19.426126,27.084152,0.02984356,9.232322,19.320406,0.5190127,1.8631983,1.1260653,3.6599627,4.647872,4.043071,3.5203302,2.3659966,9.751159,1.4535537,0.33849484,9.877858,36.877186,1.1675419,2.8719456e-05,0.27536538,0.26159456,0.78031254,3.7732735,0.977869,9.346699,0.06396045,0.7589525,17.484028,4.5874243,3.079838,23.604818,0.079917304,0.003523114,2.8415852,0.1348282,2.8004715,3.2192073,11.908451,20.35799,2.6468267,14.565894,20.058413,21.190771,11.80453,0.048808504,2.216067,2.6405382,4.143209,4.2653913,0.6924055,9.855167,2.1852672,10.756556,0.96493995,8.112438,5.2854877,5.358137,3.6327348,6.540435,3.1942937,5.8250437,6.9675765,21.90667,0.19866545,15.012379,11.987313,14.181337,16.15634,0.03624995,0.08972674,0.5309755,7.337714,15.417116,46.91725,13.261556,15.409192,0.07764087,3.1345983,2.6375413,2.0959404,4.1642733
141826,8.646002,13.8470955,4.8685174,1.1771553,17.295908,9.019025,1.1873156,9.322749,1.0822997,33.994267,1.0874991,1.8359301,0.07854435,9.820476,1.25575,3.7761078,0.54641384,11.946378,0.3847084,8.194327,11.997539,7.914781,7.6065817,5.0402226,0.022037346,1.1465939,5.2483625,18.796013,1.0447912,4.987289,0.31730032,0.082563326,10.508546,1.0765668,0.41786623,1.680574,0.9197523,1.2733002,14.145514,0.9328349,0.124956354,0.20296519,25.43922,2.7464592,3.1537127,2.1885526,8.337202,0.55826366,0.8447775,1.1839223,40.710163,8.961472,3.5110917,0.39036992,0.7079522,0.013856092,12.784129,0.38176706,28.468037,55.4315,8.732089,2.337488,24.959333,19.882832,5.9502025,5.3934083,1.1086495,1.2331183,3.841446,6.731747,0.12927951,0.11066614,0.96604747,2.0844314,3.583286,7.2987947,3.646447,3.5135283,4.7504992,15.622792,0.16580719,3.7268193,8.820804,6.388814,10.770477,0.1020035,5.9255643,10.348937,14.018055,0.11104085,31.110899,5.6818886,4.4617968,6.141533,13.930233,14.908527,0.9201598,0.081357434,3.8339365,0.037871335,3.3388174,0.074364156,0.0002182357,16.86833,9.761107,2.156356,1.4859074,0.47845218,3.15351,2.4056945,0.66803265,0.4882869,2.576655,14.152202,62.818962,0.38939455
142424,13.449116,0.5261921,0.5555008,5.909185,1.0656459,26.2411,98.26954,35.67006,9.877772,58.157524,44.673225,74.49197,1.765874,430.1252,74.264366,142.05609,15.38987,8.452939,1.6200683,120.82839,15.255451,71.80813,42.248253,78.83269,9.341946,196.12947,12.314432,143.7889,98.42614,7.164153,139.90921,5.804241,10.145297,34.79423,150.50188,196.55469,23.345121,72.64312,124.57706,11.585015,1.615922,7.3163695,0.005518071,3.1684215,100.58324,19.587168,1.1547395,34.192238,0.29175526,7.2148695,45.874275,376.39078,38.698566,0.5942808,33.6387,1.385497,14.66787,26.682407,1.4836597,67.863525,14.936226,13.856576,161.70152,31.790958,37.345394,237.57124,18.819794,10.22409,36.503555,0.15877913,11.485019,5.800136,100.56535,173.92998,33.359776,94.70802,144.86728,152.58522,82.9627,12.877995,18.296522,10.130443,28.110188,27.404213,13.356066,139.73375,9.431589,115.76004,28.469355,61.442276,78.43761,57.47401,19.271688,23.940699,32.657417,9.551862,56.48714,206.70361,5.4228964,68.24684,83.66976,101.49348,119.94983,1.5240254,11.824413,3.8515975,13.149969,127.529335,384.8571,51.258892,40.36023,3.0582716,15.646,9.971521,36.468964,37.151363
142828,0.05696389,0.14542158,4.7639637,3.3156857,2.3664815,3.987389,0.64465255,5.3554716,2.938463,0.19287935,8.595853,6.813415,2.9043038,14.660176,12.270408,18.002705,0.39939466,0.27788174,3.2817848,24.165709,0.8567185,4.961499,11.122181,5.365728,2.618755,21.727875,1.229194,12.1300535,7.14327,0.037918456,11.635183,1.1696736,0.2914969,5.1782813,13.161704,15.8077345,0.20943297,5.2888846,8.835472,2.4767675,0.68179417,0.36268064,0.92638993,5.6813636,2.0119128,2.8989697,3.1529694,9.54386,0.7831243,1.6737287,7.970799,8.273095,0.009967333,1.9326544,0.051941175,1.3026646,0.047564026,5.3707337,2.258333,10.187733,0.32088396,0.20002542,15.211779,0.2164674,4.186197,6.249124,1.2870692,0.69264144,2.223078,0.77671415,2.450718,2.577154,10.869548,17.70503,2.270229,8.151176,15.025135,15.338527,7.4980655,0.0070368755,2.5087698,0.5306071,0.48512727,2.617267,0.8370239,1.4286762,0.15105264,6.7575984,0.014447813,6.9317293,1.3418659,6.317966,5.868468,0.7755403,1.1869699,4.3020253,6.556288,20.46147,0.017160691,11.383503,1.6571004,2.8443666,3.104105,2.9352746,0.7366284,5.84457,6.1388636,3.7127903,29.351187,7.9624314,10.043491,0.63023514,2.8460689,0.0052835084,4.511277,10.314383
143224,18.142841,23.817795,12.891655,1.9409196,42.53395,18.561869,8.565328,20.983397,5.441019,48.30718,0.7726348,3.4217134,2.3280504,18.239277,0.012046796,11.900321,1.024372,19.324137,0.5960998,7.54704,18.40255,7.570464,14.352955,8.326073,0.8368795,6.764709,14.354944,39.530083,1.6975567,8.037946,1.6531044,0.42277277,17.02303,2.5582216,1.1947205,6.511304,4.977144,1.6075828,7.4621286,1.555482,4.7043467,0.08200176,47.068714,2.6850686,7.4322176,1.5505258,14.824572,1.2666932,2.944704,2.509445,67.66941,24.081087,0.7541081,1.2356957,4.639749,0.71888274,19.043379,2.4852686,19.051521,44.33423,15.048008,7.721765,41.287514,36.906353,6.585927,19.097223,0.15818213,0.32978797,4.679341,6.8476477,0.046897124,0.7198222,0.51408416,1.2193695,2.4318616,5.8469305,7.7299523,6.233266,5.5195103,32.819393,1.5213732,6.7289205,12.253108,12.498287,20.920786,0.034365032,5.5300236,17.509253,8.57446,0.17327379,33.378174,3.8244357,5.902692,15.906804,12.297641,15.887841,3.5964134,0.25979584,7.0764413,3.0984635,1.7533128,1.1749529,0.5515643,12.291736,9.718012,1.1604697,2.7362435,0.34353688,2.8504386,4.731746,0.3945453,1.399276,11.982926,10.47549,69.71663,0.0007321905
143325,4.1413584,7.9956155,3.710349,2.049253,11.829956,6.7364917,0.966585,5.367093,1.0592515,18.493101,0.11437027,0.035451688,0.0033348957,4.4593987,0.70099574,1.3781366,0.19148318,4.866831,0.34807977,3.9049132,6.638942,4.6603594,7.4037213,2.6028137,0.0031608888,1.01945,3.9420733,10.647403,1.8336607,1.9161426,0.09430017,0.0007720594,5.7335653,0.42923254,0.7333555,2.3008845,1.5365506,1.4803516,5.515141,0.67811733,0.4752174,0.053678192,14.780881,1.232031,2.984094,1.5044761,4.886539,0.0848731,0.16241892,1.0679815,24.620855,4.442382,1.6018265,0.270098,0.28031832,0.033233464,9.657532,1.0362709,8.654484,22.981815,4.38098,1.0160128,18.188992,6.962686,3.2396152,2.2071805,0.5823657,0.3134978,3.592643,2.681649,0.11275457,0.043603085,0.24651676,1.0405707,0.68089783,2.8499243,1.8628566,1.5358515,1.6812243,3.0659418,0.24589875,1.808462,4.010441,2.724093,6.725909,0.029701462,2.6848106,5.724848,4.231801,0.020994432,11.806308,0.92594594,2.6892335,3.6284323,8.035335,11.000989,1.9174234,0.0040043527,2.03637,0.11107085,0.4258008,0.07694908,0.13390344,9.851535,7.567606,1.5917723,1.1369375,0.05267784,3.2996256,1.0491902,0.19757855,0.54464716,1.6082652,8.238478,32.721664,0.0510059
143426,0.270458,0.134346,0.8122763,0.8185404,0.6693139,1.3842001,0.04992186,1.9114541,1.5963833,0.34204912,5.4849195,2.5117135,1.0925152,3.8098881,4.4599147,2.9602544,0.028467678,0.025013953,1.226529,5.223332,0.008522192,2.1596165,3.1489801,0.9911994,1.4045718,6.863315,0.37844118,3.9379008,1.3954695,0.055619393,2.8969388,0.0621169,0.16646037,0.81246346,2.4304368,1.5039263,0.0626073,0.44600102,2.4047842,0.024380853,0.26244372,0.2598762,0.8815605,0.83460826,0.5759459,0.15403523,0.6686429,0.9261879,0.20236252,0.11105893,1.9944475,3.9319077,0.01954473,0.025379851,0.018877901,0.15538083,0.21113585,1.6835047,0.10570815,3.7873585,0.42027858,0.73206717,3.2619426,0.3142978,1.7928785,2.867696,0.3547576,0.31395766,0.04928115,0.0922029,0.19129398,1.1378877,2.0056024,3.77902,1.5429629,3.6530893,2.503108,4.024241,4.0564866,0.066010065,0.42929846,0.29955077,0.016416386,0.20866612,0.09124363,0.49145278,0.17060956,3.1448298,0.10619101,1.0224673,0.0046592667,0.6218306,1.1414409,1.0924839,0.10599327,3.5456789,1.7168955,5.123141,0.0036252984,2.5138643,0.7753832,2.0093052,1.9872912,0.09614422,1.2305351,3.4147992,1.3009613,2.0346427,7.2440886,2.9231107,5.1860056,0.91002136,0.28532603,0.022266,1.5196924,3.8775928
143830,6.800181,6.912804,3.2743497,1.009275,10.404872,4.0352325,2.9059818,5.2085395,0.946705,9.860544,0.5158126,0.7363705,0.253205,3.9231112,0.22823791,1.6518822,0.4457209,3.9188664,0.48613057,2.556289,6.218221,4.5858784,6.5064826,1.7739223,0.08358518,1.5291693,2.332124,9.834206,1.3671824,2.4335396,0.2735626,0.038610406,4.171229,0.70664334,0.401289,1.0891795,2.8385649,2.8229134,3.1329844,0.15298086,1.2964591,0.06990115,14.761104,0.493065,2.7062309,0.19146861,5.2883034,0.17431208,1.7335453,0.5281714,20.248259,6.959696,0.8905249,1.3864906,0.89303786,0.60491765,8.57554,1.1712326,2.8736448,14.646895,4.841857,0.9286847,13.954713,6.8146935,3.4155607,2.6384268,0.00016876947,0.0029043495,2.3492868,1.422315,5.6126075e-05,0.32423192,0.36524928,0.55115837,1.1255004,2.9664617,1.6566999,1.1714816,1.3818499,6.148993,0.17699382,1.9922026,2.1684244,2.977964,4.803831,0.02944456,0.9766949,3.1715355,2.475884,0.25650054,3.816962,0.24885923,0.017669452,6.3536496,4.55728,5.08906,3.084698,1.112661,4.290916,1.603572,5.3826378e-05,1.8847255,0.8719352,1.9738309,2.1340988,0.0010072769,0.054886647,0.15021998,0.2943862,0.5956179,0.21823356,2.401872,5.6274166,2.2804165,16.692595,0.016344372
144125,0.005168146,0.22899702,2.6134737,1.3585432,1.0902709,0.929369,0.058739726,1.583484,1.9629374,0.403969,6.889496,2.1918194,0.97587675,3.0254104,5.7462564,3.5045617,0.2586197,0.08167509,1.7115625,5.659618,0.35980636,1.7220467,3.991208,1.9102864,1.512082,5.9163933,1.5285544,3.7832918,1.8096677,0.003655884,2.8884869,0.4192682,0.20512216,0.99349105,1.8936557,0.27942047,0.42069137,0.5584274,1.9773188,0.5266296,0.8924691,0.15261032,0.019850198,0.89043313,0.99256873,0.2938703,0.17259489,1.2510684,0.020936625,0.6930019,0.6604604,2.2667663,0.35210264,0.025578022,0.16287534,0.67427707,0.47261897,2.8988922,0.6318359,2.778786,0.86616987,0.32473803,1.9009153,0.006178886,0.47058192,0.68165773,0.1874804,0.42049956,0.033080973,0.31071508,0.18145767,1.0025042,1.5179876,1.801244,1.2903306,1.8185297,2.9284544,4.2188225,1.6889769,0.0016251192,0.6015764,0.36402798,0.13229567,0.25380272,0.03818781,0.44216058,0.044779003,3.063012,0.0886395,1.1267608,1.6488202,0.88485086,0.37970358,1.0948124,0.10726534,3.1593738,1.6283416,6.120513,0.0009860354,2.0440342,0.9973062,2.1461766,1.6785243,0.3258319,0.4145216,2.1145267,4.4344635,0.24938901,6.7510858,5.4211717,1.4773707,0.012934038,0.1099628,0.016635897,1.6784843,7.267401
144226,0.013282691,0.27006707,0.0010650532,0.025321059,0.11941024,0.005495248,0.029055906,0.018503862,0.21201651,0.021020846,0.00011299588,0.019076943,0.001573136,0.030593406,0.26044366,0.005235367,0.037652355,0.0006111999,0.11800641,0.0054666796,0.71765375,0.036862593,0.1611471,0.057205826,0.13156343,0.024011588,1.1351189e-05,0.2277957,9.944625e-05,0.0205486,0.28071892,0.3648303,0.2006717,0.015542586,8.4295556e-05,0.1931925,0.024343316,6.1363664e-08,0.3032481,0.23030378,0.03835347,0.08054082,0.68038005,0.1336382,0.56217444,0.29003164,0.11503522,0.34105203,0.000532151,0.042111695,1.0801479,0.17089283,0.59222496,0.025652029,0.069283836,0.028967286,0.48090643,0.013920857,0.091275,1.2575663,0.0047102785,0.021427076,0.23416415,0.010693987,0.1710884,0.0016172858,0.13489428,0.027640611,0.0026600456,0.0018297355,0.137706,0.018571451,0.08106097,0.06388189,0.43827462,0.21574168,0.048637886,0.15172717,0.020308433,0.0023407126,0.0061709937,0.10730887,0.083042726,0.033959296,0.022745553,0.6433321,1.5243344,0.14040358,0.4284304,0.0029229329,0.0036985846,0.005078681,0.012064912,0.3470125,1.0192528,0.5576231,0.019178959,0.0143142985,0.050856777,0.04243643,0.0060592094,0.0030989193,0.10362766,0.18001746,0.12846965,0.8422435,0.27413073,0.012667427,1.8104495,0.4172247,0.0155189205,0.26633033,0.32062882,0.3508608,0.081492685,0.17006706
144428,3.6463969,10.92917,7.0098233,12.820133,6.75753,9.831365,1.9173906,9.405455,1.7773306,27.9552,0.99666756,0.85291487,0.00017205923,6.2075458,0.0016000065,4.6591825,0.1933333,8.635603,0.07246381,2.358986,4.9573417,11.5685835,12.904252,8.193973,2.2791224,2.738273,12.199649,16.072191,5.6912346,7.1918807,1.5067216,0.34795186,13.2318,1.6480632,4.928486,2.0106375,2.5994077,3.696401,8.313668,0.3366122,0.22419685,2.7538738,20.92414,1.4103403,1.1780453,1.263958,7.049654,0.21570328,0.11825698,2.4253614,27.977602,3.5076375,0.63051176,0.35791865,0.011882936,0.15517586,15.089163,3.6511188,22.567741,35.687325,8.30734,3.2532291,28.945986,14.683073,3.5652363,2.001063,4.612081,1.7858746,0.89093256,10.45921,2.1965969,2.093262,0.36363336,0.018007157,0.06471643,0.21074677,0.34829137,0.6721353,4.4885445,1.3615925,3.5666106,3.3428214,9.542105,6.1327066,15.2917385,0.27913994,1.5131528,12.822838,2.2690349,0.0073270723,46.430206,19.193516,16.850891,1.30035,17.483932,19.305687,0.7679351,1.0796036,0.019514557,0.6750739,7.5140834,11.984499,3.598067,14.106467,41.198025,24.129925,26.310444,11.535196,4.271456,1.4384121,0.388372,0.7923109,0.25543272,11.211741,119.54032,3.8461123
144731,0.7705954,0.11628374,5.6434045,4.612669,4.0162597,11.27603,9.261066,14.845129,5.9863143,5.852276,21.178679,21.502893,4.373436,70.266174,34.101696,53.895653,0.5111598,0.001622931,3.413927,51.9479,10.744637,31.5195,21.44928,27.845999,5.50318,61.706203,9.098488,51.946014,33.68952,0.07916843,38.625694,5.9012613,0.2458278,16.51958,51.44374,61.58776,0.2488986,28.804665,39.83173,9.520723,3.6942918,0.00044854335,0.9735114,7.6582074,11.768998,8.724679,3.6359737,15.474182,3.1255455,4.3987427,18.790068,63.470512,2.3221776,1.7584909,0.5163484,5.508553,1.3905009,12.104314,1.6553905,24.467941,0.06868462,0.28236243,51.57733,3.745289,17.929947,36.294163,0.01305053,0.13026126,17.487335,0.9338257,8.413726,7.5913367,36.93104,63.242065,17.076864,42.408543,57.576607,58.553185,28.552305,6.0976677,9.034658,0.552799,7.0815973,15.257742,4.84683,15.828744,3.9152877,15.050891,2.0342543,20.648123,6.552179,21.49847,14.021025,3.2689087,1.5462267,10.558373,24.917599,67.909134,0.08866454,30.645853,9.069729,13.270347,16.18587,1.4697917,0.47001243,11.179395,12.023437,16.499014,119.74697,21.369534,15.827779,2.2094662,5.7719254,0.030512622,18.963371,21.397661
144832,0.05400804,2.6101113e-06,0.015829723,0.020223737,0.0043414077,0.032728307,0.018118262,0.021671776,0.018885272,0.027104331,0.009167224,0.047929224,0.003152895,1.4777427e-05,0.003639943,0.086735405,0.020535897,0.0028610444,0.0080509,7.5617645e-05,0.0029289941,0.014170085,0.04616534,2.0780499e-07,0.0041370355,0.020008681,0.23670031,0.0874443,0.01075742,0.025824765,0.02980993,9.4870986e-05,0.11103728,0.012116007,0.006895176,0.03279821,0.042336687,0.011183534,0.17855164,0.017957821,1.3123601e-05,0.026997142,0.09705948,0.022080857,0.028180432,0.0011602949,0.05652506,0.036851402,0.023976447,0.0020943792,0.03266742,0.0007354262,0.026825853,0.00013201297,0.0022141624,0.010037484,0.10630051,0.010351683,0.06778404,0.113343105,0.0367695,0.012763869,0.1961621,0.00035910646,0.010629328,0.0034493885,0.008758992,0.046449576,0.0425253,0.026835753,0.00097166246,0.004927165,0.08070736,0.10648466,0.13792866,0.1809844,0.0036812127,0.042946115,0.07031303,0.14723375,0.044636212,0.00010538109,0.0049883295,0.33685383,0.00091490825,9.501037e-05,0.27146775,0.25564316,0.0011126235,0.011464425,0.009945386,0.023453714,0.021317452,0.020741062,0.33891845,0.068155825,0.20016669,0.008036595,0.050118487,0.017872011,0.03653352,0.02331913,0.02026553,0.0021962153,0.03444959,0.025826002,0.12313064,0.0224402,0.28171206,0.9393593,0.08034559,0.07309736,0.0026504844,0.046745274,0.0017274437,0.039049756
144933,0.011074047,0.0054688877,0.08757631,0.10732885,0.13492611,0.19208747,0.08422899,0.0065393476,0.004153456,0.036046386,0.13972233,0.00914306,0.04153731,5.0873627e-05,0.004523354,0.0030791552,0.0019668827,0.006038205,0.2160911,0.15252446,0.15809155,0.09237974,0.39561424,0.0031327023,0.13991837,0.17151281,0.2784933,0.284711,0.13183083,0.012277359,0.00844281,0.03200182,0.1997273,0.00028478066,0.15214333,0.18036948,0.30272344,0.2268264,0.0038687077,0.01469894,0.003631199,0.00033823485,0.17350383,0.028620262,0.0055125556,0.03205649,0.25926372,0.0343525,0.062404968,0.01382685,0.5719696,0.12689635,0.022688247,0.030479157,0.091752484,0.0047179395,0.19424301,0.00024162604,0.21209143,0.8396819,0.0047531435,0.3388426,0.17938809,0.026141718,0.016011,0.013553291,0.0678476,0.11401706,0.0010843462,0.10966547,0.078093305,0.0312956,0.0023233043,0.034027565,0.14380161,0.014623045,0.12885839,0.014158777,0.32666954,7.5208736e-05,0.0010696157,3.3420245e-05,0.22743607,0.09268812,0.1181789,0.0265145,0.24471961,0.27055007,0.008690601,0.06006048,0.27865046,0.16243696,0.018353757,0.17839117,0.00062874757,0.030564599,0.20034732,0.022203688,0.1592242,0.02209898,0.0027254177,0.03310318,0.00028169106,1.0681016e-05,0.10556195,0.00018643643,0.6571902,1.6874197,1.1503941,0.017292071,0.051833283,0.3825144,1.1482521,0.016226731,0.07487166,0.09338216
145127,0.3066171,0.08971379,0.107564926,0.36816794,0.2463074,0.7365369,0.16895372,0.51314753,0.5494634,0.043248083,0.5623381,0.78894657,0.22261557,1.394413,2.5971072,1.1628276,0.024480259,0.011404939,0.39721075,2.3712313,0.009271206,0.6362746,1.0721557,0.35448664,0.6566676,2.5888524,0.012129571,0.700002,0.6374132,0.08765846,1.566912,0.17383032,0.30125275,0.69280756,2.7208962,0.4816479,0.4611023,0.36672646,0.5446006,0.055191204,0.08042019,0.10362564,0.14889245,0.34324375,0.03979686,0.2554207,0.44094148,0.62407124,0.06817061,0.10781915,0.37931737,1.2438179,0.10727744,0.0066630663,0.040824298,0.078150794,0.060849946,0.838024,0.032630663,0.6886804,0.14493938,0.27280626,1.1170051,0.08050263,0.79303366,1.4972271,0.5297195,0.45792934,0.041148793,0.07263366,0.6550976,0.57459915,0.7572091,1.129972,0.29957733,0.867277,1.9654394,1.9327512,1.924435,9.213795e-05,0.27663678,0.2448117,0.23672882,0.17144099,0.013281771,0.19878186,1.238206,1.4155407,0.0006392938,0.49413913,0.408329,0.0749891,0.26968485,0.82694936,0.0021861095,0.9076053,0.8043559,1.9887592,0.012944035,0.5994611,0.104463354,1.1131442,0.4339558,0.22288805,0.28659326,1.2585579,1.5847555,0.7205678,1.6588264,2.535856,0.56542873,0.73819226,0.30027914,0.016475288,0.8415473,1.4558412
145531,0.9353627,0.4407808,9.885734,5.8008113,2.5502913,14.492103,14.865656,22.408419,7.1808553,11.348919,22.035559,33.309277,8.220273,115.8079,37.511337,88.70762,7.0480223,2.8278615,4.073156,61.75121,5.174862,32.108738,24.815548,28.226522,5.449855,85.3541,9.444238,56.262974,40.540554,2.7838173,66.84655,2.571294,0.6454764,14.984532,66.64371,86.49642,1.1353624,22.893555,54.241135,4.849022,3.1688447,5.5257688,1.3366858,7.240136,18.132622,7.1494527,6.5348315,23.403996,0.9201527,2.188008,28.144167,117.97266,4.38905,0.023977896,4.4467163,0.31552696,1.6915934,14.472609,0.63226134,21.559168,0.26306468,3.616637,68.40141,10.1483345,15.851125,77.3223,2.1313534,2.0651336,8.233116,0.0046213926,7.4961777,3.3484979,44.046265,66.303085,13.239687,32.397907,65.256905,56.105724,29.961805,0.28799176,8.570478,3.686429,19.088606,16.948025,4.106179,40.637264,4.9849477,34.981052,6.376993,28.32077,14.179368,20.20066,12.498098,17.201813,5.9063973,19.085,38.47729,97.86671,0.76429343,33.634426,30.09007,44.517517,37.385,0.010967239,0.30215818,4.7220488,33.620686,28.820303,151.9957,40.95715,47.961617,0.5190113,10.549522,1.7124919,17.249516,23.017302
145632,0.0022021746,0.024657948,0.21385658,0.112897,0.06380403,0.17020668,0.14823534,0.0014510623,0.105270095,0.049113322,0.0051996326,0.011201167,0.0015570201,0.0022783065,0.0761086,0.17631762,0.050811704,0.0008397483,0.06320606,0.008109767,0.19353074,0.17029513,0.44159693,0.00037749234,0.015140266,0.11446967,0.11094593,0.20381442,0.00168715,0.0048208986,0.041644577,0.096913785,0.00025444414,0.021485105,0.023010852,0.42289758,0.038948014,0.00073562626,0.06780721,2.2472119e-05,0.10378968,0.0005607003,0.26710892,0.05354885,0.14138949,0.18405856,0.08051403,7.85805e-06,0.08157155,0.13037667,0.24634953,0.00091498217,0.071160145,0.04548664,0.0027126824,0.036388963,0.38561878,0.03668299,0.00057134224,0.047279738,0.012408222,0.049914178,0.006778767,0.037919756,0.008309901,0.05260342,0.14761338,0.061050795,3.1490872e-05,0.007316678,0.00015813288,0.03861388,0.08074729,0.0026703002,0.07374518,0.012843471,0.03220624,0.08072781,0.00031067978,0.0024287316,0.03413398,0.016847434,0.35481876,0.053529084,0.0028001051,0.04494752,0.0016778668,0.07184864,0.015586649,0.16302258,0.50513995,0.00027345793,0.089293264,0.4213958,0.27851686,0.6039553,0.0534158,0.18989082,0.004772952,0.22215375,0.009043032,0.011131574,0.013294752,0.07555781,0.0005465528,0.005808104,0.5153779,0.102694206,0.00066686835,0.29300058,0.02393011,0.0007792672,0.12358123,0.086969666,0.10608689,0.0046872636
145834,2.067458,3.369503,3.6652381,10.772784,5.682305,29.961731,33.14844,43.07401,10.999329,14.806,58.215336,75.293144,5.4091434,180.37741,73.978836,109.7608,0.10386436,0.8435848,7.641731,120.61057,18.592783,60.66211,47.331207,79.5424,13.685703,138.85466,21.152388,115.03441,99.11273,0.07797845,120.08431,18.064056,0.031205492,46.619366,147.13716,173.72105,8.050534,68.2834,84.58607,30.526707,1.1183476,0.88030535,1.3185292,11.738527,20.423306,27.901817,10.751001,35.307148,4.8306284,17.652018,53.56324,133.0794,7.0141883,6.8268104,3.0717115,13.316176,0.29699248,47.187878,2.6285393,73.58287,0.17721882,0.19637784,154.6194,0.8307455,79.3386,76.89918,0.28410006,0.17413685,61.850586,7.0469046,12.229358,9.913207,103.81028,162.49008,45.32462,86.02491,128.53914,115.80673,87.64357,39.159252,38.33781,0.7291956,24.630392,32.240383,21.701527,43.546425,9.9598255,36.98891,5.21993,56.711037,12.733286,56.636707,34.176197,4.9445586,6.4370003,9.842128,61.185005,169.17532,0.40302896,60.339684,15.829856,35.322433,38.21483,3.480719,0.036324646,28.05005,15.35675,49.78327,250.83069,45.520924,30.77142,10.468963,17.63739,0.017934665,50.996124,68.294815
146129,0.14942096,0.0070825997,1.5437093,1.3594129,1.4545789,2.4148757,1.2413864,1.6213492,1.9280713,1.4722415,3.954146,2.9310415,0.43681622,13.930991,7.9830422,8.0761,0.028595854,0.038010526,1.2445549,13.297537,3.4824433,8.697569,6.189496,3.1845632,1.3717587,13.801903,1.8092906,11.465398,6.068769,0.002276668,6.3940287,0.91213685,0.07418555,3.2932162,12.91647,8.666643,0.560244,6.400824,9.938724,1.2628727,0.8206654,0.0019940552,2.9388638,2.11399,0.9911309,1.3789368,1.6062928,3.6589985,2.4763613,0.32382816,6.0445795,13.196977,0.0005752873,0.05849156,0.25072208,0.5302219,0.027093949,3.1618702,1.275892,8.503659,0.20241958,0.07579014,12.24455,0.81924516,4.0901585,7.10872,1.2970027,0.60234386,3.6342864,0.0255244,3.8811603,3.0303361,10.693592,14.921122,4.841612,12.871556,13.118205,12.083218,8.530555,7.732987e-06,1.7587104,1.0510602,0.0016395971,0.832514,0.85942876,3.194725,0.15522751,4.561129,0.0021633501,1.7711595,1.4710221,1.0837828,1.6846427,5.4625993,0.0033076217,4.0733743,4.3868585,9.722885,0.023800114,4.8715825,1.390364,11.206193,2.180568,0.18247643,0.5843682,2.3409717,1.4542327,9.427873,22.5795,9.752207,4.015024,0.011587652,0.7338676,0.07307187,3.454655,9.0129795
146331,1.0048687,1.4626387,0.6088071,0.6007955,2.6624084,1.0982008,0.9818824,1.1979424,0.097065754,1.7980734,0.31660637,0.043832224,0.108658835,0.37554803,0.11335107,0.02949784,0.13236208,0.6244924,0.21134019,0.7625722,0.83552474,1.9156601,4.640013,0.57240283,0.09720437,0.29200435,1.9535308,2.4309952,0.7766932,0.8565704,0.0779109,0.101190664,2.1593156,0.18956424,0.21578588,1.6036019,2.508835,1.0524033,0.003550895,0.11697308,1.6938475,0.23508154,5.5282855,0.03324204,2.2774403,0.045959126,3.146078,0.11491196,0.7399681,0.035764344,5.954966,1.5699782,0.13684455,0.008992571,0.47903514,0.32361647,3.062765,0.62518644,1.1398034,4.4705358,1.6125082,0.22724143,6.0379643,1.3969226,1.3065305,0.45607936,0.0069404184,0.13175829,0.8462919,0.01834982,8.796149e-05,0.14813845,0.013176366,0.034518965,0.00015051715,1.0893716,0.00012040229,0.022938766,1.03294,1.3910301,0.0075458894,0.07050151,1.9002097,0.9166182,1.214189,0.056025837,0.12695043,0.6491748,0.24880217,0.008509862,1.2242117e-06,0.6304333,0.010343186,0.24251398,0.020635013,0.19116728,2.7741263,1.4237465,2.1469696,0.87212867,0.17542052,0.57442164,0.038395006,0.5647436,0.17052057,0.3729301,4.214149,1.5326096,0.17932837,0.14792657,0.8973749,1.2830386,3.122384,0.84680915,2.6507132,0.15893315
146432,14.145165,16.797857,5.6661177,0.45133647,37.43608,16.388708,2.4412484,14.07494,3.161407,37.173904,0.61657286,0.58670133,0.31716752,12.685001,0.8479732,4.618594,0.983604,13.4488125,0.0007339455,6.2861605,18.20728,10.866904,12.496337,6.165141,7.283601e-05,3.6661758,11.298007,34.994152,1.8005097,5.4096017,0.11968426,0.057752475,9.176931,1.0606649,1.0649425,5.9739017,2.3235376,2.1735775,14.909475,0.89056736,1.5845253,0.122074515,45.344307,3.5287178,5.970295,3.4562767,13.396895,1.7214408,2.2770236,1.5598496,67.95531,20.092657,2.8938463,1.2613403,2.707756,0.7548393,19.014412,0.43497908,20.898642,62.47925,12.8060875,2.1352797,38.69624,26.061474,10.724253,10.0751295,0.6248217,1.0493191,4.652671,9.526424,0.044534687,0.94120234,0.8653497,1.9862303,4.488119,8.414495,5.285275,6.4097424,5.492698,27.623667,0.54725885,5.027843,7.971911,6.7462573,15.502166,0.17827898,5.6288023,13.238146,16.137053,0.11028861,25.729557,2.5492375,3.6858687,11.842647,12.335394,28.129507,3.7114627,0.4453296,8.173383,1.7212878,1.4274194,0.83403224,1.9241456,13.426411,6.051255,0.18033439,1.6511146,0.15294312,6.849069,4.160959,0.40054008,2.4786096,12.578934,11.158769,66.94291,0.07986188
146533,1.4827228,0.2476463,3.119803,5.406622,4.1285057,14.096686,16.594519,17.656023,7.582035,9.214779,24.41774,29.265848,3.018349,99.43818,35.15866,52.028893,1.0440329,0.033550236,3.767176,57.256992,9.869786,32.629047,28.74501,30.82113,10.510302,76.723854,10.329223,63.506798,41.39141,0.0068234685,48.692986,6.192724,0.61729336,19.148052,57.82921,70.6567,1.4344842,33.74363,47.509132,9.617874,4.355492,0.10171416,1.0447079,5.8669095,17.269135,7.7904058,3.69475,16.940123,2.7205594,4.3433027,18.909782,84.0672,3.925218,1.6958259,1.9991015,4.6389427,1.3844138,16.103863,0.7012877,31.933554,0.40108323,0.5615105,67.0862,3.3573909,21.123611,51.766113,0.7737254,0.0008634275,19.67999,0.7015737,7.435326,4.712869,51.97069,81.50642,22.310324,50.280544,68.74975,67.131775,32.449333,12.426676,12.585738,0.53579164,6.565771,12.50865,6.868905,24.741615,4.626931,24.352173,2.5096827,25.240616,8.583728,27.603125,14.642609,5.2878394,2.07478,11.57557,30.308382,77.353165,0.4350825,33.341866,8.958914,18.772146,20.95532,1.00685,0.012874904,10.439176,16.678087,26.194784,130.12807,39.25829,19.798883,4.258438,7.875713,0.4059251,23.390497,23.284609
146735,112.78397,130.76765,85.45412,17.59363,182.39531,90.213326,38.391983,120.635315,11.769557,364.95938,0.9438354,12.064954,6.6147943,107.33497,5.027442,73.19996,0.023252893,89.788826,0.3605918,35.468185,159.99527,29.333199,49.209053,39.100914,3.4113124e-05,16.356953,79.79466,181.28224,0.66710865,20.861635,2.1408603,0.055032767,74.982666,2.685473,0.19532238,9.612391,1.9638039,0.836768,141.41624,26.821585,7.850503,3.067857,270.58163,17.200254,34.981487,31.648666,55.441193,8.895843,0.75910926,11.788993,352.4862,107.72276,19.492447,4.907639,3.4158916,1.0711894,94.20194,2.431317,238.36278,439.25687,79.36152,31.629126,155.81616,175.48466,18.043736,72.43603,10.59494,33.849213,1.6551723,103.12112,3.3162477,5.6943235,25.337809,38.723125,77.463104,92.8186,91.17236,82.42063,15.776758,95.77523,1.7944313,40.72337,43.24194,41.551712,103.514015,0.8374664,71.457855,145.82315,96.14222,0.0014911771,271.0302,52.44631,51.35083,78.34167,176.2669,245.34355,0.0027417294,2.4052515,40.93062,2.4543998,32.143135,0.46382222,0.046287086,135.5542,79.30614,22.427118,46.904606,3.9805222,105.16,55.959972,6.3810096,0.17218055,74.94798,112.27268,557.50385,14.149217
146836,0.27464435,0.013371429,4.1486483,1.8259821,1.8667854,3.8516083,4.254182,5.2844663,3.7047179,6.430746,7.646473,8.852019,2.3963044,41.270016,12.237691,20.47054,1.5992917,0.028713373,1.0224619,26.025457,1.7658107,13.544169,11.667067,9.027798,3.1945763,31.40639,2.6788354,21.557362,11.026331,0.14050451,15.42933,0.9938547,0.4639339,5.978814,18.600775,21.36784,0.16317375,14.126495,17.189457,0.7103129,1.5121177,1.1434594,2.6428688,2.8275836,7.9457316,1.947096,1.4420018,7.9910026,0.35775906,0.5001447,8.776805,38.329952,1.2250336,0.023086982,0.43668726,0.7011711,1.1579194,4.412313,0.34303853,11.68379,0.040142313,0.2537877,25.65294,2.8000534,4.1262264,22.172773,0.5210828,0.13408542,2.5610104,0.84443986,4.478593,3.804555,13.563352,24.07607,5.276259,17.00389,25.522097,23.480793,13.038803,0.052650798,2.5885491,2.4834461,1.8983893,2.9694653,0.77445287,10.895573,0.8599301,13.939275,1.016388,6.647117,8.711459,3.863006,1.5148734,8.830074,1.2561165,10.033548,7.709384,23.667545,0.39550224,13.452361,11.843996,13.329848,13.884469,0.2099642,0.0022524563,1.450415,4.8364406,17.94709,46.087276,24.987194,10.488686,0.11717647,0.6710639,1.0987133,5.204206,7.621937
146937,9.615888,11.168922,3.1090384,0.31002757,20.234133,8.255863,1.8256966,6.878042,1.0167118,20.498486,0.62221384,0.3424135,0.38029397,8.139069,0.8816175,1.5554425,0.6605351,9.014583,0.5543018,5.490499,9.336347,6.8730426,10.209624,3.782165,0.008540324,2.336932,5.4433117,18.408175,2.1773205,3.4270685,0.25753137,0.05741121,8.23374,0.69224685,0.85934436,3.5834074,3.618733,2.0386078,6.513422,0.15588783,1.020691,0.005656162,24.798334,1.2212445,4.3072343,0.88939935,9.93653,0.31997138,0.9446995,1.5301613,44.504192,12.972516,2.76296,1.1048137,1.3745365,0.54976934,12.409922,0.46092862,11.50601,39.942474,7.0945554,1.2824959,25.30725,15.145502,8.145436,5.6832595,0.0052927234,0.020734753,5.98701,3.4792345,0.36404538,0.44950125,1.4518993,2.1879714,1.1773125,4.7956357,2.186295,2.1367776,2.9921098,16.13252,0.39083833,4.584947,3.6173897,3.7877738,9.288536,0.07786773,4.4784064,8.823716,8.878955,0.14455646,10.590398,0.046524137,0.42354622,12.8195715,3.954585,9.744389,5.841548,1.3922702,6.8415112,1.7758735,0.37876672,1.6695054,1.0430524,5.838862,4.222452,0.19482453,0.04414871,0.28165764,7.9458013,1.0399588,0.0011454563,7.1382074,9.412577,5.626499,34.216396,0.34872276
147030,0.0010955869,0.08548877,0.032533027,0.014894279,0.9135191,0.16408828,0.1067081,0.017767422,0.1790607,0.08196624,0.004154897,0.07571434,0.013451948,0.000112736256,0.31875405,0.06216422,0.062089317,0.017744731,0.025454817,0.0019435263,0.009061458,1.2867576,0.81079245,0.01584486,0.04082047,0.043766722,0.54911137,1.4903198,0.07071008,0.06308703,0.10585579,0.06842543,0.33976114,0.00063202047,0.23760234,0.82862866,0.89580685,0.5212655,0.026709177,0.06064325,0.65367067,0.18804897,0.8467283,0.104295515,0.46416593,0.6475565,0.43552467,0.0006706405,0.00022602892,0.010578286,1.1483229,0.12527977,0.15520056,0.04705913,0.07599848,0.0051013166,0.3400289,0.011495476,0.064638965,0.75351137,0.10928534,0.19469127,0.265081,0.0013241675,0.0070297774,0.071283154,0.054435704,0.0031051305,0.016908523,0.22002557,0.19259575,0.035848394,0.0013453271,0.14455211,0.05229699,0.2635672,0.24429747,0.112007365,0.104036,0.71562093,0.020266905,0.02775091,0.009495112,0.16517691,0.029728912,0.3531854,0.05208206,0.33778533,0.14229867,0.011873665,0.0050954474,0.0004632985,0.039912067,0.14730136,0.008896224,0.0020282597,0.8700468,0.4761478,0.25897598,0.46570292,0.02905362,0.039334852,0.024615642,8.8347864e-05,0.19209893,0.08952055,0.79283625,0.23920077,0.000814427,0.1515846,0.36852568,0.29492298,1.4047428,0.015659042,0.9232405,0.41462636
147636,0.14429477,0.15558234,1.5197626,1.3630413,1.7508951,2.7377565,0.2218885,2.345275,2.4917884,0.3824517,4.4713907,2.9726367,1.3651233,6.7353864,5.571076,7.893112,0.19678196,0.013097253,0.423729,7.8567834,0.8565384,6.175766,2.9683707,2.2518015,1.7293671,11.201613,2.0652945,10.433557,2.6999981,0.041893408,6.573,0.53482497,0.14480172,1.6198877,5.4538264,5.5091753,0.13573308,1.5899112,4.5946245,0.03849269,0.47482598,0.2958507,0.23596628,0.7181772,1.3989186,0.2171701,0.27089164,1.2549745,0.0044826725,0.00040223394,2.294249,8.925561,0.03637633,0.020046731,0.06067823,0.12070756,0.20926176,0.8660767,0.06327723,2.393162,0.012353149,0.011678078,4.6139326,0.7804764,0.83827645,5.747507,0.008993131,0.017444013,0.036435947,0.0016021602,2.0623024,2.061274,3.4278839,6.2986,1.6445984,5.5933876,3.0156517,3.8448308,3.4427683,0.0036598998,0.7326775,0.34316513,0.206854,1.5866439,0.3059287,1.583397,0.19299816,2.8894389,0.007045148,2.6088173,0.46343568,1.6361308,0.97450584,1.2946634,1.4420333,0.9132009,1.4156717,6.1378856,0.04344711,4.612794,1.6635278,2.6107786,4.496296,0.062173795,0.047368445,0.93873423,2.6202924,2.7765062,9.661148,3.0240135,4.1179557,0.10553699,0.4137207,0.3327923,0.70511377,4.7024436
147737,0.03503539,0.7974882,10.0843115,4.7167726,3.5981836,4.355506,0.054188814,10.46091,5.6773977,1.6684554,18.0659,11.479985,8.654088,16.786352,18.143068,26.949368,0.0023890429,0.12452833,2.297808,25.714945,2.0421505,11.22175,11.750144,7.4881935,6.14206,30.893871,4.754416,25.020199,14.7165165,0.0030758884,22.729633,2.322105,0.49016565,6.3357496,22.15275,30.905338,0.4671417,6.256711,10.802051,2.3749511,1.8428019,1.0444559,1.3753062,5.585995,1.4799049,1.62927,5.3503637,11.288615,0.66117054,1.2657192,9.901846,21.89168,0.11112628,0.7416379,0.1900381,1.2045289,0.073073,7.2117777,2.4707487,9.845623,1.2463474,0.01696932,14.912733,1.5292121,8.419601,10.10267,1.1378143,0.35800895,3.0959146,0.7445699,3.3777761,4.076548,13.624609,20.434258,4.470238,13.394248,17.204897,16.64487,17.233572,0.11489756,5.4556127,0.3202278,3.1648402,3.7146225,1.7880714,3.8814642,0.38316715,8.964496,0.0039894907,7.879847,0.67191803,8.407564,6.4020133,3.9132411,0.8388503,6.7626963,12.860805,27.53971,0.01427218,14.0545435,3.4217777,11.273093,7.4092107,1.1198742,1.2963483,5.676216,14.08814,13.139202,41.297417,15.031603,15.120807,3.0223243,3.849084,0.18912037,6.801853,14.383914
148032,0.004645501,0.057407647,0.39471513,0.01467311,0.46256563,0.0020902948,0.06926952,0.074659005,0.061768804,0.27881736,0.42509663,0.3271155,0.25264457,0.044612743,0.5732404,0.006347211,0.5479341,0.13063672,0.20326407,0.18402025,0.6492928,0.9302298,0.50308126,0.39618438,0.7042781,0.5422595,1.6427045,1.4150906,0.2680841,0.02216774,0.5413289,0.20296036,0.00014573096,0.1325566,1.0317925,1.6923426,0.39894864,0.0074948333,0.8732873,0.4596855,0.0028359226,0.23714429,0.5178766,0.6187821,0.5999896,0.24116394,0.46870083,0.38727883,0.45613718,0.6775853,0.09136643,0.14091335,0.13706581,0.0063406928,0.9507759,0.3035796,0.29976875,0.15587269,0.60798115,0.19407293,0.30491492,0.0025182795,0.4984829,0.008145388,0.3030109,0.08644079,0.21264496,0.07369603,0.5136404,0.0772962,0.03742665,0.13708827,1.300319,1.2589709,1.3217225,2.5891156,0.7250657,0.22190689,0.08777698,0.42315173,0.5728918,0.18443398,0.9634158,0.075400166,0.5157555,0.03786595,0.8587665,0.006884846,0.18824273,0.22102286,0.7923122,0.12906349,0.38118577,0.048815273,0.50901407,0.011346237,0.072640456,0.43717676,0.06414897,0.014566274,0.5673949,0.009138724,0.5687658,1.1663476,0.0026017446,0.24519394,0.44617802,2.8656955,0.0033425966,0.26243708,0.07236353,0.001135133,0.77953124,0.056534156,0.41399726,0.001752186
148133,3.2126708,3.904057,1.2924689,0.12911484,5.681684,2.8465347,0.5923902,1.2829306,0.32268545,4.4189143,0.42684105,0.07190714,0.3230095,1.6346442,0.57372063,0.3105167,0.34937298,1.835911,0.09721837,0.5590502,3.566122,2.2054167,4.2609963,1.2635399,0.12394919,0.5750775,3.2095294,5.3167496,1.080816,0.9622874,0.002543003,0.0010051829,2.8362837,0.100560814,0.30714947,0.345914,2.3577497,0.57703626,0.7842137,0.1498631,0.45274895,0.27044418,7.9368105,0.70456964,0.91719276,0.56642574,3.0687149,0.20830132,0.3718084,0.2644099,13.06764,3.022498,0.40782997,0.13202395,0.028342137,0.07520465,7.6941485,0.6441647,2.260847,8.718695,2.3115025,0.743921,8.598154,3.497596,2.8275006,1.088522,0.6471743,0.3424082,4.702778,0.7011319,0.023715958,0.21771668,0.26756495,1.0319155,0.0892627,2.269189,0.5051386,0.85343564,0.8992277,2.031409,0.22370565,0.43266284,0.2253175,1.1370299,2.9121494,0.40175432,5.222313,2.1044223,1.4706014,0.008859729,2.756416,0.49221957,0.74933684,1.2803756,1.5056838,5.304332,2.6740904,0.19550838,1.799882,0.2485445,0.37678936,0.00018970523,0.17098813,3.9246829,0.91952664,0.017852018,0.08884959,0.091069974,3.4428916,0.028012903,0.004403317,2.1000605,0.4257269,3.2542977,13.144386,0.77796274
148335,0.009762044,0.9810998,9.841601,4.518507,2.3998916,10.357037,4.454459,17.596102,8.530376,5.255082,18.412823,21.467564,10.857199,54.756996,28.474255,63.03647,2.7143943,0.8904715,4.1414514,34.789135,3.1468923,16.080675,14.722007,14.372537,5.275214,52.943195,6.5511136,34.20804,27.633667,2.027124,45.557114,1.5929307,0.047980744,9.5644655,29.774523,47.05427,0.22592217,11.543636,32.8423,2.664582,1.9060813,5.0493016,0.71667254,7.635164,9.718466,2.7278905,4.1772504,17.385895,0.33621898,2.9760673,15.866126,57.07443,1.8958548,0.93420094,1.2638905,0.3643689,0.50082815,7.8593273,0.6704418,9.18461,8.567198e-05,0.6582912,32.23278,5.1875415,6.5253587,38.884926,1.1983703,1.3644701,2.8447852,0.023233877,7.116891,1.7163775,22.330923,33.97221,6.663473,14.95395,35.190815,29.735714,19.185278,0.005319286,4.9606004,1.5129918,17.312868,9.468056,2.7068753,17.616934,4.1426945,16.251068,2.1424434,20.42812,4.6174293,16.767164,12.274415,4.9705215,5.037852,7.8893023,23.277563,68.155785,0.0048648813,23.869791,16.6173,17.968687,23.508242,0.29482937,0.011983481,4.0184913,19.800426,23.180195,74.48329,21.701193,34.7065,0.0025382997,8.216425,0.15167437,10.243481,18.860786
148436,4.0789638,8.040235,2.91949,0.7454442,8.443257,4.966505,0.94784063,3.7932076,0.56193936,14.114336,0.077041335,0.000913571,0.13583183,4.316519,0.81337124,1.3190598,0.060723975,2.6968875,0.13240881,2.0825105,5.437717,4.6428876,5.460713,2.2442153,0.061641637,0.5990241,3.4706807,9.868384,0.9639468,1.1233828,0.007755953,0.030110918,3.9953027,0.042054348,0.033051763,0.09663196,2.6756938,1.0121527,3.2773242,0.5142622,0.95810205,0.014733524,13.220692,1.1876986,2.3247182,1.9216964,4.6122265,0.32885826,0.7551497,0.14710364,23.19398,3.7217665,2.0799153,0.29304975,0.30352828,0.16238214,8.297991,0.5327612,9.663154,24.525167,4.42544,0.43151727,14.372508,5.7576456,4.8754573,1.4775478,0.62356824,0.44314548,2.4050741,3.2188787,0.0051871287,0.19285762,0.61100227,1.3011173,0.75352806,1.8493903,1.63634,2.3616855,1.0014243,4.5216064,0.25489256,1.0178204,1.9347949,2.3905413,4.9072123,0.443949,3.2770212,2.3075047,5.074171,0.05499391,10.093446,0.70488465,1.210836,3.4475183,3.0237134,6.982487,3.1949453,0.45473316,2.6948173,0.17356193,0.61136246,0.004791038,0.30830395,7.4988565,5.2517214,0.9759216,0.1964201,0.46008122,8.887973,0.06354622,0.11598068,2.398444,2.8917158,4.3889604,28.941656,0.6952572
148840,0.5512538,0.97945905,5.9117455,6.368584,2.204009,10.302045,6.8419027,15.162137,4.4813423,5.510317,16.654915,19.15532,3.8892565,64.67728,23.748152,42.10561,1.6834614,0.36475003,3.877818,43.214626,5.7574897,22.900837,16.03545,20.544954,4.3233852,45.976616,5.4655833,36.92967,26.791174,1.1476375,41.862892,2.8788192,6.203457e-05,12.491432,48.07933,58.951397,0.5763268,18.434944,24.117075,5.1493254,1.7931486,1.8142016,0.705398,6.2345705,6.504922,5.4412355,4.813294,15.17172,1.2142408,3.1925683,14.436736,55.03535,2.0060773,0.17504783,1.3881463,1.362289,0.609775,10.350324,0.35622436,16.32467,0.017698748,0.3270409,44.82707,3.5173213,12.187823,34.37534,0.020382965,0.13592093,5.6494255,0.14789915,8.215575,3.4781709,31.310032,44.399586,12.66389,24.061142,41.162987,35.45172,20.944561,2.2631316,6.6622324,0.66956186,6.703585,6.2374954,2.9031444,18.868694,0.72847134,21.89561,2.7191324,17.081783,7.795738,13.242792,7.090226,6.187503,3.4558334,8.575553,18.027782,55.966175,0.3513373,21.704187,14.6331005,20.52044,20.010933,0.5870061,0.21429756,5.423927,13.052466,20.355072,81.82148,22.115854,17.355877,0.8030516,5.3097067,0.59275293,12.218056,13.762337
148941,5.6221275,11.453643,6.08311,2.9440312,15.17228,8.404766,2.019918,8.852382,1.1986419,26.465696,0.47878355,0.7553024,0.01853662,7.815651,0.44847354,3.4752066,0.12328023,8.210774,0.015267607,5.386083,8.929055,8.765461,8.956321,4.391043,0.101003386,2.2115192,6.7070694,16.795132,1.4250234,2.9972036,0.3985364,0.07442917,9.755551,1.176295,1.3701744,2.5481699,1.7881776,2.4423208,10.974509,0.16532625,0.25127125,0.016025221,19.234894,0.8951657,3.8081565,1.0175188,6.7023406,0.031107275,0.7380286,1.3444748,31.983482,7.221003,1.2152525,0.99262196,0.40499917,0.24391825,12.651427,0.7569334,14.6928005,33.68062,7.425292,2.7181036,24.029753,13.119022,4.696167,3.1186044,0.5228011,0.6973441,3.0303175,2.960592,0.06086194,0.02402889,0.337878,0.8009539,0.76848966,2.0003898,1.2945654,1.0581943,1.9385176,6.8066173,0.516985,3.0708394,4.088873,4.7297163,9.035492,0.011332235,6.2476873,10.290783,6.5701556,0.021432918,22.609682,3.3459764,2.4331095,4.6148977,8.980673,15.343184,1.4270256,0.055480246,2.3296902,0.30427346,1.9818491,0.033379816,0.022882361,8.946692,10.571123,2.7636209,6.7876177,0.8888616,7.634749,0.9566105,1.8485758,1.3983178,4.509191,7.8996696,56.252182,0.03216373
149236,101.508865,112.2179,69.33273,9.079077,156.7203,62.992107,35.988815,88.50763,14.027119,255.18123,1.746755,6.6617856,15.176426,83.6718,1.6139454,49.986675,0.3009041,79.61112,0.19120604,28.910927,107.53955,20.959158,37.361294,27.262527,0.0021352945,10.289451,64.43554,137.77048,1.8649672,17.69433,1.0096704,0.16328417,65.64657,3.2336078,0.0045758924,6.5004025,8.646542,3.8080988,76.609474,17.757874,15.006809,1.8740379,251.37306,10.70263,33.684578,23.28262,58.873432,4.3645697,7.399019,9.973592,311.27603,86.74412,4.786624,6.5908303,8.089097,2.4005415,79.06227,3.3455195,162.01279,324.7515,66.48428,19.813644,127.14908,139.28995,18.468966,68.78804,4.466639,19.18735,3.1351774,72.490906,2.760318,6.7911687,16.556612,29.605757,53.172817,61.822308,53.077614,50.863262,22.62424,77.668915,2.207023,34.792572,39.35903,27.631742,84.990135,1.1973248,43.66156,107.07205,57.67218,0.34404615,174.29045,19.2764,34.65393,71.03315,100.47861,138.58875,4.325353,0.0046086702,48.736103,8.337139,12.62008,2.1736963,2.5378568,76.907524,57.83255,12.3655205,12.839236,0.265651,55.849327,18.58121,0.08337797,5.3604703,77.362076,63.64084,412.78256,12.6328945
149337,30.403564,1.5238011,0.04800468,28.765041,10.362547,87.91487,257.90375,135.22966,31.765562,102.8316,164.89226,251.09879,2.8821635,948.23926,217.77054,404.5842,1.9913328,1.6516496,8.724292,388.46414,63.19033,203.69539,124.75237,281.36093,32.825092,557.1879,58.034992,430.32825,385.8216,1.0376599,443.20453,57.43992,14.421036,149.85931,478.57428,608.7914,77.35691,234.39635,329.53238,99.880196,7.18613,1.2956713,5.671732,14.274407,215.64122,81.83016,8.780144,96.23826,2.3776348,51.822113,150.2302,765.8457,73.97936,29.947165,47.062237,32.304478,16.233381,131.69385,0.008410336,209.63406,11.524194,4.1369996,562.5774,22.81798,213.83899,494.68307,18.434195,12.015781,211.67467,16.437284,34.020542,22.759054,370.66238,605.5001,155.60374,329.13943,477.64243,475.40332,322.0608,148.7516,111.754166,0.00020262646,86.45467,124.8168,66.4479,282.62424,37.351025,169.04753,54.359142,221.99098,113.26506,244.3011,112.38407,12.53995,30.04974,21.986034,221.44905,673.93,5.2872725,216.62415,94.63008,151.99995,202.53056,4.7539754,2.210187,89.08185,37.75463,201.73361,1268.7976,138.94292,90.88925,33.206955,67.55081,1.4807009,206.9885,244.4023
149539,0.014656739,0.06223904,0.026945096,7.059431e-06,0.02598684,0.00056154374,0.015587094,0.003945516,0.0018973696,0.0021389818,0.20047523,0.20191698,0.056547254,0.10712563,0.028287737,0.005149289,0.04730196,0.084426366,0.029285539,0.007875898,0.037257336,0.07222012,0.00042539334,0.014056684,0.0005181339,0.008390948,0.0075456486,0.027829854,0.01422589,0.00079854403,0.02763771,0.0004587568,0.042227924,0.08407044,0.0034828202,0.030860964,0.08864661,0.09762365,0.3588536,0.2322439,0.005154947,0.019804437,0.024218626,0.018330036,1.737325e-05,0.052411973,0.009401228,0.03946804,0.06577998,0.041576203,0.044411868,0.044876672,6.032674e-05,0.023420021,0.00489588,0.07597886,0.032820307,0.005263561,0.07914014,0.13353625,0.026200324,0.0049410085,0.013031723,0.009390223,0.13421232,0.076085724,0.027366703,0.013693643,0.002843689,0.026589252,0.0012091382,0.003363044,0.012922864,0.014649879,0.0053025237,0.015094774,5.5577782e-09,0.0008776114,0.16796874,0.047335166,0.015342701,0.0010556546,0.007545416,0.007961487,0.056112144,0.00060634327,0.012859514,0.01353427,0.0007328569,0.01893395,0.26176155,0.010547629,0.24478546,0.21326068,0.2921738,0.14116016,0.008611902,0.037529856,0.006386785,0.008009531,0.19385722,0.2501342,0.033759814,0.012255262,0.0010686388,0.09042286,0.015449241,0.20711598,0.05461366,0.16932538,0.26652664,0.11790043,0.08070669,8.980729e-06,0.0047433334,0.28937742
149741,0.0048648436,0.018082056,0.074060485,2.2645295,0.38237828,0.9948073,0.0965486,0.15796788,2.4467065,0.14173466,1.012393,0.4522052,0.08069239,0.94574,1.2212477,0.12923932,0.39573026,0.00041429876,1.5063076,2.880162,0.7868677,2.627012,1.5043024,0.9496065,1.9924423,4.360775,0.62321734,3.6493018,0.8499693,0.48279643,0.8470075,0.53124225,0.5467398,0.64829874,1.2915342,0.38490045,1.510531,0.6671996,0.2409877,0.23444906,0.46374962,0.7457564,0.90107477,0.50167155,1.016588,0.04119249,0.0749906,0.7532247,0.60960275,0.7265276,0.3871592,1.2220253,0.038139068,0.032298822,0.3063872,0.17817229,0.059421852,0.7454583,0.3354228,0.64099157,0.29576162,0.37602654,0.6261059,0.01601207,0.13817482,0.7558728,0.20074068,0.018435469,0.9610317,0.009384803,0.8521652,1.0256909,0.2593222,0.30952087,0.211165,1.0726601,0.87785065,1.1546445,0.00042730867,0.64691824,0.43673286,0.017424952,3.1390421,0.10099403,0.98263055,0.5258164,0.24972396,1.1465669,0.03827198,1.4818099,0.47595087,0.68137777,0.05365734,0.6007946,0.016709274,0.0022899262,0.3555626,0.3671574,0.14230615,0.013559142,0.12191209,0.12797521,0.14507997,0.19594225,0.025186632,1.4243175,1.2248719,0.41583732,2.6966188,2.7502248,0.71579,0.08971424,0.04247557,0.3164878,0.8049965,1.0205939
149842,78.90858,94.39759,61.70783,13.656076,122.355194,64.98281,31.90336,80.10415,12.876096,250.17834,1.51711,14.42449,10.890616,84.599884,1.1804461,59.129135,0.5302801,79.415,0.021696959,29.221817,99.0147,21.041285,45.07009,32.08169,0.97976357,13.973162,59.97339,125.37067,3.3590944,21.42861,2.7799354,0.15215248,58.983986,4.089003,0.5513934,8.220332,6.9437213,3.9329956,70.02253,9.298116,11.448752,0.29045525,193.53026,9.251506,28.35453,13.719344,46.914745,1.8070939,6.038253,12.097895,259.83032,86.28468,7.3740406,8.125761,6.7291,3.8804436,70.03777,5.5706797,139.57245,267.16693,55.379913,28.446297,116.97484,127.79775,12.505104,55.706203,5.109192,19.770088,2.190952,57.297394,1.092074,3.2493742,13.633828,20.624413,46.438755,56.836933,53.281063,44.711338,20.928337,67.89078,3.1730332,36.585796,55.87663,42.504673,74.77848,4.090022,27.114237,117.78851,46.33933,1.0496165,155.5746,24.466827,22.441992,65.659485,122.44517,124.61091,1.0733123,0.00600537,36.533894,5.709025,10.991647,1.9020897,0.5848522,61.291233,53.02946,14.974365,27.768156,0.6519303,71.04684,36.025467,0.98294854,3.3312535,69.87513,61.939533,374.29764,8.105444
150423,44.212444,67.6489,32.234344,16.95347,77.46016,48.921413,8.2706375,58.639217,5.871753,195.22758,0.6056023,6.3075213,0.2180414,53.77301,3.7841563,35.77215,0.01442844,51.46207,0.14758869,28.35832,89.42974,20.288307,34.547424,30.11997,0.086896576,6.835415,35.578384,87.89617,1.363043,16.663162,1.6390277,0.20129186,46.08836,3.0474043,2.6481776,4.1281095,0.10300762,1.0018209,82.79447,10.557946,0.57115966,0.05857132,143.44397,13.2999525,11.303249,16.767933,28.704708,3.8243594,0.0031774044,6.546019,178.38396,44.47543,13.991929,1.2225151,1.9199091,0.30656967,48.926655,2.498994,169.27562,269.124,39.029957,17.364233,102.22369,98.98454,10.173676,29.147339,7.429168,16.630789,3.081113,48.19384,1.5192686,0.79411453,9.650161,11.574175,37.135284,31.827873,51.852406,40.57341,11.619093,36.85086,1.35565,21.812891,35.493214,32.47161,56.46794,0.16341929,29.25616,87.644424,52.683746,0.092419766,192.69313,51.61011,44.80009,17.29285,125.84897,161.31398,1.4350713,6.579289,9.5415745,0.23037373,27.937449,4.253197,3.3488023,89.205154,55.27246,21.431149,69.926605,13.340331,63.60201,33.80988,16.315178,0.50997394,22.665688,82.074936,345.97855,4.193793
150524,11.658542,17.062061,5.0974393,1.1970757,21.28525,12.36506,1.4566556,12.600047,0.6368777,45.358864,0.31949642,1.563193,1.2642349e-06,12.554946,2.9505298,5.1201935,0.15251228,12.732991,0.0010205357,7.825615,22.790932,6.5703816,8.145979,7.0218005,1.2580594,1.3352242,4.2758207,20.775118,0.43651175,3.774387,0.085379496,0.055491827,13.268016,1.1172428,0.87433714,2.298596,0.55258805,0.99187016,20.610708,2.2809649,0.14558746,0.12144387,35.65667,2.9591863,3.8311183,3.8413002,8.101168,1.8276352,0.6055504,0.7223448,56.81482,13.850701,5.542037,0.5528627,0.82225364,0.10694282,15.39685,0.35245818,35.25172,92.79435,13.20715,2.630047,32.66633,23.282667,7.9068174,5.6494007,0.85296774,1.0057546,4.129808,7.3923354,0.0020300471,0.25727445,2.7304518,4.743499,9.32969,13.752469,8.579377,7.7552614,3.5322564,17.023703,0.2365336,4.5239186,6.0459185,7.571808,12.658032,0.2641171,10.9396,14.369074,18.57104,0.071426705,40.122536,9.040218,8.438036,7.587346,20.539669,27.772106,0.51790047,0.47534478,5.6648273,0.2025982,5.169846,0.20724423,0.13196188,28.479109,11.070139,2.2171156,9.260886,0.5388388,28.847794,3.8181355,0.961535,1.3431758,4.932375,19.479675,70.8541,8.174698
150625,2.3067253,0.006373189,0.95137787,2.413268,1.6774198,9.876343,24.857729,13.601152,7.5822415,12.470004,30.263786,27.896528,2.4520848,127.63229,35.823074,53.40479,0.10249672,0.0012744896,1.9675893,57.289677,10.969084,35.1653,24.865923,33.56972,6.9128857,73.713936,7.5039816,52.705784,43.23658,0.016049922,48.438015,6.311274,1.6830572,24.895668,64.81285,69.79134,4.425154,39.556667,48.48789,11.423563,2.4075809,0.39694482,0.53135425,4.1437826,29.928108,13.692151,2.8010917,15.120011,4.849068,7.1869864,23.142866,97.282906,5.501417,3.421346,1.5911907,6.95063,2.129241,19.70012,2.4379516,49.749317,0.7158184,0.7897941,93.91539,2.1585672,29.893684,58.573975,0.076991186,0.051198486,39.60375,3.37789,7.6732326,7.5786233,50.222034,92.546234,17.345497,59.532494,72.32538,75.71353,43.5174,13.539972,14.512539,0.31169632,11.110546,18.678576,10.695129,25.330791,6.168367,25.168497,3.9100013,27.561138,18.29334,27.190598,13.123878,7.322959,6.6135693,10.820482,20.794226,65.97133,1.5308704,29.850224,10.9438505,19.577374,23.838404,0.12321549,0.35053506,4.3642993,3.8971305,32.441708,141.67229,38.105286,10.319889,1.9515272,4.6738005,1.0436249,17.080564,41.1647
150726,2.009507,5.5732517,0.5230782,0.9079576,4.850076,3.038617,0.19708319,2.1715872,0.009690491,6.529685,0.18760337,0.12938869,0.15807822,1.9102515,2.5088959,0.018085543,0.11349269,1.2745198,0.20024794,2.1678205,3.5153291,4.0648713,3.9864674,1.0491682,0.12749714,0.41052327,0.90032995,4.2709136,0.9061741,0.28866142,0.0827748,0.0033849198,3.2717857,0.44308233,0.14236206,0.18700893,1.9457655,1.6195458,4.0856175,0.1700339,0.49909845,0.10966828,4.443293,0.63308245,0.43515065,1.7126747,1.7849405,0.1413763,0.11325667,0.07532196,10.752701,2.5260448,1.1551151,0.3891592,0.0069212844,0.04125588,5.212543,0.6911188,7.065489,11.133115,2.3387923,1.1987898,6.8171234,3.1045654,1.5397537,0.3303869,0.81619114,0.16303842,2.3383005,0.64297014,0.47284478,0.0024410845,0.09209923,1.0012544,0.016779082,1.2517269,0.0027652157,0.107275,2.754736,1.9061869,0.065535806,0.64401144,0.35449517,0.14593267,1.5878304,0.111011125,3.477463,1.5456054,2.6892843,0.015468337,5.6119847,1.6689407,0.8241526,1.0662374,1.2322755,4.5472426,2.927128,0.3775807,1.2917094,0.0026689712,0.111224934,0.011411395,0.027586585,4.4488826,3.6297853,1.030188,0.005862655,0.051596552,3.886977,0.14731047,0.3065776,2.7845826,1.6420574,2.311107,20.024818,0.014096698
150928,2.2780952,1.3915355,3.4995148,5.527466,3.7915473,13.639301,21.246746,22.756561,7.8892326,16.022358,26.879963,35.710857,4.716168,120.32396,44.86338,76.14957,0.56855583,0.1878671,4.495281,72.88326,11.747722,37.659294,29.655172,39.690536,8.508245,82.69303,11.878447,66.571434,55.637566,0.41789472,72.13805,7.780564,0.10041538,26.93618,86.557884,112.403824,2.8273458,37.494446,61.20799,11.874897,1.4479383,1.4603707,1.003535,9.02909,16.12779,16.711115,6.8711224,22.160583,6.193868,10.626388,35.514854,89.9644,4.1090064,2.714192,2.0545266,3.638298,0.61010116,23.37638,0.03721608,35.608208,0.0539625,0.38814136,88.618576,3.5172153,36.299965,58.07886,0.3376862,0.014964019,27.31867,1.2940314,10.500482,5.6868978,60.02368,92.75171,24.595938,50.865063,81.32358,74.718575,43.86571,11.577033,16.723608,0.069558725,14.518031,19.657616,11.362205,32.232277,6.87216,26.040104,3.8813248,36.66512,11.612514,33.805923,18.839128,5.5353565,9.082491,3.596209,29.168077,87.370674,0.33004454,40.23802,15.9756565,26.427505,27.790438,1.3459918,0.024993936,11.991061,12.359081,34.3422,145.42514,15.157548,17.309963,6.0864563,18.022612,0.11131962,25.902126,24.067808
151021,0.07699595,0.5343808,4.880676,3.194995,3.9133883,6.3914933,0.24060294,6.6585145,4.840161,2.3780413,10.946708,8.625033,5.5673976,19.484474,16.1899,22.827885,0.34084022,0.102490254,1.686122,23.271767,1.9596014,11.4871645,11.45721,6.055406,5.8030844,29.812502,3.6853535,19.760675,8.602057,0.027625227,14.225094,1.5756291,0.030877672,5.3190722,16.372686,18.447739,0.4674136,6.1740847,14.413204,1.7712439,1.6839554,0.38192552,0.46308273,2.988854,3.322687,0.9778851,1.9166142,7.2964454,2.2686872,0.4100478,7.299023,21.360584,0.08221966,0.10454427,0.08051732,0.5909246,0.20201813,6.0875044,0.95973295,8.781441,0.22872017,0.11419249,16.163689,1.7770452,7.357093,12.229966,0.47385743,0.46723586,3.4019423,0.111976005,2.1229417,3.9934275,11.674757,18.246454,4.347196,11.031918,15.929361,15.739028,9.153431,0.0077692894,1.7676741,1.3652695,1.6421264,2.9394867,0.43455786,4.1446786,0.8180544,9.998185,0.046001863,5.6714664,3.5443213,4.95549,2.934366,4.357793,2.1457253,11.099343,5.8169756,19.557394,0.15672788,10.163579,6.9805164,11.321786,9.355911,0.10413736,0.050917685,2.251989,6.7315965,9.614394,34.33228,12.451629,11.68757,0.86670375,1.3612701,1.6121751,0.9090639,5.8836107
151223,0.013449847,1.8283353,12.329456,8.350551,3.5346339,11.034887,1.2301488,17.321142,7.035036,5.8923965,20.791325,11.556063,8.246501,38.32451,18.091248,37.545937,1.193472,1.5865746,3.3044794,34.461327,0.87184906,13.383692,12.629228,10.936572,2.6776235,38.09509,4.389035,26.490679,22.52112,6.320076,33.648716,0.74127823,0.17092386,5.2879887,27.468184,50.725163,0.40635183,4.48474,22.03773,2.6702623,2.098316,7.506201,0.0010699334,3.8533046,2.378557,2.3528302,4.1727285,12.271986,0.30875766,2.4994867,13.868688,31.814688,0.48476842,0.631788,0.70474774,0.00091648824,0.03177398,8.7287655,2.4303114,9.255092,0.6456531,0.01791186,18.603226,5.567742,12.153204,24.28995,0.06819989,0.6464557,0.692788,0.8359327,2.3433244,1.0746984,21.273514,26.080654,11.406711,13.0269375,21.909807,15.781796,14.208923,0.03731081,3.2027957,0.92310524,5.914751,4.995068,0.55485964,17.478619,1.4952503,18.550066,1.4242929,12.965807,0.92234385,21.104124,8.614792,2.1489556,2.0696738,6.2156878,18.175121,61.44215,0.04148881,19.73504,10.503693,25.789755,18.776716,1.5779724,4.087123,0.011006987,30.809208,13.915371,51.698578,7.7688413,22.77541,0.9870707,11.443521,0.06236775,0.00073356205,8.686431
151324,0.023167992,0.0013091232,0.008764024,0.00061203714,0.0035029945,0.00010130821,0.0036967942,0.04748614,0.0108830705,0.0066331294,0.00015619755,0.0053252866,0.009792146,0.0012770251,0.017263075,0.049739283,0.00077760423,0.014084461,0.009778844,0.00044205823,0.00015662693,0.029992381,0.00020643421,0.00020798547,0.0049187173,0.00108124,0.0501392,0.0033900577,6.479448e-06,0.0020836617,0.00047939326,0.0044045667,0.009237451,5.348539e-05,0.097740754,0.1495006,0.051554386,0.13756622,0.022299686,0.04401524,0.048453134,0.09123355,0.00023992333,0.030025627,0.0060821325,0.010361849,0.000989652,0.020181462,5.6885572e-05,0.039934576,0.018065766,0.0017183416,0.08116438,0.12137392,0.0006696931,0.079906926,0.078219846,0.004426652,0.002914406,0.031313468,0.0069012255,0.034594312,0.048197813,0.07104671,0.008832949,0.031515352,0.018740226,0.00011019397,0.014792917,0.0055903886,0.0036704005,0.0072456514,0.009744853,0.043720372,0.0014993178,0.009782782,0.023605077,0.034862738,0.029608011,0.0055528563,0.0024704714,0.05134769,0.036280222,0.02895493,0.014229108,0.03609314,0.05524389,0.010600318,0.006493818,0.09530126,0.003972736,0.11048728,0.062064365,0.0037942627,0.018430246,0.10765097,0.00021665801,0.061952602,0.014344009,0.091654815,0.025942601,0.05232934,0.00012039968,0.02200148,0.070136584,0.007889984,0.055312473,0.0003455583,0.18252072,0.18606281,0.100827254,0.0011262601,0.021527106,0.056359634,0.009657755,0.15692571
151425,1.4454223,0.05453594,0.9308808,1.3207976,0.5972317,2.967115,12.23176,5.951869,2.9957352,9.295865,10.220959,14.509802,1.2219357,70.49941,18.953127,34.37814,1.6292492,0.05629918,1.1117405,29.49814,2.6710541,13.620827,13.10486,13.542576,2.639885,36.95702,2.2057517,26.175882,16.972631,0.03817633,20.92397,1.130938,0.7079957,9.972042,30.484041,31.070475,1.5854706,15.07726,31.020933,3.400343,0.8818913,0.5373966,1.8686615,3.786278,13.907119,5.4176373,1.2580532,8.714589,2.0219882,1.613218,10.369048,59.451748,3.6258776,0.3737253,1.624335,2.5732167,2.3116863,7.3032465,0.57603127,20.385193,0.76502097,1.008325,35.697598,3.9658291,8.242229,33.44311,0.9818382,0.038151465,11.452792,0.07534634,2.4832988,3.030613,19.450026,35.590626,7.109202,25.055458,34.808163,37.90828,18.967903,1.3721985,4.392757,1.4553294,6.4859614,8.160131,2.3971,13.1326475,2.9793391,15.752968,1.8701324,13.781655,13.146083,9.951206,3.454164,6.7594504,3.066004,5.08447,7.1522665,32.705597,1.0487648,17.792372,9.860311,11.434805,16.04992,0.00014592872,0.78358763,0.89710325,2.740433,23.057451,63.29232,19.145842,5.314475,0.25578663,1.1169565,3.0763886,6.8892984,6.185999
151526,12.6094885,3.8731353,1.1117178,0.8025952,0.3427939,13.534854,123.77779,17.068192,11.966026,66.71719,42.38409,59.105003,0.06430752,419.54376,73.06852,104.206535,8.250798,4.4319353,1.0494968,86.40433,17.672998,58.62997,34.946606,64.57606,9.595981,165.05682,11.603107,113.98381,86.55632,1.0275418,92.86429,2.4802704,14.0605545,29.899467,110.56214,133.24927,25.841486,70.0896,114.38618,9.890872,2.8366494,0.0275414,0.22106837,0.52529025,117.1543,18.986406,0.08848846,19.347109,2.043632,7.654533,39.427742,347.9929,27.097673,1.0121088,23.855038,5.5295634,16.964931,19.677942,0.690985,64.67298,15.961508,14.852041,159.8843,21.041111,29.849983,215.39163,23.70723,9.797799,58.046516,0.068944395,4.371336,2.4402828,77.29742,158.46637,22.446655,90.93383,139.63893,173.59433,76.34871,13.629737,16.494667,8.821029,28.857576,27.21093,22.30305,99.80956,14.184481,80.807236,18.861702,61.6666,63.306797,52.997265,20.608772,14.621156,24.753485,6.4958563,36.27635,144.2718,3.4330034,59.15874,44.177105,62.175922,81.10518,2.3557992,13.70369,0.303799,7.9787164,85.02008,388.97595,42.916496,23.34505,2.1266346,7.8099837,14.115368,23.607779,26.85191
151627,4.4138756,4.779936,0.78096765,0.1244534,16.678898,3.5007215,1.0429913,3.304364,0.45339996,6.6580296,0.5543691,0.39493072,0.24556878,4.4753585,0.26325524,0.993589,0.5190563,5.0839944,0.595515,1.929348,8.493077,4.5210495,6.7700405,1.2995268,0.28535086,2.7381423,1.9223832,12.291587,0.80979687,3.2304814,0.022065448,0.015965508,4.305835,0.60502505,0.28280988,3.079791,4.514344,2.2163873,1.9699172,0.47482055,1.5126156,0.0018382445,18.384598,0.2063033,4.589501,0.16973825,7.1468925,0.3414899,2.0710287,1.707811,24.493883,10.6486845,0.4658541,1.4178524,1.8529767,0.6668572,5.825002,0.487592,2.974076,15.213893,2.724315,2.0849946,14.984001,10.076416,5.4182954,5.213855,0.10461313,0.0161739,2.555292,1.0235626,0.0890285,0.68403345,0.1534977,0.3275007,0.7106687,1.6657753,1.5356618,1.1823176,1.681604,14.177623,0.054157365,2.623583,0.6386491,2.0108466,4.326237,0.0024058355,1.8913889,3.8850372,3.1447144,0.73657316,1.923382,0.5391265,0.03269591,9.785158,3.1917722,4.8650923,4.3121033,1.8721855,6.294897,3.339513,0.01865911,3.328871,1.5914605,0.9457438,0.0073530697,1.9509788,2.435811,0.38070598,1.3168464,1.2471231,0.022580115,3.077801,6.6975393,2.2566059,10.737517,0.06527197
151728,8.498884,17.764498,7.6615424,8.271389,15.023945,14.633341,2.3536663,14.287648,1.53369,40.216526,1.1415527,1.8514345,0.008012866,10.852049,0.1229612,7.272689,0.15797013,10.637594,0.05438903,5.050689,17.9526,9.737639,17.337402,10.841211,0.35072786,3.7987576,10.009549,20.065294,2.7095408,4.1787386,0.7542675,0.13579936,14.217795,1.2869648,1.2712948,0.42238763,0.7868484,1.7564883,14.874183,1.176391,0.07598116,0.77369016,28.130983,3.9457448,2.309929,2.8762865,6.704554,0.26875198,0.035398535,0.9572101,40.65416,5.662005,2.944504,0.0045084977,1.2195714e-05,0.27792865,17.130451,1.2631688,35.225487,48.252937,11.116379,3.6777217,34.83415,16.09277,3.522144,2.7486193,2.275595,2.0769262,3.1861815,8.607058,6.9385255e-06,0.078734964,0.4872913,0.6727424,2.0458126,3.086155,3.669515,2.9816248,3.4544911,4.724967,1.522312,3.9969573,10.419066,7.112954,16.72011,0.04285335,6.109938,9.532748,8.058511,0.10396961,53.19242,15.995813,14.616937,0.46594295,19.268353,25.538742,0.81682944,0.6091667,0.48821527,0.6428745,7.8965917,5.849142,2.7271261,19.319252,25.278885,14.816386,11.457284,4.028419,9.960445,2.6479828,1.6667196,0.59816986,1.9382281,20.369295,108.76905,0.041068885
151829,7.9716682,12.960552,3.897603,3.637652,17.358713,12.643078,2.822718,6.9478393,2.7914438,27.256084,0.5051138,0.5211368,0.13073605,7.336563,0.26896456,4.8651857,0.4171969,8.156003,0.3595796,4.374091,7.4480414,8.359133,10.160499,5.1683846,1.5396229,3.7808368,9.400327,16.225685,2.4012108,5.17068,0.23321791,0.25490507,10.309726,1.1503468,0.63999933,1.170363,2.9600842,2.798884,7.4412227,0.47098067,1.0725278,0.15922147,26.047838,0.8515805,5.1038804,0.6853046,8.957507,0.122041345,0.80516845,2.2212405,36.822212,9.521627,1.0700554,0.21684216,0.4317238,0.007795387,14.598424,2.909788,17.037382,30.163578,9.377504,2.8512647,28.636087,13.476171,4.9476542,4.448091,1.2502111,0.112811595,3.4187644,4.3305326,0.072184764,0.015875682,0.31445834,0.5347845,0.534694,2.4212077,2.3606765,2.2875824,2.6306179,7.8847656,1.1543388,3.1905267,8.388108,5.2140017,11.797603,0.0014536316,6.816744,8.727973,3.5917234,0.0040064096,25.62057,6.23785,6.26795,1.4568884,8.903255,13.852728,3.0772748,0.022191681,1.7221471,0.08944108,2.538874,0.8741726,0.7500017,15.636978,15.026983,6.1659627,6.9057727,2.1599574,4.212814,0.17838296,0.05929883,3.2018695,3.9346564,8.046986,65.11044,0.29004985
151930,0.91944826,1.7899348,1.251365,0.12450768,5.043152,2.0906394,0.87454146,0.9024779,0.22661346,1.7458476,0.47425732,0.06026764,0.43721837,1.4311007,0.13636462,0.122800775,0.07630231,1.1842105,0.36768404,0.410489,2.371029,2.7737503,5.1104236,0.48519793,0.27254456,0.70201343,2.9722393,5.516869,1.3844635,0.845128,0.0023660131,0.060460817,2.015495,0.05506373,0.4207868,1.037836,3.7248716,0.9128397,0.057024807,0.25907215,2.470756,0.17261891,5.7833576,0.09823183,0.85602653,0.0729146,2.9465537,0.1310022,0.361837,0.19076508,6.4609556,1.8104588,0.21638104,0.0060487944,0.58566844,3.216052e-05,3.3472955,0.5401197,0.4782167,4.4583197,1.0235184,0.22853294,4.22178,1.374171,0.6973835,0.26771826,0.09837943,0.007840543,0.45751205,1.9097236,0.24116804,0.2780551,0.07934264,0.011295711,0.57055414,0.15200879,0.011484084,0.047485217,0.9887277,1.5526302,0.0005683269,0.12121159,1.8743697,1.0813577,1.013733,0.24352604,0.12302638,1.043127,0.8538241,0.07591487,0.0011162568,0.5644822,0.3701794,3.9267507,0.2113637,1.6757833,3.0179012,1.3919554,3.422604,1.7551115,0.32271022,0.72629243,0.6640039,0.19152106,0.4733629,0.53418964,0.51952076,1.0663126,0.16892162,2.6027215,0.47310188,6.2715907,3.4067652,0.42892894,4.5845537,0.040499344
152225,2.5535722,4.53291,4.6841054,3.1607559,8.648603,4.5653734,4.234073,3.4409938,2.8954396,8.964297,2.0922017,0.62536734,0.8552235,2.464069,0.20264727,1.0245124,0.318484,3.4437668,0.5418952,2.8624418,3.0178614,5.3293147,11.439433,2.3714533,0.9044701,1.1003796,4.96001,8.639967,3.561102,1.0825796,0.094384335,0.020438485,7.629648,1.1532491,0.4985952,0.69530624,7.270061,3.1696732,0.82966375,0.04142398,3.8239472,1.0402064,9.383713,0.09495605,2.4827988,0.19283697,5.250845,0.10664616,0.7322705,0.29438853,11.387263,2.8906,0.1913223,8.022355e-05,0.20415378,0.085781485,7.521291,1.3131169,0.2865329,7.413209,4.629881,1.2578815,12.537146,3.074026,0.83923596,1.0031348,0.008065057,0.02210857,3.427637,0.13109833,0.70017064,0.03121537,0.29637516,9.296366e-05,0.6207794,0.36328337,0.17851482,0.037775908,2.7319763,0.9820922,0.9746098,1.6584222,4.6360316,4.774006,4.641259,0.007912888,0.25389647,3.5906775,0.3731286,0.00018715412,1.7244401,0.00030685263,0.11872872,4.172383,1.2381536,1.2938331,5.2269254,0.81555355,2.8500261,0.9884144,0.00017550704,0.26623493,0.04124082,0.82984567,6.6730404,1.1579088,0.65608793,0.05918498,1.3088046,1.0066469,0.22251736,4.5118556,2.757561,1.1068568,19.105677,0.0037440567
152427,3.4337528,4.4856496,2.065433,0.515853,9.263053,3.3809025,2.730622,1.9137361,1.2465454,5.966068,1.602367,0.33932352,0.5700466,2.6777418,0.048075877,1.0478042,0.5011631,5.693455,1.296593,3.441412,3.1262405,3.544602,5.769321,1.5181856,1.0376009,1.8139161,5.139487,9.535228,3.118347,2.2875586,0.42100418,0.019525932,5.067648,1.1742113,0.81478447,3.3442605,6.644339,3.259486,0.0063001113,0.33942685,6.0509925,0.82594216,11.224394,0.0102221435,1.6674546,0.029538311,6.102308,0.13148384,3.3167708,0.49801138,12.506782,3.7077804,0.13854828,0.67985266,1.9117656,0.85401154,5.4965687,1.1134533,2.1366985,7.857266,4.0648947,1.336145,10.2117405,5.3671055,0.5500517,2.2058752,0.14051211,0.00081552623,3.6188676,1.0391606,0.43819696,0.023990192,0.04585673,0.004553031,0.6424146,0.091637135,0.08223887,0.0066760923,2.07906,4.672878,0.036044914,2.808377,8.560672,5.2675986,4.0969934,0.76066655,0.04508878,4.0237694,0.42131743,0.4301432,0.002852914,1.7034475,2.0348096,10.389414,2.4432313,0.302124,2.2014532,0.8678113,4.8730183,2.5540836,0.8696156,4.487459,1.3283267,0.010386789,0.55437547,0.95020294,1.2383028,0.15685573,0.15475592,1.33622,0.04193069,0.99977136,7.9878135,1.2028424,6.498455,0.10307248
152831,0.20638117,0.085182026,3.009395,1.6278588,1.3901796,3.1931417,1.4887291,3.3259845,2.6058547,2.650238,6.9942102,5.24184,3.2366362,20.237642,11.426206,16.465485,0.8973368,0.04743425,1.0692855,16.627234,1.3761963,9.341209,7.800742,4.5580835,2.8093247,21.942545,1.5571126,15.014614,7.283105,0.18335724,14.033042,0.74572796,0.071649194,3.9098933,10.933532,13.897823,0.08441125,5.297378,11.314764,1.6756024,2.3847399,0.13999411,1.8107405,3.000716,1.3531932,1.5476445,1.4358826,4.841169,1.2908208,0.3501241,5.8606625,22.161867,0.06569113,0.06889664,0.049931888,0.37553582,0.3852767,3.3258493,0.9982216,8.407433,0.002191352,0.15289612,11.659327,2.1904747,3.6606517,15.693476,0.058583893,0.14711064,2.4675484,0.11329908,2.2528799,2.2495959,9.569991,17.297293,4.38314,12.839009,14.432843,14.314217,8.598417,0.12803155,1.1371244,1.7287041,1.9747871,1.8221982,0.39982563,4.9429545,0.24882151,8.73746,0.18919949,4.6618667,1.2915133,5.7574773,4.3164077,3.4734325,3.0522559,3.6320994,6.684338,16.887762,0.0011796303,11.145057,3.9743435,7.6796246,7.4411483,0.1240942,0.26736414,2.043052,5.149676,10.118546,22.279222,11.6620245,15.030625,0.43869054,0.7452647,0.61739075,3.1617715,4.532408
153025,0.10289356,0.68631357,1.2467413,1.7362489,3.2338092,4.2873116,2.812936,5.2420583,3.3089306,1.0010536,12.58381,9.170443,1.8996096,21.11089,13.578954,14.830826,0.31774864,1.7555174,1.8049424,27.35288,4.9361086,12.969041,9.622665,9.539734,2.377831,23.08176,2.4564235,18.19319,13.809759,0.6595102,15.301891,4.580113,0.15954831,11.021074,28.29082,25.149569,0.017205548,15.679529,16.221783,6.415956,0.70345867,0.42134985,1.621803,4.852478,1.4208527,5.5769243,2.8798442,7.3128357,4.1259165,3.023208,9.5096655,14.095374,0.023237031,1.1464884,0.1417536,4.4864697,0.03833538,9.71363,1.9495374,16.887758,0.6616177,0.5112351,27.919058,0.019631919,19.582132,6.4441886,1.9265361,2.3464558,16.114702,3.3542404,4.720229,6.7112727,21.688126,34.564484,6.110601,20.936277,24.54155,25.236715,19.599485,4.826323,6.3335176,1.2696999e-05,1.8900362,4.464579,3.0045185,3.4862106,2.00708,6.675891,0.054953493,6.0588236,2.639664,5.5680723,3.836424,3.8938916,1.9367992,1.5170795,4.9076886,16.967312,0.1164392,10.88314,1.8792006,6.0070267,4.5795054,0.8217117,0.25069696,6.2675242,2.5163682,9.464407,34.50182,6.6446853,4.959291,2.7844307,1.3610439,0.0035058456,4.8810806,11.307783
153126,0.066789284,0.15018614,0.13295716,0.13295066,1.7992699,0.4210482,0.214324,0.042558175,0.14450829,0.059785664,0.5504151,0.047401365,0.26511785,0.02064337,0.03379736,0.0006810048,3.443748e-05,0.20868847,0.3000038,0.106858745,0.5306975,0.32290468,0.80120313,0.0010306707,0.0045788763,0.3753603,0.5194953,1.0237664,0.3633777,0.38158545,0.13433738,0.19475324,0.49262187,0.012016023,0.0327613,0.10134499,0.7218509,0.042707827,0.04144559,0.21104622,0.17159355,0.00026422957,0.37830573,0.3540673,0.6262625,0.11311719,0.14081389,0.20690174,0.027076773,0.116026334,1.7182325,0.12607466,0.22159006,0.002583835,0.0016656133,0.14153679,0.83253205,0.17955463,0.11485941,1.0903192,0.16667074,0.017859034,0.94049203,0.03351501,0.14156659,0.03766126,0.3310588,0.136489,0.14528432,0.10009773,0.04648907,0.34474137,0.14999534,0.49209338,0.17426631,0.22128673,0.004408547,0.44628593,0.4932892,0.9971409,0.0014254748,0.024631178,0.05984724,0.022473026,0.1742081,0.4174865,6.397928e-05,0.020108538,0.3469252,0.13803445,0.32469347,0.6137402,0.006684662,2.0969808,0.43673003,0.09207802,0.63013256,0.34483048,0.19772184,0.16618057,0.044519022,0.3011943,0.06307287,0.037019826,0.23683715,0.019694328,0.12110167,0.0006883088,4.302664e-06,0.2966036,0.49478266,0.58646333,1.8556083,0.39152598,0.7378524,0.9431275
153227,0.36215252,0.6473203,0.8167746,0.55244505,2.7795088,0.8032489,0.40896332,0.4026611,0.16857271,0.77292186,0.6468396,0.0022816393,0.045874953,0.23518477,0.059106342,0.15432064,0.011582895,0.32771537,0.0049776426,0.026388342,0.3297783,1.9966831,2.5508785,0.13078138,0.19652702,0.2884605,2.5924692,2.8709807,0.3537949,0.49447572,0.04204909,0.107645854,1.4026102,0.0073541496,0.23897047,0.3412258,1.9106923,0.9677108,0.06983287,0.028167281,1.333468,0.18189429,3.3636398,0.07275763,0.37713042,0.16468538,1.2801266,0.009139041,0.0009176249,0.028545791,2.0876386,0.32111138,0.33183715,0.032453276,0.066772684,0.011177364,2.2212038,0.31593442,0.19147082,0.66592145,0.40215746,0.22501944,1.3957016,0.15679614,0.08159416,0.016865551,0.4025999,0.020796329,0.26835433,0.43045324,0.8497123,0.036982667,0.0007240843,0.0004219185,0.7007588,0.060271934,0.10521468,0.001302515,0.40759674,1.4995418,0.009245879,0.022172809,0.28469783,0.56662196,0.33441153,0.19133632,0.0048232577,0.39457166,0.43521985,0.0005273039,0.17465448,0.006907753,0.0871803,0.9841815,0.4130257,0.69743294,0.5673667,0.886193,0.7701761,0.14829864,0.017610554,2.7602955e-05,0.01305178,0.21657836,0.39404765,0.20697992,0.83209205,0.0016635535,0.25654486,0.087691866,0.23223402,1.6461734,1.1354504,0.49881628,1.87364,0.12688933
153429,785.4177,796.86694,623.84515,71.600136,1026.504,394.3813,307.20544,684.049,64.152695,1900.2465,1.0487001,49.270927,140.30191,635.3599,19.352852,471.65714,1.7686056,416.44788,16.634846,100.98173,932.6348,51.92123,174.50186,157.10551,0.20968686,55.535378,448.26233,892.0409,0.86914045,71.15023,1.7965858,19.240753,321.72394,1.6457975,11.193966,34.096653,20.846941,0.49205676,579.60706,168.39253,103.05678,36.50762,1528.1742,90.42879,204.72087,261.23456,307.41742,51.613644,4.026612,59.04859,1857.823,642.7482,60.217293,36.90028,32.44358,5.511566,502.94202,9.980609,1124.1562,2174.191,379.60577,161.03844,616.97504,924.09283,46.25698,500.43896,79.90869,310.5545,5.4996614,649.9598,41.925476,74.69033,163.82341,268.8799,535.6584,592.64276,514.768,473.63675,74.214294,409.32526,3.8849123,222.60202,290.1276,168.23395,498.6342,6.1187215,311.87277,962.7008,458.1449,4.009195,1157.016,113.73396,187.54735,576.6877,951.33704,1323.7976,2.6415906,0.64732176,318.10324,57.73935,130.3542,27.905891,10.796656,496.6555,321.09866,77.65412,201.14317,11.804984,573.5649,375.10672,1.3432151,27.395218,611.66797,468.7671,2977.374,219.94135
153631,7.569664,0.5745289,0.22191736,7.3532376,6.8489866,31.738129,64.77763,41.49557,12.441185,22.438343,60.966034,80.08162,2.098419,263.13397,82.83064,119.87284,0.12737347,0.07076864,3.8503194,132.30908,28.342995,73.9155,38.782913,96.72225,16.763313,171.84816,23.843596,150.5332,128.0726,0.07559656,131.74864,23.736721,2.50407,52.12226,159.54288,190.2954,15.4905615,82.40626,116.36004,43.58141,4.1573052,0.01180637,0.69971746,8.497212,46.533424,28.082836,6.6101813,36.20529,1.8486919,20.469913,51.739296,196.51608,12.272468,13.745599,5.144202,18.413712,3.753823,44.37935,0.7233103,71.32039,1.134406,0.16004051,201.47533,2.4164505,85.85488,125.121666,1.2074865,0.21840066,79.59266,14.07649,9.701019,10.621649,135.42758,211.62184,56.74863,114.492485,154.96814,151.75723,112.874535,56.60018,43.80072,0.54768884,28.142982,41.505695,30.82122,62.100616,7.135279,39.9323,6.3220997,75.03135,21.851276,63.6405,41.01872,5.0936594,5.2954926,7.6318083,70.84452,193.69133,0.64483976,68.19846,15.161855,32.81021,44.73346,4.589475,0.15386072,33.75892,15.525396,56.862198,351.42484,40.895023,24.261057,11.4180355,24.331202,0.13111486,67.07698,88.00208
153732,0.0012831967,0.022598967,0.020358583,0.111854054,0.008149982,0.007303199,0.007159307,0.02517186,0.00070729066,0.17883016,0.029305127,0.035246026,0.00016393178,0.088833295,0.077468865,0.21647458,0.00071335264,0.00014834733,0.024797585,0.025080921,0.00322704,0.64163804,0.0015442553,0.013430374,0.0143534755,0.0005018651,0.0086386,0.12793335,0.083495595,0.08641848,0.04546939,0.016438505,0.0020694672,0.06750867,0.056146592,0.09495567,0.2095096,0.24406607,9.9650235e-05,0.0100045,0.048337348,0.142977,0.08811056,0.00096297276,0.27089122,0.15406707,0.006838247,0.047296684,0.01092765,0.03787151,0.09232523,0.026322175,0.010565686,0.050012287,0.025094988,0.0020455373,0.06951984,0.005493454,0.0038542903,0.017113581,0.023173481,0.009924955,0.009511434,0.030165656,0.0014755554,0.052843243,0.009163567,0.09121648,0.05424637,0.114717185,0.31487408,0.14944726,0.142287,0.19577923,0.44518158,0.6670259,0.20365955,0.5628262,0.07737329,0.0032863682,0.0009663745,0.000940798,0.061193343,0.049861923,0.009813935,0.0011708643,0.11738974,0.0026893904,0.037998885,0.0036946563,0.00544127,0.047263555,0.00034784566,0.0023609567,0.10087268,0.032363877,0.0065309657,0.00528356,0.01772203,0.006191308,0.00023291068,0.0010640905,0.00023184126,0.10273946,0.3436936,0.60296386,0.14301315,0.022819025,1.3811488,0.11035372,0.24702509,0.0023649493,0.0073678866,0.084988825,0.28038433,0.3209189
153833,1.5684855,3.9676337,3.6580343,3.9592333,2.8938608,5.7183533,0.23237708,4.6187696,0.10081859,16.172762,0.00070121983,0.08882104,0.09143819,2.252164,0.3074063,0.84993684,0.0056023565,2.2614763,0.098606035,1.301532,6.2003436,3.940786,5.1076756,3.357684,0.0693602,0.98393553,4.1759543,7.492735,0.44268835,1.0224041,0.0005190561,0.03575188,3.662024,0.002285302,0.4445148,0.13643682,0.04959205,0.18792756,7.1569934,0.9651572,0.00988134,0.026077507,9.794789,2.364469,0.1009852,3.1277595,2.1924436,0.445847,1.0261931,0.00021960353,10.70314,0.32858145,2.8917003,0.40788487,0.2267449,0.9059484,5.940221,0.14454372,17.341879,24.167027,2.0756118,0.25923923,8.912587,4.02963,0.8225557,0.026679207,2.651991,2.6214125,0.9803446,2.7297688,0.014533633,0.04335552,0.18118578,0.91832954,0.53602177,1.6948515,1.5353758,1.8997164,1.4384848,1.2105252,0.20789705,0.2094797,2.4091156,1.559459,4.6045933,0.7163956,3.3013523,3.5046303,4.6380587,1.2969624,25.409126,12.416138,9.31514,0.11256569,8.187769,11.711405,0.36559263,1.1175709,0.0008182042,1.7195215,5.083146,5.847773,1.8571163,13.372942,13.502488,7.9004297,6.0141673,2.3700624,4.270845,0.2638133,0.28917116,0.05138784,0.23312388,10.086347,50.58586,0.0051699285
153934,0.11051795,0.018507458,5.4750338,2.079164,3.157866,5.120734,1.2368263,4.90223,4.6770897,2.036422,9.354247,6.9049845,3.6361518,26.628197,17.069424,23.18373,1.0477436,0.0015779292,3.2403607,26.714071,2.2446952,12.774988,12.132564,7.366077,3.4008565,27.502922,3.0142765,19.840168,9.797131,0.02113639,13.360847,1.2154859,0.024676774,6.2700005,14.474332,17.826565,0.122165166,8.596113,17.351166,0.8255886,2.6314914,0.38797918,4.810704,5.495764,2.4828088,4.1789465,2.7308648,7.9690757,3.4613218,1.2894078,8.9830065,26.195292,0.026342563,0.0031918765,0.0008598932,0.66187346,0.47695047,4.781485,0.940667,11.370394,0.006718085,8.2646635e-05,22.160862,1.8312634,4.8440304,13.849714,0.41808742,0.6599142,5.5579224,0.014944361,3.4433367,3.6844842,12.624463,20.31957,4.7428937,15.830784,22.332289,20.247164,11.704435,0.011496081,2.4606571,2.1098976,3.6654289,5.240542,1.4749864,7.251036,1.7023818,12.990762,0.34109455,4.20995,0.98527896,7.813037,6.761424,5.0614657,3.4868736,7.420751,8.258578,20.760305,0.010170768,13.81085,4.7571363,9.322636,8.107265,0.008027946,0.3296832,1.9251944,12.8993845,8.368236,33.38654,18.918968,17.788073,1.1367341,1.6991807,0.68947715,4.302946,4.0111685
154229,0.06372799,0.15735994,1.7275263,1.3155583,0.4780103,2.0619473,0.5437824,2.5123596,1.9392954,2.358308,4.1409545,4.1448755,1.8786904,12.366597,4.997675,7.762666,0.5686121,0.23230046,0.8661034,8.368442,0.11964215,3.6002133,2.9079094,1.6821272,1.8528452,10.731195,1.0112567,7.5332966,3.4434562,0.34817362,6.3240504,0.083101414,0.018208232,1.7711271,6.7880473,6.58215,0.024323398,2.5092244,4.363162,0.15132068,0.057744462,0.70955396,0.41405877,0.70221394,1.368332,0.16027242,0.29057127,2.1482518,0.17554879,0.11695418,2.8327494,11.316206,0.41992423,0.0056074793,0.19336197,0.124375805,0.08145651,1.8940431,0.275643,2.6099522,0.00485829,0.0056030722,5.3650365,1.3784908,1.1051654,6.9932175,5.329855e-05,0.00039538965,0.4906152,0.091741,0.5301009,0.9212972,2.3860486,5.665749,1.6278652,6.485858,4.952858,5.6974325,2.7729506,0.040300176,0.68832314,0.935638,1.6669044,1.4616818,0.0886327,2.3478827,0.5651994,4.152579,0.2516777,2.6903043,1.4582733,2.0923114,0.736171,2.1427605,0.4614609,2.5333233,2.9052753,8.670134,0.15769838,4.1865816,4.165852,6.257434,6.7826295,0.0053846845,0.31493568,0.03754905,2.3970037,8.202192,19.186674,7.108875,5.589545,0.25291896,0.9168576,1.2672002,0.22562458,2.27038
154330,0.004820892,0.0076276506,0.013142807,0.004117881,0.14858267,0.019031305,0.05641877,0.009680372,0.031888258,0.061897486,0.00076922996,0.012295132,0.012590249,0.08947818,0.00021476012,0.31819895,0.008778918,0.006852904,0.013049413,0.0735043,0.00066017616,0.12596558,0.038095955,0.019725567,0.060765166,5.6766952e-05,0.18817933,5.1428015e-05,0.009996292,0.0056080795,0.0064616,0.017210683,0.047079246,0.02536427,0.019138886,0.021874722,0.405825,0.08399568,0.139092,0.27442503,0.003428832,0.072168574,0.009814011,0.05226128,0.020021735,0.007485507,0.010170981,0.03767122,0.007049626,0.045779817,0.021118231,0.0006345186,0.015830616,0.027297085,0.15232086,0.05160647,0.007601,0.006536174,0.042627376,0.13191728,0.0027259404,0.0053474973,0.20618571,0.0003400493,0.13815178,0.036937743,0.0027190796,0.025544891,2.9879352e-06,0.0018407472,0.021107432,0.17830291,0.0030280012,0.02786193,0.19019541,0.23765132,0.15667407,0.42809293,0.00023770165,0.17539395,0.0052305767,0.0034072686,0.040367115,0.18750241,0.096647136,0.0010909654,0.023656836,0.019932073,0.022113755,0.000592591,0.07894152,0.030683225,0.022898896,0.069621086,1.5928302,0.6207132,0.09459221,0.033103917,0.016134119,0.037565246,0.046954796,0.025603438,0.0050214445,0.023529619,0.030980123,0.22745283,0.38874087,0.01105222,0.6104323,2.5064473,0.009182457,0.13512772,0.026635487,0.028075589,0.025155852,0.54699504
154431,4.6443074e-06,0.0027083706,0.094829984,0.9611949,0.012218967,1.2982068,0.015405585,1.1708989,1.4750037,0.22641489,2.0196428,1.1162364,0.15637092,2.3536463,1.2877574,0.8633601,0.41698012,0.03041365,0.7656153,2.1631052,0.11902792,1.9771646,1.5779479,0.5397082,0.95265144,3.753313,0.1476394,3.2123532,0.47386146,0.05033632,1.2378471,0.10050142,0.18240424,0.4481019,1.8158464,0.23451371,0.49775708,0.13875723,2.8802958,0.19799693,0.599201,0.026499735,0.49030235,0.37057692,0.7660278,0.092650555,0.00013520558,0.6442105,0.06590975,0.3728389,1.0231628,1.964786,0.09500859,0.0090432195,0.022616982,0.08872507,0.05792282,0.75305307,0.0004662218,1.537817,0.002323295,0.07155313,1.073306,0.20753728,0.112477556,1.900176,0.015902793,0.19366358,0.0030852691,0.045296643,0.43740937,1.6628711,0.25592735,0.99741447,0.85496145,2.106646,2.8390284,4.278439,0.34408697,0.13130222,0.0015617288,0.5067641,0.42763686,0.98065853,0.06146331,0.10158949,0.28809014,0.79629177,0.035178818,0.3849356,0.29884803,0.05818421,0.022624817,0.7553953,0.14450434,3.300329,0.11276504,1.907494,0.0066040056,0.548807,1.3648667,0.8883139,1.3618318,0.04771451,0.122716784,0.4191324,1.0640541,0.69886535,3.5526857,2.8685179,0.57911116,0.04800379,0.094350174,0.70409304,0.07739609,0.8495098
154532,0.04947924,0.0020183686,0.47033516,0.3492151,0.811446,1.6445128,0.41384923,1.1797312,2.1889422,1.1692793,4.6508393,2.8430004,1.1549137,7.4002924,5.187029,6.27468,0.33323464,0.20459466,0.49265274,5.2378817,0.26174763,4.5389585,4.782396,0.86643827,2.35655,10.858949,0.69241697,7.848992,2.4926286,0.21680252,4.0958586,0.20468333,0.000568123,1.1152055,2.8963919,2.5064697,0.10829913,2.591083,5.429372,0.3633335,0.4545843,0.5458616,1.0994729,0.86002046,1.7914193,0.0803631,0.6010181,0.995919,0.2442015,0.03816835,3.971191,8.1550865,0.47833452,0.20148107,0.0011192838,0.6271638,0.6359825,1.8659216,5.9441034e-05,3.6725025,2.149848e-07,0.012790408,4.074411,1.0240573,1.436809,5.2799726,0.0017513677,0.022997256,0.09216891,0.0022107882,0.72603846,1.7137266,2.6337042,5.1569815,0.21227676,4.0331907,2.761442,4.4600897,3.0010667,0.7152594,0.23504032,1.0368258,0.08862329,0.19361742,0.16000411,1.1001917,0.02103708,4.7401304,0.044186275,1.9052647,0.7985221,3.044498,1.0126925,1.3821154,0.93349564,1.568868,2.0835416,5.1774435,0.004327273,3.3506656,2.632518,2.798942,3.4357443,0.19617987,0.5806225,2.1902177,2.7028584,4.1434946,12.977738,2.7055771,3.6357672,0.008004118,0.0054062516,0.2895162,2.4024467,3.579383
154734,0.3483582,0.16504207,4.16889,1.8057704,2.193504,3.6048675,0.5617612,5.590681,3.2880642,1.7466501,12.152634,7.1460476,6.7890115,15.253653,13.943858,21.605665,0.060937606,0.1870963,1.3655913,20.01302,0.45114693,7.8525085,7.4591627,4.5674133,2.6277003,21.889132,1.7598124,13.869914,9.401545,0.09214058,11.968518,0.68911695,0.0017187024,3.985198,16.337091,17.883429,0.1207909,5.430395,14.690276,1.509842,0.6316279,1.5523592,0.98688877,4.123413,2.87843,1.5703075,2.0431485,7.054826,0.94435126,0.6797904,6.501341,17.728918,0.0017541538,0.1024033,0.034388322,0.83133274,0.18209527,6.2325172,0.9524151,7.0213947,0.44268352,0.036460124,15.929011,0.517774,6.6944857,11.676362,0.33123457,0.51866317,0.96024,0.036688533,1.3300867,2.0273225,8.807082,14.787212,3.025911,10.986963,12.389782,14.163203,11.224145,0.05311271,1.7936227,0.9361745,1.2513262,2.7129924,0.39268512,2.55584,1.1700124,8.098808,0.014191902,5.107143,1.2817913,6.9637027,3.5470781,4.3535376,2.599922,3.145912,8.522774,18.508238,0.01582895,11.594091,5.7394457,7.5501266,6.122429,1.1066344,0.7220578,6.250005,7.172288,14.043988,27.217567,11.740854,11.771393,0.91168517,1.2443918,0.078957245,4.5012937,7.1167684
154835,4.6532354,0.3082216,9.560561,10.981814,4.1152897,25.744507,39.325756,38.01658,10.517745,25.642595,40.086395,68.62319,9.336911,228.40118,70.71026,136.33798,6.105333,2.0668285,5.190598,112.380554,10.7052965,53.535446,45.125816,60.55226,11.115645,145.77296,13.722304,112.06686,82.098885,2.883787,119.74833,7.2210402,2.4084678,32.876583,121.550026,158.26787,8.761465,47.34864,84.127,11.540116,2.6215277,6.7606044,0.35855737,8.239847,41.094727,16.545977,4.491082,33.85937,1.1009324,7.5107374,38.844757,215.50432,18.578733,0.6007456,11.229785,1.8644179,3.5351598,29.28617,0.48847985,56.860985,2.5296767,2.6633048,124.66806,13.743197,29.897507,131.8697,6.761961,4.0900764,25.65741,0.16025853,14.202522,6.095818,86.22706,131.99889,26.471579,66.66201,111.763664,108.63055,75.93447,8.494751,17.455181,3.2157557,28.126062,14.71513,10.053593,76.161865,4.078751,64.60317,13.589653,55.59308,23.81745,49.52689,30.412136,13.297739,24.538034,6.4135733,51.409374,173.67061,0.91022176,65.65207,41.31099,54.877964,64.877655,0.5124274,0.8927656,11.608588,27.953394,79.72757,236.32057,37.115368,46.218292,3.754297,15.71309,2.5177372,40.87171,28.950354
154936,0.024270535,0.047900196,0.0156288,0.5635449,0.056901798,0.5143591,0.0027515716,0.3831385,0.96540457,0.65630925,1.9382706,0.7320548,0.47114652,1.4226543,1.4809625,0.74654394,0.025901845,0.0012054704,0.49221817,1.376278,0.13098381,1.9380217,0.577815,0.33754283,0.54279757,1.7537794,0.00060468644,1.4978975,0.6319536,0.09873077,0.27581814,0.048213948,0.07540907,0.358236,1.1807606,0.024751352,0.23704796,0.6869462,1.0466729,0.12958749,0.089488685,0.006438694,1.4200537,0.2334667,0.712821,0.03657681,0.10009364,1.0439793,0.0034694222,0.45136258,0.8988523,1.6498046,0.093288556,0.0027083582,0.0060024005,0.2622983,0.06359399,0.38982463,0.0015387115,0.9512609,0.008113584,0.07097578,1.2761172,0.024440221,0.1609094,0.72375524,0.101247825,0.41801873,0.09942566,0.0467888,0.0001363401,0.7609276,0.49720138,1.0802126,0.000585119,0.5737131,1.4135092,2.0125458,1.0645977,0.4601321,0.21386923,0.25880536,0.194538,0.3141921,0.42264673,0.014809219,0.33076936,0.09535725,0.26207316,0.922798,0.049855188,1.3834625,0.011022328,0.8053973,6.6855246e-05,1.8113391,0.9323851,0.7197041,0.15059683,0.37763742,0.674946,1.0949996,0.93582416,0.4594711,0.4972656,0.53670114,0.23046657,0.2876601,3.4097855,2.1250165,3.284128,1.767715,0.00016775353,0.23565386,0.12947835,1.268911
155231,5.044676,6.8992534,2.8686712,0.617776,11.154839,5.714647,1.4489306,4.5691104,0.5204596,14.463661,0.46971893,0.08965633,0.24889098,4.94183,0.78432655,1.5891348,0.22663675,4.7431707,0.16622955,3.541911,7.4539766,5.5860076,7.912632,2.151831,0.014276891,0.958137,4.3979363,11.478878,1.1930939,1.7547204,0.0027408141,0.0061733495,5.085204,0.37324315,0.11661854,1.5903397,2.0757663,1.2384673,4.009233,0.1046392,0.3313261,0.0038210726,16.138351,0.6429008,4.5187507,0.66903347,6.45046,0.07300118,0.5496757,0.4022097,27.15386,6.1946287,1.9664329,0.580828,0.7684386,0.20966917,10.26242,0.69809085,7.824057,22.748514,4.173597,0.76938635,16.618952,6.740991,3.5683668,2.1802626,0.3517513,0.19518735,4.1952314,1.5369538,2.2530362e-07,0.22013953,0.29137972,0.8856305,0.6763913,2.6301358,1.1794008,1.4302796,1.0832807,5.767611,0.047242578,1.4442399,3.574513,4.203023,5.87521,0.019757349,1.6735054,6.003465,5.128887,0.20781055,6.746158,0.07000105,0.363624,7.7953267,5.7713485,12.268024,2.5586267,0.37419826,4.962663,1.8749051,0.6134729,0.34976062,0.1765308,6.0830884,2.953582,0.06359538,0.5916553,0.09786777,10.633991,1.0650637,0.4546404,3.5546951,4.603226,4.790817,29.041275,5.83603
155635,0.9551909,1.8855963,0.7258582,0.44519454,3.6998625,2.0326672,0.20541778,0.88051486,0.34799686,2.6368225,0.50008506,0.00877722,0.17152265,0.7914731,0.13099584,0.060307086,0.036588475,0.9894342,0.050661657,0.5232877,2.4792516,3.2418258,3.9263306,0.32163152,0.13889867,0.3381069,1.9293725,3.6751552,1.1935327,0.439425,0.035791967,0.12737224,2.562911,0.026393881,0.48557982,0.023592202,2.1484928,0.83640707,0.67544574,0.09840292,0.37252662,0.0705549,4.9070644,0.17061926,0.747066,0.44747618,2.028995,0.012101314,0.012527447,0.05866932,8.45021,0.7553643,0.59078425,0.015857978,0.028298505,0.26281303,4.9546676,0.017600454,3.2218893,8.938068,1.3420413,0.05712118,6.464105,1.2572773,1.6771283,0.0824666,0.6246452,0.563348,1.1622995,1.0774294,0.32118994,0.033656854,0.039115682,0.39892522,0.09108055,0.13084039,0.0027657188,0.0015110141,0.3839721,0.45698163,0.1054304,0.43583366,1.57627,0.575833,1.6935372,0.3075658,0.52414733,0.714321,1.3419073,0.03330858,4.54084,0.40328425,0.46905705,0.6581039,0.90977055,2.1413207,3.382401,0.20769697,0.64850557,0.012485613,0.38013372,0.41091436,0.012227059,2.7084494,0.7040368,0.001985218,0.016920926,0.1856883,1.9748793,0.22700088,0.3378436,1.8552765,1.0744044,2.2226408,11.75217,0.0026293672
155938,0.0075389245,0.025084613,0.13258125,0.0021474056,0.011691809,0.07486915,0.1306169,0.0015546608,0.24023403,0.2151836,0.029057968,0.0072504925,0.00585318,0.0012172661,0.1157096,0.27785462,0.023643462,0.042857323,0.0013233261,0.0010524004,0.0030207601,0.0030268172,0.05416818,0.060856972,0.008124411,0.022350932,0.01494122,0.0011883755,0.0010009421,0.00068617123,0.008705665,0.0058222758,4.03268e-05,0.011895005,0.07493831,0.001117169,0.002921109,0.021840356,0.039540056,0.23639823,0.17070352,0.043663286,0.03512827,0.018689066,0.055931132,0.05034222,0.04408039,1.2136254e-05,0.008048002,0.0027509402,0.17592734,0.11908915,0.05268814,0.00073760346,0.02205139,0.08482301,0.014092951,0.007954538,0.32994065,0.29630125,0.003656446,0.08506309,0.003529269,0.08642915,0.0040447935,0.108660385,7.5375276e-05,0.022795985,0.157119,0.009920223,0.024459869,0.011652348,0.04286421,0.058002852,0.02974951,0.17425899,0.0007259621,0.30215216,0.43815026,0.2754585,0.004379673,0.01111849,0.36463332,0.0063837096,0.015253337,0.0112664495,0.6610959,0.13396944,0.0045260284,0.0022785596,0.00073399796,0.17423749,0.06210322,0.18895218,0.0065154214,0.6874279,0.049619637,0.13957113,0.0023339407,0.027854549,0.02799499,0.6531719,0.04684894,0.14225183,0.23733607,0.12556961,0.4818639,0.7601246,0.0013652997,0.13240461,0.29818943,0.018550524,0.0032855617,0.008490981,0.037616994,0.093689516
156031,0.033827875,0.037171077,0.008936149,0.017230652,0.012375017,0.05215323,0.0012275431,0.06155,0.0022884544,0.018381525,0.17533112,0.41087005,0.01620639,0.007202668,0.04697465,0.38106698,0.08069754,0.022202892,0.18864134,0.20416196,0.004695629,0.01508986,0.015655167,0.00042514215,0.029165545,0.09201331,0.0122608375,0.07629974,4.530689e-06,0.01617016,0.05412123,0.03760051,0.0018868574,0.00424839,0.10279714,0.09958284,0.00046765534,0.02537386,0.010030486,0.021725079,0.00030607212,0.0073520783,0.01753523,0.006180596,0.023315763,0.0071843653,0.00026184187,0.01082785,0.012029277,0.0058885603,0.00514287,0.048024748,0.1301643,0.0017554122,9.509609e-06,0.016078036,0.049667154,0.023360308,0.08885554,0.008303184,0.021731546,0.2119124,0.102608405,0.20296487,0.01912882,0.036615837,0.017039739,0.014556263,0.16544369,4.8827616e-05,0.0057356777,0.036251515,0.0012002527,0.0030822484,0.041679032,0.08776536,0.009321163,0.0104308035,0.039318092,0.6243714,0.093401335,0.09864596,0.13479036,0.091131106,0.09226412,0.0058973823,0.268829,0.2121908,0.0061605754,0.1511166,0.05228126,0.3601029,0.012672273,0.13053575,0.2569977,0.14839812,0.006605708,0.038005676,0.016483702,0.0040670037,0.07387324,0.014692104,0.016762078,0.14086066,0.20016101,0.22645134,2.2857058,1.7103173,0.23703267,0.7826727,0.28852472,0.021063684,0.55623376,0.0012051589,0.06540648,0.018684179
156233,0.002464384,0.023140782,0.013055665,0.41122442,0.026113885,0.008650784,0.068005234,0.22044839,0.1037613,0.011915217,0.24953412,0.0024077129,0.0060770763,0.020885698,0.13266243,0.046274647,0.08030485,0.0052103014,0.12873119,0.07491678,0.005984169,0.24111588,0.579031,0.007346202,0.05413708,0.016927501,0.0005051928,0.2529601,0.07993098,0.05389283,0.018603493,0.041333314,0.002002955,0.0034614345,0.09141573,0.16756135,0.038243517,0.00020498433,1.0831537e-05,0.04637941,0.10273547,0.037043925,0.00034931127,0.29601017,0.46739763,0.0831987,1.9000941e-05,0.1463124,0.022021448,0.0019498431,0.046957992,0.27041852,0.1067622,0.024747264,0.001397254,0.002245449,0.02560533,0.052327458,0.0504124,0.015538648,0.05013979,0.0020728798,0.0019201214,0.00028828977,0.07067851,0.28796163,0.04373286,0.14329094,0.003242383,0.15696864,0.03342035,0.0030392911,0.0010756496,0.007666722,0.007856454,0.00030278167,0.007597685,0.14964177,0.036033597,0.07130257,0.008985118,8.5592e-05,0.5385066,0.14982341,0.06992634,0.0054613133,0.49833295,0.011448131,0.014421209,0.012104199,0.00947599,0.12359108,0.07232832,0.0024075373,0.052027624,0.13420798,0.02767887,0.0066479826,0.036839455,0.038945526,0.109396696,0.0798195,0.034954056,0.018289685,0.080929264,0.02986491,0.24661852,0.03024281,0.48890895,0.7344823,0.3309999,0.07520513,0.006930977,0.19976762,0.13183117,0.8371473
156334,0.021338282,0.025439044,0.21605597,0.105167955,0.05667335,0.014254263,0.026344363,0.015908284,0.0069769337,0.25232035,0.0407325,0.047318198,0.011520534,0.09669167,0.0030019446,0.0064400905,0.011389667,0.00019191713,0.0059877005,0.015649589,0.2598135,0.08628515,0.04171002,0.034087926,0.001955435,7.367854e-05,0.0280904,0.0013235278,3.3458891e-06,0.00033658053,0.0037510716,0.081526704,0.0051766634,0.07411926,0.25950283,0.03580746,0.091295205,0.02630655,0.5103538,0.0814764,0.08940918,0.002722184,0.014566875,0.08919312,0.20322086,0.035415795,0.028360423,0.02703242,0.07806782,0.35053104,0.00084909593,0.009137778,0.04534172,0.0013494141,0.11854502,0.030029915,0.008517941,0.010557811,0.4417069,0.0015929904,0.0026958128,0.155605,0.07900411,0.0061672297,4.15283e-05,0.17175074,0.046426468,1.1932791e-05,0.03186996,0.0008562406,0.14013548,0.025220726,2.73951e-06,1.5068247e-06,0.01092798,0.19734044,0.10472027,0.01637068,0.056368627,0.001844109,0.0013044422,0.0056374036,0.03110986,0.011319339,0.06546083,0.010533337,0.24431965,0.0115844635,0.010539406,0.018882839,0.05881012,0.020611132,0.004206383,0.1281029,0.0005108608,0.46523407,0.060861398,0.0005357655,0.0035147695,0.032384366,0.00023995289,0.12619147,0.008557888,0.01715197,0.041447222,0.07255616,0.45398152,0.41295123,0.38923773,0.79507226,0.13365416,0.15940814,0.00036090577,0.021401206,0.0102276355,0.2663138
156435,12.0690565,0.30096564,0.6891714,10.54204,3.5394146,38.25757,95.961136,53.624966,13.968122,42.71642,67.37859,99.862854,2.4520996,402.90857,96.09009,190.45517,2.5649452,1.9349726,3.6418202,157.31203,19.790197,82.05581,50.91543,106.87668,14.419238,230.24889,22.695854,181.39487,149.47992,2.0263958,183.56718,18.814966,6.7013717,54.565334,195.24821,253.99312,25.713509,90.417305,153.20229,39.76372,4.786089,1.8228161,0.47291896,8.023113,84.95984,30.650661,6.245247,43.86975,0.63954395,17.973598,65.65338,331.1104,27.54693,9.183908,16.02306,10.327223,7.4286356,49.676815,0.14175805,86.09222,5.202546,3.8882992,230.83755,14.65294,77.478645,215.30566,9.4357605,7.025661,60.691624,4.017759,11.23237,6.919098,143.35567,233.26234,63.942326,127.61878,191.42644,187.67805,126.37098,49.53336,42.032936,0.53394,47.61207,52.55932,25.703829,119.72981,18.705706,69.313225,20.660389,98.30864,36.551292,95.982574,47.94244,6.440721,17.964163,9.640578,102.87642,299.982,1.167774,95.927956,41.494774,61.303543,81.11629,2.8717487,1.3334762,31.497879,33.17421,76.72192,448.93158,60.108265,53.987114,9.343371,32.878544,0.67363036,77.34404,84.432816
156536,5.220128,6.193869,3.6038089,0.8556143,12.434986,6.1649094,1.8862936,5.275442,1.7397208,15.799078,0.3293872,0.2724518,0.3112961,4.3253603,0.04136061,2.3756585,0.6675608,5.316279,0.56370217,4.5612254,5.246757,3.1378312,6.3038073,2.7788808,0.18549232,1.2371032,4.5628014,11.640751,1.5921532,1.6932904,0.075140566,0.008414672,5.4850655,0.7738355,0.52814996,3.2977693,2.2802205,1.550804,2.2799904,0.0035912436,1.7538205,0.16193211,13.258512,0.9118597,2.0566187,0.7077001,4.657521,0.45604765,0.79371196,0.6984097,21.08501,5.83502,0.7832676,0.054617073,1.3179746,0.46069887,7.813729,0.28243273,5.356277,15.2659,3.5886593,1.0156279,14.69774,7.199257,2.395334,3.146454,0.053495634,0.008275624,4.0388627,2.8215055,0.005659662,0.24331586,0.031760275,0.6549169,0.0038269355,1.4594753,0.61071473,0.6810393,1.9747314,5.4945927,0.7121193,2.4231389,4.47323,2.3520606,6.0641065,0.07032993,1.4767251,3.2270482,3.1474264,0.13055982,7.527432,0.8065499,0.5280377,4.090903,5.454878,7.282707,2.1549747,0.18590134,2.7857473,0.89838076,0.07565938,0.2716321,0.47590744,3.2349272,4.772535,0.9067469,0.66388947,0.025794094,2.9273736,0.7714219,0.012596236,1.3890324,4.3588176,4.0491276,26.592333,0.07011498
156637,0.08729047,0.00010155974,0.37067932,0.054424927,0.18328701,0.4648498,0.0023860955,0.7317348,0.33683985,0.37171638,2.772563,0.9869886,0.44860256,1.2906965,1.3862801,0.30423644,0.0036069453,0.00019482097,0.7763419,1.2610632,0.00024652033,0.35845765,1.5843239,0.29271236,0.35422954,2.1692312,0.39921597,1.6136428,0.36797982,0.20002045,1.3024514,0.00925477,0.22894491,0.29034296,1.204877,0.6629186,0.00037405782,0.0627359,0.48922148,0.040040586,0.25024933,0.29886976,0.14444295,0.14223282,0.21953075,0.007747331,0.022940869,0.005328689,0.042363796,0.015346055,0.23510587,1.7037526,0.00076316175,0.32364854,0.050283354,0.042299684,0.023275426,0.13108222,0.46696678,0.029560566,0.0187367,0.17724979,0.62688667,0.08642044,0.18189958,0.85643435,0.012446761,0.0017151855,0.36352432,0.0062572975,0.21898131,0.0010229516,0.022080218,0.10362648,0.022469355,0.07320524,0.75446576,0.6679165,0.32873556,0.036230568,0.19123186,0.09348981,0.015787097,0.4125055,0.078530066,0.11994865,0.3416025,0.08837108,0.04763961,0.35614842,0.004530045,0.6410065,0.37425265,0.6447707,0.15244257,0.17337845,0.54052,1.4955084,0.014074588,0.32474577,0.044308204,0.7924859,0.6894677,0.03490707,0.08141814,0.6615322,0.24900554,1.6261467,2.9849744,1.4122629,2.1577306,1.504072,0.0079035545,0.22599266,0.19603826,1.7458048
157336,0.16719109,1.1690953,1.5530949,3.2662685,0.5353996,0.39047205,0.690293,0.9427408,0.22112682,1.2089593,0.5296571,0.050010476,0.047744803,0.33793923,0.0007554358,0.50324875,0.00064836966,1.9536108,0.13425322,0.26992893,0.50383925,1.6804816,2.982706,0.11287127,0.57415044,0.2646233,0.8941369,0.882412,1.1400689,0.44786128,0.08198981,0.044616744,2.1474943,0.5195295,0.07811552,0.0064518196,3.180462,2.0230932,0.0450211,0.010082571,2.2645998,0.6479239,1.6279546,0.00028226958,0.714951,0.0134764975,1.064612,0.46308076,0.11408574,0.062291723,1.8128656,0.76164913,0.027636692,0.050691076,0.0426204,0.017564312,2.1745527,0.64583707,7.89135e-05,0.70102996,1.1686178,0.80380535,0.5643499,1.2187809,0.009309108,0.41125923,0.023393435,0.0058855275,0.32362312,0.002448151,0.9007181,0.065785326,0.030300422,0.25627208,0.59348077,8.5682324e-05,0.78450733,0.29892522,1.3219023,0.5272569,0.008217071,0.7496714,1.0892377,0.13448396,0.76167935,0.018887786,0.39966282,1.1059859,0.106964685,0.12472107,0.20214094,2.3549683e-05,1.067551,2.7343867,0.12092739,0.29585004,1.8949876,0.2749486,0.9707529,0.015919417,0.6085162,0.29778585,0.3395541,0.011019566,1.0947733,0.084069766,2.522032,0.13952094,0.0617221,0.6026718,1.8978703,1.2829863,1.0668664,0.27668682,2.2725058,1.4357518
157437,0.109990984,0.11149387,0.031423498,0.0059879413,0.010668096,0.15395983,0.23029515,0.25608236,0.4846762,0.6090156,1.2264988,0.21488737,0.021492314,2.5750945,1.1585072,0.23648779,0.0009039168,0.00914143,0.87157595,2.004058,0.0006323292,0.38218865,0.16532762,0.07216485,0.17766929,1.5716797,0.021954374,0.7609089,0.16518036,0.292782,0.4268505,0.007417236,0.09089162,0.39417323,1.5679318,0.39896664,0.13371353,0.03333699,0.9935531,8.781308e-05,0.30783984,0.30925477,0.07610491,0.29899338,0.545735,0.06301018,0.093702085,0.21718016,0.007956278,0.48896855,0.7116649,0.4803698,5.3695085e-06,0.089267455,0.056483816,0.11298802,0.15776582,0.47643977,0.09207374,0.212119,0.08499253,0.23165293,1.8378531,1.4233421e-05,0.31796008,0.75436556,0.020058071,0.07033008,0.0012247855,0.0045858,0.09081617,0.18815711,0.16787067,0.25876042,0.3606298,0.84361774,0.6705617,1.4943153,0.14453466,0.37438366,0.25464502,0.020021899,0.1561764,0.11034585,0.1524674,0.005837622,0.09418482,1.1641514,0.06828532,0.07936739,0.46554294,0.20779032,0.06686084,0.18550904,0.29826847,0.19311415,0.07635102,0.7980427,0.0028127956,0.2752347,0.72034174,0.25163788,0.6362806,0.020633522,0.19814666,0.93553495,1.3758671,0.88167167,1.2344165,0.35221496,0.99384046,0.04867357,4.6862774e-06,0.18771379,0.13610227,3.2144146
157942,51.29812,5.0695276,0.10007803,49.778667,14.178528,173.17648,473.70633,256.1323,56.695286,173.21022,318.13794,508.1876,2.0347617,1748.2335,407.18378,711.5385,0.856597,1.9890329,19.154455,729.3722,115.81635,359.7069,223.77292,523.4183,60.353146,1031.6338,106.42261,827.8196,699.069,2.5739958,846.7525,115.799194,19.464396,299.80093,928.1362,1135.9376,155.46466,453.9319,603.98083,190.82837,11.845517,1.0718994,10.394634,25.640581,371.88144,185.5462,20.332142,189.5383,5.13802,111.02881,292.5373,1334.8237,130.36618,76.69505,75.77256,75.740166,22.236399,257.55203,0.08208715,396.07898,16.544258,5.018904,1088.9955,31.328562,454.26868,874.08466,29.348501,14.785129,421.58258,51.98674,51.970654,39.31208,684.83374,1107.2651,301.4929,599.0635,859.2872,876.0538,615.82324,331.61093,225.38985,0.5726783,153.17827,241.39145,142.04918,507.7732,75.67158,290.06912,96.89787,423.83328,166.57114,454.53888,206.03871,15.523341,53.567764,37.00304,393.66714,1215.8842,6.8524837,402.34863,156.45699,262.8616,370.85498,11.236807,6.514953,161.56076,60.09254,366.92844,2002.853,197.25755,85.128876,43.32429,131.41162,2.9052591,357.66354,492.80786
158035,14.008326,18.334818,8.293865,2.6989868,31.925745,13.609717,6.4658704,15.446407,4.8242135,36.567944,1.3912281,3.3462648,1.5302557,18.510668,0.042166386,9.639488,1.7935656,17.821339,1.5819463,10.555124,15.599329,11.63961,15.045256,8.571791,0.262205,4.274588,13.104665,30.066591,3.2549787,7.9032016,1.5810215,0.71076006,14.904056,3.736587,2.5847228,10.940192,4.5045676,4.252557,10.136744,0.060119726,2.0797427,0.11047299,38.85736,0.94459724,10.012828,0.06763716,16.101759,0.3249301,5.310182,4.37894,55.847748,19.351534,0.81872827,1.6236706,2.97434,1.3389534,16.986244,2.6827407,10.958212,35.313686,14.708838,7.2054405,41.097904,25.94692,8.510767,10.580316,0.011295622,0.0005554635,7.479575,2.6064775,8.028175e-05,0.0021568844,0.2306609,0.20180756,1.4547966,3.094905,4.239527,2.4489412,4.163388,22.564476,1.2113954,7.7133985,12.882759,11.498686,14.461907,0.56108195,1.0375342,17.215927,6.063901,0.46643823,14.963298,0.14347799,1.5092243,14.269061,9.31237,17.860151,3.2493405,0.4710125,9.068221,2.9702666,0.8081044,1.5668174,0.62102675,8.238928,7.524711,0.82683057,0.50718033,0.24384384,1.4343936,2.632275,0.09932615,2.3867025,14.8031225,7.2841372,47.211063,0.20231174
158136,3.2939773,0.2117802,0.980727,1.2371559,3.0622869,10.189768,31.776512,10.831107,6.329204,16.087463,18.495932,24.91657,1.2417748,145.20053,38.81969,56.926155,3.7030408,0.53993696,1.1450988,54.207436,8.1270895,34.295616,24.04556,31.135548,7.8383307,81.904816,6.6992574,52.19769,32.603115,0.017893357,39.17801,3.1481984,2.818473,18.104994,56.472176,54.53134,3.597447,30.918684,55.1429,5.2937174,1.2352818,0.40621415,2.850463,3.8003154,26.683603,9.435532,2.0063026,11.812317,2.7072778,1.9361316,20.388475,126.25574,7.1930685,0.140271,3.7762232,3.7359192,5.9989295,13.383902,0.76048326,40.00799,2.8055027,2.4860494,71.57733,8.446926,15.682125,72.47074,1.60189,0.099937014,21.731094,0.012965789,5.104472,6.6705437,38.727444,75.54391,11.47189,46.591713,67.09332,74.17035,30.738253,4.506571,8.013645,4.1433806,7.501019,12.655473,5.39702,31.897488,3.6191983,42.045,5.2042384,22.31068,16.37164,27.033121,12.74895,11.375121,7.0845304,4.937579,21.415504,68.63293,0.26903993,36.85486,16.277796,21.564495,27.073997,0.25090465,0.49609146,4.011055,1.6125998,44.13489,161.09598,37.28553,27.683838,8.90728,7.9910603,0.6088326,17.936054,14.100414
158338,0.0043292334,0.06785439,0.99846613,1.3289276,0.27519786,1.4287925,0.1648569,0.9402251,0.95185584,0.49033448,2.7409477,2.8011427,0.5156179,4.447345,3.9835193,5.265823,0.014981013,0.12742548,0.50891244,7.301775,0.00043312684,3.2441447,2.669433,1.0078416,0.40439233,5.2865963,0.0045474987,2.5237074,1.0892243,0.12532276,1.9237001,0.15796664,0.22612917,1.9174659,6.0866866,5.487832,0.6977329,2.059987,3.6592073,0.49707508,0.44302574,0.2990529,2.435032,2.6381197,0.17138882,1.081532,1.3834639,2.224389,0.41710028,0.5472252,2.433045,5.358286,0.12309916,0.0021189598,0.2572996,0.49790874,0.062937245,1.6044761,0.096018314,3.286163,0.148282,0.0018278814,6.919647,0.38238108,2.5055485,2.6589737,0.5304155,0.57230073,0.61790526,0.0056758556,1.4001358,1.9225274,4.081737,6.686164,0.9198942,3.69774,5.231887,5.2550774,2.6108332,0.014024907,0.53694206,0.47527,0.4190101,0.8444776,0.13474889,0.7600288,0.19357999,3.1509507,0.092914596,0.46396396,0.089231506,2.1628842,0.34574693,2.2176232,0.9942544,0.2614829,0.66940403,1.6847138,0.0059020384,2.282069,1.0747498,3.1685057,1.5659828,1.3434193e-05,0.32809225,1.2928337,0.44765142,6.1503644,2.7703125,2.248843,2.4464047,0.6064203,0.015413461,1.030119,0.561754,1.1930189
158540,35.856594,47.32328,21.292854,2.2211883,83.173584,35.87362,8.285013,41.310276,3.8438084,108.178024,0.5077337,3.2556815,2.5981448,38.209385,2.636653,24.407116,0.7048102,38.592686,0.16084823,16.454708,44.023167,17.64884,19.744257,16.857492,0.034833185,8.300483,26.64789,77.11073,1.2407653,11.025852,0.58492917,0.05639961,24.940355,3.1200826,0.20213684,10.938701,4.3221297,3.7482054,43.15976,4.3455887,4.917463,0.25647935,94.40463,8.032132,10.167486,10.057879,26.42955,5.0949044,1.9351484,2.8825464,145.14822,39.41217,8.35209,1.5155017,3.7751813,0.7531634,37.62706,1.6395403,75.463806,169.07704,26.304441,6.773253,67.1566,66.56645,12.908643,25.54493,3.276975,5.7390814,6.1751094,26.056366,0.13264997,1.7036572,3.3794959,6.121307,11.469514,19.744133,19.089157,17.541063,9.38532,50.537746,0.782169,15.226927,18.853615,20.100168,36.231457,0.012983642,20.214859,48.834682,35.866577,0.12198392,89.03262,16.091825,13.763824,26.319841,41.8434,68.42616,2.6943238,0.012185908,17.02354,3.0843267,9.520772,0.07013605,0.7518043,47.421104,21.534096,3.9670253,6.664391,0.17889616,26.889437,13.53943,0.6026171,0.46810704,30.433672,33.57646,178.10074,2.6120539
158843,1.7548248,4.6386285,6.3408685,15.365026,13.123359,38.491386,30.93886,47.29684,16.293152,13.570547,70.34023,74.958885,9.470905,192.39967,86.34087,122.35049,0.87546813,0.62458843,9.917929,143.73314,18.457808,72.25673,55.51997,97.8644,21.765276,170.73459,25.359776,139.12126,120.55285,0.03999797,150.43379,27.312479,0.14439374,58.288574,170.32423,200.76704,6.4089937,74.8024,95.02148,41.88802,2.6071162,0.090372644,0.06306244,18.328922,18.714113,31.37224,15.347867,46.685383,6.7571135,23.901808,58.49422,128.09271,3.8614748,10.403148,1.8184056,18.135283,0.19612837,56.335033,3.9127402,80.42303,1.9098313,0.6811421,186.23227,0.5630734,104.67959,79.017136,1.033647,0.46488726,66.81028,16.240326,16.4571,10.780373,128.9503,197.40186,53.52094,95.95979,145.6147,129.487,95.77868,48.684654,47.67483,0.6920237,19.877098,30.227114,21.472305,46.54258,9.74888,35.388756,5.3698697,61.360256,13.775684,73.2716,34.8247,6.1911187,4.823608,9.188292,72.29498,189.38495,0.1933903,70.997246,16.487026,36.928474,39.444588,8.548361,0.14283653,40.26508,13.984546,67.61203,291.5776,41.641094,23.814137,11.555721,27.543827,1.0358292,61.580486,92.36932
159138,3.8128674,0.376699,4.140916,7.338878,2.9648805,21.337275,41.80868,30.286066,9.204931,26.06721,44.720608,56.018,6.4904056,217.57387,64.984795,114.74582,1.9148474,0.5833083,4.054086,104.024124,10.387486,51.62643,36.766396,57.130135,9.915981,131.39218,12.557182,102.06989,85.824135,1.4093959,101.66774,9.355016,1.2937742,37.4735,128.09006,155.04327,7.9984827,55.838303,87.368904,17.262022,2.4878669,1.6854911,0.45272923,10.917785,37.190937,21.859238,5.97603,33.33077,3.7475693,10.633917,44.394104,177.46767,10.853158,3.06076,7.856415,6.227774,2.3706956,30.549526,1.2587293,52.85152,1.0704046,1.386259,141.25613,6.412489,46.85464,113.11692,2.5197926,0.9257664,37.948788,0.865061,11.123741,5.813867,84.598816,135.99104,30.839024,70.43572,117.98859,111.28572,74.49417,17.825768,23.290121,1.3290206,19.957233,24.52835,14.651369,59.569637,4.687093,50.194294,7.58089,51.09971,27.82057,42.840965,22.885633,12.594015,7.9501247,10.369931,45.8931,139.80502,1.8108739,53.339535,36.434185,51.403637,56.547195,0.30143023,0.722399,13.870669,14.980895,57.843815,245.69484,47.30204,32.94821,0.86298835,17.165895,1.5416778,35.122383,36.250263
159239,39.623333,2.973748,1.2165426,35.396545,10.227865,125.00512,382.63687,195.12965,37.427444,132.71718,255.4123,395.97318,1.5641476,1348.9287,313.47998,553.75616,0.014634118,0.7723661,16.704819,565.98865,100.47157,268.2788,176.04085,408.542,52.674374,795.48676,79.11252,614.6302,538.7665,0.37350792,614.279,92.74003,16.203175,240.57611,745.4849,901.3667,121.166626,348.73444,472.7414,150.78435,9.072742,0.0012652945,4.3788586,16.012346,266.7722,138.43037,16.83404,131.4147,9.916809,88.341835,221.07422,1035.8783,99.41378,52.705097,54.838123,61.710556,16.67445,220.62886,0.044622157,384.64923,11.770986,3.600976,854.9973,16.514593,373.40207,671.83594,10.844622,5.81907,376.26947,42.98987,35.835667,30.104464,537.38367,868.31946,216.49626,455.88394,705.50146,731.3468,511.64606,268.00827,182.02391,0.85788137,109.66231,175.87271,113.52784,391.40027,37.365047,241.0685,71.092064,322.36633,124.2314,358.49057,165.39809,11.3017645,31.436811,46.96167,315.65628,976.37463,6.614051,304.1747,96.69054,180.6388,267.49863,9.525709,3.6727793,133.56534,34.913883,262.901,1704.4414,168.60608,58.99353,44.06989,95.299904,2.6328728,290.1291,367.27197
159340,26.237362,37.004253,13.39463,3.5304422,58.231724,33.752205,2.983944,36.348927,3.229721,124.39653,0.024030294,2.6972919,0.0663045,31.809254,1.8764542,17.317102,0.051600628,32.406033,0.13017246,18.340061,54.95011,12.783727,21.202938,20.66093,0.2171008,5.140251,21.667128,61.281437,0.83213013,10.45324,0.33014727,0.04634305,26.051493,2.3148298,1.4032497,5.077557,0.37435672,1.9691443,52.684113,7.967703,0.19725925,2.1687744,94.7225,10.9082775,8.2746315,11.062608,17.396055,5.2530456,0.27091146,2.0833118,118.3732,25.692656,11.362887,0.30942616,2.1199224,0.2747978,27.459171,0.48400095,103.173805,185.65619,26.450579,7.28311,75.23119,55.661297,11.389587,16.453981,4.942463,7.1702332,2.4161193,34.366898,0.48464665,0.5797012,3.4496086,5.901798,20.082865,21.61267,24.70744,22.89479,10.699787,36.73014,0.7242434,11.130649,12.737651,12.751323,35.427288,0.21447046,25.741463,48.366566,37.040604,0.29819074,105.30921,29.287867,25.11007,10.731024,60.537773,83.58806,0.055308186,3.9496174,6.8995113,0.02720884,15.962272,2.2115142,0.94417465,66.03722,25.941397,6.0923877,36.001427,4.6627064,38.464184,14.284087,6.067975,0.010169217,13.587695,59.32962,191.6047,6.540113
159441,5.551102,11.083438,4.5162797,3.9747543,14.769455,8.372307,1.6114793,10.420699,1.379895,26.624313,0.07859044,2.5747685,0.08289871,10.028499,0.490387,5.796751,0.1539124,9.763434,0.029908167,5.3761644,9.846946,6.683171,10.814714,5.4227543,0.22509839,2.4759238,5.6903086,14.630894,1.9596478,5.0162125,1.1166171,0.15987512,10.806632,1.4269714,1.2988722,2.3211884,3.0026553,2.4282396,9.865057,1.1240523,0.83383,0.34227505,24.095531,1.509916,1.7479564,1.095848,6.641596,0.4032268,0.42016283,0.4207308,29.293674,5.297751,1.8637868,0.013721269,0.25099012,0.0034399643,12.936887,1.8415102,14.901418,29.112333,7.652194,2.299406,19.838608,11.307881,3.2712266,3.3890328,0.8881741,0.8815466,2.1383452,4.164177,1.4395481,0.18888578,1.0243821,1.4537661,2.242087,3.7812345,2.3452344,2.9696925,3.1367114,10.146258,0.5396882,2.9754298,5.7664967,4.933128,9.293614,0.012666527,4.6977463,10.874376,5.2167025,0.025430545,29.261324,10.055705,5.169871,2.1593359,9.526168,15.707093,1.1841929,0.042643726,1.1966171,0.005047927,2.590419,0.41997275,0.4757989,11.71961,14.072653,4.561643,5.082557,0.22124656,7.019127,0.90751535,0.4067441,1.4340371,2.225155,10.012652,55.59665,0.031368535
159744,0.08228154,0.0013459038,0.010104044,0.003310692,0.0097909765,0.061489765,0.0020104814,0.009006394,4.9751154e-05,0.1322304,0.0001871741,0.247281,0.008167133,0.0042253425,0.007105065,0.13717604,0.0027679072,0.026086107,0.0016712556,0.0025718124,7.08847e-05,0.004692413,0.027144054,0.0021517677,0.07021646,0.0009834627,0.043129757,0.0065699145,0.07967644,0.032504655,0.00093389547,0.04810048,0.07730087,0.003919721,0.0025406869,0.00070077635,0.18513706,0.024449922,7.5304583e-06,0.13738756,0.11317007,0.040998027,0.14759511,0.0055404175,0.008894901,0.12656894,0.07245351,0.06411088,0.006903147,0.5375848,0.010781282,0.12551242,0.0034711726,0.04611056,0.067439444,0.0018843365,0.051956438,0.02107785,0.00095901027,0.0049999594,0.30445522,0.00046829617,0.0087716505,0.02655647,0.07817874,0.15738824,0.0019755336,0.04917542,0.04601166,0.107397735,0.24931043,0.010165622,0.07689154,0.0025664037,0.46566567,0.0025352405,0.22885805,0.053906985,0.28110775,0.0054544574,0.0030504162,0.032165878,0.04017067,0.049621522,0.016999194,0.23307881,0.056676976,0.015045442,0.006913935,0.1371978,0.0023162593,0.0027422202,4.5506295e-06,0.015877757,0.006934987,0.45236194,0.09223581,0.027129816,0.02180614,0.026999092,0.0055823964,0.079144605,0.024382602,0.017009042,0.38902655,0.15149432,0.4594491,0.08054657,0.00030344218,0.102680854,0.36165157,0.08090275,0.25124127,0.008838518,0.13669144,0.13464594
159845,0.16004658,0.046417117,0.28753656,0.072101936,0.1854874,1.0858121,0.06228314,0.7183316,1.105414,0.12898424,3.0325167,1.3649617,0.45533288,1.465779,2.4496286,2.5053666,0.013187942,0.011142028,0.08228749,1.1745516,0.8964428,2.22453,1.1184225,0.8578386,0.58758706,4.0954456,0.31601143,2.2814968,0.80587614,0.05141446,1.3033913,0.03036966,0.0005359624,0.27796903,1.5718944,0.1318259,0.5494219,0.35960746,1.2217621,0.18358538,0.8146828,0.082871616,0.16532463,0.27167293,1.5112357,0.041914813,0.12748443,0.531252,0.027725942,0.32216537,0.7442972,1.7333642,0.022926088,0.068690054,0.19055358,0.06508748,0.34767562,0.2967483,0.7035742,0.68171185,0.03621898,0.036315173,1.8089677,0.07704452,0.3450097,0.496041,0.48246002,0.044308357,0.2846224,0.2147945,1.0776422,1.774684,1.8864856,2.3068724,1.683954,3.4063983,2.6896372,3.034788,1.1487777,0.33163762,0.3965763,0.20901513,0.015953641,0.26691645,0.1410177,0.034342594,0.3103088,1.0713658,0.09573545,0.9070665,0.51581836,0.2554713,0.09413164,0.25763714,0.41951954,2.5061092,0.980593,2.451843,0.0037373928,0.31223902,1.1887733,0.71814495,1.5673523,0.046808466,0.30307588,1.639413,1.2207543,0.17273825,4.7617564,2.2205498,2.4691932,0.1737699,0.004668291,0.32271564,0.85293734,1.7018129
159946,164.05101,175.87602,106.21363,8.351722,242.4136,92.57046,52.185722,133.84587,14.32617,384.913,0.28090918,11.965503,24.56841,131.65077,4.3789334,88.03039,0.009897819,99.54217,0.82516205,36.997982,166.36314,21.855814,50.398003,40.430584,0.06343071,15.529771,89.74383,205.45706,0.932678,19.48301,0.5066668,1.2984878,79.658066,4.3427544,0.3283955,16.352121,12.056588,3.4734147,113.47101,27.426723,20.025885,5.0615697,338.63818,17.546225,48.802452,35.98431,80.501816,13.571223,5.7876835,11.368772,456.3074,141.66733,12.74921,6.799738,11.0291,2.28294,110.081276,3.2160134,246.66913,507.54095,80.32541,27.654953,168.38147,191.04709,21.49458,99.22753,9.415961,38.927578,1.3303416,110.110634,4.0905795,12.8101015,25.86711,43.125477,97.391525,112.298515,83.55614,77.817345,21.365086,128.6505,1.9332424,53.10708,59.180183,40.49453,114.36854,0.89664286,62.641804,174.7187,92.41171,1.2818949,210.5839,20.714762,26.143543,132.38274,137.78587,255.69818,8.102925,0.5187328,76.68755,19.671759,14.583617,9.71747,8.861663,106.03182,52.718334,7.6519723,16.844566,0.10994643,115.03623,52.68729,1.3778067,15.365902,143.1537,83.55059,549.3553,46.15514
160123,6.2318482,14.529031,6.579438,8.054768,15.925714,12.188333,1.991175,10.829702,2.3953006,35.11515,0.22396795,0.5449035,0.041130878,7.576543,0.40896195,4.138854,0.16196473,8.65608,0.11016244,4.644378,8.747284,9.33319,11.617285,6.3697286,0.82034683,3.4952781,9.861252,20.141703,2.955835,3.0026586,0.54776585,0.100482196,10.853882,1.7032461,0.51449585,1.0973213,2.042759,1.730637,11.138647,0.8133735,1.1243275,0.41804686,24.066614,2.4568212,2.1237721,1.9184974,7.822647,0.09053241,0.078334205,1.049858,35.74339,5.118739,2.7904122,0.0047191354,0.073846005,0.084127255,16.955187,1.6608353,26.108242,53.012215,8.225755,3.1481256,25.417618,14.05958,5.0433393,1.6264911,1.3876146,1.1931337,2.3684092,4.7129416,0.06469799,0.12606706,0.051615007,0.43200645,1.029157,2.8285017,2.7171214,2.2099514,3.6402667,5.1588507,1.3251967,3.442468,6.9734697,7.9133687,11.970055,0.009923583,6.2089605,11.200796,6.933397,0.0945373,31.518745,6.610019,7.372435,1.289939,10.184677,23.032463,2.1146328,0.0024805737,1.4130971,0.011594173,3.380369,2.4564538,1.5211635,16.588797,18.54507,7.492863,7.5696588,1.5879939,6.3930364,0.24984756,0.03428154,3.5842438,3.781342,14.20353,80.77134,0.016272949
160729,0.10303902,0.007001837,0.26189914,0.28334886,0.10342276,0.9349726,0.1595388,0.45081,1.4207581,0.5784234,2.5789962,1.422508,0.58397555,3.72432,1.8673239,2.308849,0.005617104,0.06786995,0.26445162,3.1995573,0.21186678,1.9701042,1.6535802,0.44112507,0.5216602,6.4532485,0.0037693412,2.8618076,0.81134635,0.050318886,1.7878964,0.11696882,0.115334615,0.65764827,2.2746294,1.1942137,0.3887349,1.1111473,2.6658778,0.06283347,0.64761275,0.055835575,0.87242407,1.3654495,1.3000528,0.061826408,0.04855612,1.5684876,0.044243596,0.07470911,0.9802601,3.211806,0.00010860486,0.10239837,0.007942595,0.35284135,0.32621756,0.5888673,0.019888926,0.60290855,0.0022199734,0.0034260002,2.2655447,0.62925607,0.2955095,3.1111197,0.006418679,0.12203814,0.0013646644,0.06297712,1.0154835,1.4418014,0.8615052,2.0541108,0.7195896,2.467745,3.3049228,4.021259,2.3727503,0.17154652,0.04112586,1.0086776,0.44907504,0.0041101202,0.0059981295,0.2521979,0.40240484,1.7012109,0.06559087,1.0606475,0.36517578,0.6659952,0.49476296,0.51716244,0.2571308,2.5329726,0.9927654,2.1540313,0.021326592,1.0027966,1.0769451,1.239556,1.4967318,0.029220523,0.020763885,0.62026817,1.13558,0.7805561,5.772951,4.6890006,1.4778272,0.007295942,0.015007815,0.088131845,0.10787026,3.22971
160830,0.05210866,0.021228535,0.1052064,0.0090542445,0.00080386084,0.21073103,0.044128384,0.0112960525,0.016284738,0.094697505,6.477476e-06,0.0008694805,0.0005472369,0.09341148,0.052431133,0.05040084,0.0024208745,0.05877677,0.014373534,0.0026252687,0.0034088865,0.18570364,0.021573966,0.12747224,0.030810526,0.15245253,0.084372565,0.010602085,0.028936526,0.025251169,0.047980912,0.08796321,0.081347145,0.014483112,0.64503634,0.90479517,0.18500912,0.104647376,0.16034642,0.03509318,0.037995864,0.00012511935,0.4465087,0.09077159,0.3148642,0.004559074,0.2651474,0.020664923,0.083606154,0.07421442,0.26619503,0.024999693,0.008133676,0.013964464,0.0052136146,0.004307992,0.0004948164,0.040500123,0.9856032,0.79457235,0.0014067547,0.05463668,0.31447333,0.0069200196,0.12025,0.0033477263,0.011104617,0.03917334,0.070888005,0.044288073,0.004159124,0.0008235015,0.0012303733,0.01746756,0.03958001,0.020839777,0.32641968,0.5143117,0.01716426,0.028287396,0.0009961843,0.016256014,0.017478203,0.009058669,0.030638149,0.020686083,0.009705799,0.015745617,0.012466678,0.00032661043,0.10167375,0.18514295,0.016179444,0.024001572,0.028912116,0.09556311,0.1006843,0.044457648,0.05399189,0.0017796579,0.009231422,0.27167082,0.010657971,0.08743716,0.091874935,0.30687818,0.18543395,0.021459537,1.0864544,0.059680033,1.9945108,0.2754686,0.0011503353,0.20040537,0.15293296,0.009183416
161327,0.16984281,0.01519919,2.4130058,1.4711745,1.0787845,3.5980525,1.8532529,3.3665147,3.0855143,2.981797,6.6793857,5.136927,2.167298,24.085876,10.455652,16.134108,1.9225839,1.0307422,0.6380735,14.323151,1.0084796,10.211701,7.437716,3.7336776,2.39435,21.047787,1.5544616,14.240014,5.5598674,0.36674798,10.663575,0.29719827,0.07646808,2.5059812,9.132278,11.480018,0.03857937,4.2336326,10.326157,0.025033547,0.38505143,1.8825047,0.99770725,0.9997034,5.3981266,0.9158842,0.39384684,3.2213063,0.59712005,0.020516051,6.1399093,29.800646,0.6274752,0.7889893,0.6747115,0.046709556,0.5913196,1.8961207,0.031029062,4.8023305,0.05467799,0.40939325,10.389918,5.2411304,2.2953546,21.3958,0.5383628,0.042242672,0.35879177,1.104166,3.493603,2.9108846,6.4909997,11.669886,0.6229687,6.601683,10.856008,11.813287,6.9961033,0.5225985,0.2763421,4.056013,2.323582,2.3553529,0.3873652,9.5772,1.1378224,11.057584,0.3414263,2.094168,4.6237617,3.0641096,1.2010599,7.357167,2.4885364,5.7512283,6.0315757,14.644912,0.07909809,7.648043,10.482925,15.481039,13.32421,0.8491435,0.19091277,0.16797625,4.68759,13.973838,28.380375,15.063314,11.854356,1.3975477,0.7522751,2.465044,0.8467088,7.051809
161630,0.04562455,0.05297885,0.0006308421,0.09091567,0.039038178,0.015590289,0.0041380916,0.081029795,0.21549644,0.37484038,0.20128591,0.06302852,0.020387355,0.13044618,0.017628055,0.02912594,0.08666078,0.09755063,0.0010325875,0.0053436384,0.052609242,0.23007295,0.08475257,0.00802123,0.004516223,0.16946396,0.13642754,0.06776978,0.02378504,0.06265229,0.0019345264,0.008508712,0.05670859,0.016419379,0.038725078,0.0029919143,0.006307494,0.12875056,0.4288955,4.2226443e-06,0.35610107,0.33648115,0.0026369707,0.01226363,0.021969562,0.00088235043,0.012492244,0.004506823,0.0055280356,0.010844739,0.09835218,0.005665449,0.0008566588,0.029335434,0.013497177,0.0030732236,0.03302326,0.20770536,0.0069452804,0.07382369,0.0026559632,0.033845436,1.9107292e-06,0.00045468158,0.008675112,0.00024903528,0.025309576,0.06916641,0.023026126,0.04793177,0.30620053,0.061080385,0.057859425,0.0060891304,0.13029933,0.22536044,0.0041250484,0.0061136805,0.072869994,0.015858375,0.011801175,0.035342496,0.012339039,0.08828682,0.004448005,0.00036373961,4.646106e-06,0.24684533,0.1808985,0.007092623,0.06462922,0.30267975,0.42541426,0.54239243,0.0031204713,0.38839138,0.013914215,0.059359312,0.008133161,0.0025324586,0.020676732,0.26272765,0.00053103646,0.033665095,0.0030169007,0.025485002,0.1872016,8.251664e-05,0.31995848,0.123045385,0.20131688,0.024456684,0.58373034,0.078227796,0.00097195973,0.27036646
161731,0.27715057,0.02609236,4.082519,1.3408974,1.6294233,3.2560399,1.173985,3.042118,3.9195287,3.4673955,6.305347,6.0894,1.8851945,27.66831,13.504652,15.818026,1.856258,0.17403175,1.1860492,16.521652,1.0423702,10.428853,9.50639,3.131299,3.5205276,24.43653,2.0018096,16.518143,6.6909614,0.09098328,10.703162,0.34969878,0.084397584,3.2774844,15.092004,11.905575,0.118604764,6.9140377,14.626573,1.315689,1.7895906,0.58780885,1.857165,3.0897598,6.1467443,1.105131,0.7892658,5.316667,1.0796702,0.10629701,5.56618,27.124926,0.7461373,0.00011254458,0.020614909,0.79236406,1.6882324,2.8965387,0.9210699,9.514244,0.18962663,0.18698789,10.714597,3.1997354,1.6845449,17.422863,0.0632081,0.0063658156,0.74023145,0.41129968,3.286655,3.7124674,9.18224,16.267809,2.6629114,13.948395,13.449504,15.744097,6.9838266,0.63866264,0.9848815,2.9613078,1.2519304,3.0229726,0.6124969,5.9822354,1.8259869,9.721287,0.056948848,4.892522,3.2621212,3.7160606,2.2001498,5.3569427,2.6761549,4.823057,4.2392898,11.650632,0.54825956,10.231869,8.762674,7.9054146,12.14727,0.04088233,0.027459765,0.39328572,9.647199,15.964631,32.761467,13.147274,9.096389,0.0055260877,0.25694865,2.460978,1.0316225,4.805998
161832,0.13717599,0.010230923,2.9678345,1.1359992,3.1179237,5.132983,1.0010684,3.2800438,4.0832043,0.6317795,7.03654,5.9782486,3.447679,17.667137,12.329168,13.325084,0.23375969,0.17453627,0.7599537,15.053394,1.3596085,8.706103,7.9374285,4.564926,4.280539,22.026503,2.827264,16.110147,8.892222,0.05982725,12.8642235,0.8605561,0.0048146658,2.9494793,14.748707,15.416409,0.47000107,5.3096495,10.411807,0.6058598,1.6134171,0.3121237,2.2536943,2.8565297,1.4358377,0.65172553,2.888016,5.385221,0.580475,0.39637867,6.682019,18.035456,0.1308707,0.0020745178,0.00056546443,0.41150457,0.16411388,2.8568199,0.10489686,6.6549125,0.053734932,0.022090849,13.475609,2.0387897,6.2827373,13.330093,0.15996768,0.032953218,0.60295975,0.017644983,2.5181684,2.3115644,11.048842,16.444954,5.123637,11.536448,13.517859,11.328681,9.264297,0.4581249,3.231431,0.9518392,0.532204,2.2990587,0.76103055,4.1133432,0.49995244,9.851656,0.046734124,4.518267,0.85059327,7.9312553,3.1191628,3.3381085,0.005836147,10.645358,8.898287,20.772406,0.022830348,11.84992,2.5701401,7.3187866,3.308873,0.7168272,2.246145,6.904819,7.288208,8.895509,33.916092,16.702255,11.659349,0.6729674,1.3105459,0.4273269,5.085606,12.922687
162026,0.13745145,0.48945072,4.1832714,1.9186034,3.2569115,3.8067317,0.59217966,5.24076,4.767442,1.5835171,11.446429,7.5299964,5.2278857,15.407468,11.58181,16.150917,0.15315625,0.00018047937,1.5225297,18.210379,0.67976916,6.3366175,7.9031816,4.611349,3.106055,21.229998,2.6875563,13.62316,9.318747,0.74453443,12.261266,0.8493358,0.08585683,3.5645044,12.777056,19.145073,0.025169201,1.6693664,6.943196,0.9608618,0.27556935,2.1951232,0.7110512,6.47476,0.5946975,1.0221215,2.4049869,6.848823,0.6968351,0.7580306,7.534171,15.224239,0.043049578,0.10126178,0.0002050876,0.29073215,0.007481614,4.0329723,0.5537002,5.086233,0.82192874,0.040270854,12.278534,0.7828351,5.723561,9.887901,0.3866594,0.2001229,1.3642827,0.57560056,1.4694893,1.6923085,6.8368907,12.302641,2.3848658,7.252199,7.3106966,8.1355915,7.0120215,0.00585968,2.3477898,0.666214,1.174372,2.308365,0.42327744,3.5298433,0.48939377,8.487254,0.065721974,5.0412254,1.562194,8.398334,3.6651657,2.7214217,0.32653922,3.1850848,8.224221,23.111637,0.0011917148,11.255881,4.205869,7.8075495,6.9835744,0.7717204,0.7130361,4.522648,8.385161,11.439914,14.921663,6.4873204,14.480072,0.68104196,4.3818107,0.08811008,4.823696,3.7370327
162228,195.19334,187.0607,157.23302,24.532333,258.0932,105.925224,92.22971,165.05257,28.48564,426.74237,2.7470436,21.055523,43.550037,165.60078,0.60980874,126.3826,1.336118,130.93785,0.96834624,34.314564,168.60374,27.224846,62.25142,41.695545,2.404407,23.253937,133.26543,246.53967,5.263814,29.157091,2.0397253,1.316407,95.426094,3.122488,0.7669935,16.375206,18.943579,5.195246,91.00558,17.728626,32.068657,1.0706824,367.9338,9.796168,58.503723,35.285374,96.28959,4.537668,5.2285337,20.697283,466.32504,164.79153,5.122477,13.507732,18.223091,8.270923,139.06572,7.0844893,184.79771,455.96716,108.8201,46.197952,175.80757,224.92505,18.322636,126.72587,8.488008,44.49914,0.07070745,110.20242,3.3650227,11.606888,23.092995,39.413616,86.60511,115.54708,87.631676,81.55996,38.56863,128.76057,6.495085,67.75427,100.050476,64.85269,142.05534,8.574264,43.325695,241.7856,68.600395,4.467047,193.88983,13.411344,22.935339,170.6813,190.87035,286.7353,7.927179,0.71156687,97.76493,25.276276,7.253173,16.258198,9.375313,78.715004,87.18051,18.950117,19.894196,0.58675164,118.049446,88.39609,2.0129142,12.881131,163.30083,87.10171,648.549,39.577496
162329,0.20015724,0.17223625,0.15676731,0.098849654,0.49314535,2.0068653,0.059828088,0.3365795,2.2448788,0.30760047,3.5190914,1.4373118,0.120061345,2.1101558,2.672995,3.1396677,0.03701121,0.043878045,1.513052,2.680927,0.0028574143,2.051629,1.068822,0.6560152,2.5012813,8.339172,0.31177825,4.0290923,0.7787472,0.029721102,1.5701258,0.056197032,0.17711884,0.5341406,0.65826577,0.115821324,0.19543253,0.7981344,0.59880316,0.6343124,0.41366497,0.0064119645,0.00314316,0.48264742,1.2067149,0.0025809575,0.10248159,1.156385,0.035030097,0.11417173,1.6113697,2.34588,0.019128794,0.05279732,0.00042828184,0.4402451,0.10551764,0.002081029,0.46480477,0.027455667,0.0054094777,0.00032080026,2.6393547,0.5768408,1.1726699,1.7970592,9.979279e-05,0.0015555117,0.011151218,0.15882914,0.010549144,0.94714195,0.7935836,2.160858,0.061307658,2.0783558,0.97941685,2.1994925,1.0084962,0.5018448,0.2267085,0.12921637,0.00033385336,1.1059393,0.24892226,0.040019292,0.5741326,0.64929706,0.3244739,0.9806737,0.57922196,0.101128444,0.09038623,0.3504331,0.62306404,2.2074983,0.25053146,2.404086,0.012783816,0.7788524,1.1155049,0.6196689,1.7954797,0.022842301,0.024867844,0.9479714,1.5382975,0.7663762,2.36295,1.4528204,1.7484056,0.37491804,0.024374893,0.27599806,0.1564971,2.6856077
162733,3.1002302,3.5617597,1.0123861,0.3296564,6.0162444,4.048228,1.5184847,3.6686814,0.7437623,6.706016,0.46512935,0.108809665,0.18841676,3.3168697,0.019379228,1.0809332,0.5888316,2.397332,0.102915496,1.0876943,3.0992334,2.684461,4.8854933,0.71501106,0.15224649,0.5979388,2.2621298,6.687793,1.4001777,1.50466,0.023234732,0.013260807,3.6269732,0.14412747,0.29399496,0.84707797,3.821223,1.425137,1.580767,0.3230061,0.9628622,0.16401412,10.029239,0.3818092,3.7889934,0.26036435,4.707123,0.13669762,1.1469184,0.10198384,15.186041,3.4432716,0.0020894448,0.5320978,0.9016285,0.027538676,6.4024105,0.63454336,0.8260262,9.034985,2.2528298,0.3046672,9.857548,3.5124018,2.6748483,0.98082244,0.14977922,0.11800424,2.6453323,0.78921425,0.7273971,0.04830246,0.047199436,0.43554094,0.12996526,1.2769057,0.10172882,0.6595182,1.3794394,4.815284,0.34485316,0.8487942,2.5049589,2.2582896,3.710724,0.09592635,0.7149906,3.0608046,1.1267653,0.034928314,2.1257875,0.014609562,0.0051283427,2.7280965,2.0585375,1.0921139,3.1843007,0.33101326,2.5618646,0.42562866,0.04057792,0.43255886,0.22216533,2.0958724,0.7777852,0.90841055,0.03022402,0.733074,2.241373,0.55396545,0.68874,3.461411,2.8925145,1.2923317,10.07466,0.16075417
162935,0.2159309,0.6585939,1.2304043,0.7516084,0.28905225,0.14886013,0.42171633,0.32269382,0.08072444,0.67987293,0.39717627,0.24923585,0.0023326164,0.36562845,0.0007803358,0.38960168,0.039435636,0.56530243,0.5155838,0.6184349,0.8677007,0.51250196,2.8466327,0.041571558,0.15972659,0.54309183,0.7154255,0.6113821,0.7940372,0.014170141,0.09717885,0.038374227,1.8510351,0.22733185,0.0035632232,0.11367274,1.369437,0.44944283,0.1026075,0.049866553,0.5040014,0.19540897,1.1489993,0.021024546,1.0406655,8.687389e-05,0.8095213,0.17096107,0.37520584,0.012941133,2.4744203,0.79812324,0.0002060593,0.08009804,0.28169262,0.09018124,1.7267492,0.52903336,0.09959006,0.37222278,0.72922313,0.34153318,1.2828128,0.5105506,0.0100638,0.13651785,0.00018285816,0.040499028,0.23652774,0.005242041,0.015093309,0.004997789,0.017845185,0.021468448,0.1344576,0.10673743,0.0022525948,0.09668361,0.46091613,0.051298983,0.0500495,0.5597794,2.722343,0.25195587,0.693338,0.07472377,0.22005917,0.8047672,0.060110196,0.12112511,0.0036633045,0.63677573,0.33491144,2.2215405,0.10294374,0.00415512,0.70845884,0.23822857,0.59052783,0.11626571,0.18573022,0.05309123,0.05858856,0.0014632288,0.27503917,0.00031894963,0.112820484,0.051933262,0.35950938,0.6325585,0.91152835,0.5885962,0.9663717,0.2634121,0.6372435,0.22839686
163129,0.16847041,0.04741904,5.1548104,2.687109,5.0891037,5.344781,2.6995904,6.9185023,6.2546,3.3235424,11.903575,12.417342,5.149333,43.443653,25.053669,28.906565,0.6029405,0.027076347,1.6452237,29.736603,3.6015234,18.636044,12.053765,12.817956,5.0092936,38.15239,4.6189404,25.803299,16.137203,0.03444483,21.575275,2.1982934,0.01969058,10.311667,28.075684,31.968243,0.018899715,13.651135,19.507782,1.6021497,0.861588,0.5687274,1.7460439,4.5112333,5.1390414,5.1693993,2.885393,8.679993,2.7205074,1.5379096,10.312018,34.725708,0.7409144,0.34241462,0.20288491,1.1382889,0.49044135,5.807696,0.47975463,13.225278,0.0040832893,0.28732312,30.948664,2.3974493,10.458505,20.963495,0.024634223,0.11324522,4.5189815,0.0107041085,4.607615,4.949673,19.56746,32.89778,9.948927,26.276173,30.38745,29.440504,16.030556,0.33706546,5.053107,1.039672,4.970894,4.865847,1.9136032,9.159354,1.8593845,14.933973,0.78115,7.9976816,4.9963107,6.2926707,4.6659446,6.8909707,0.81889385,3.185506,10.690566,31.11275,0.3074362,15.292117,8.355626,13.133795,10.820895,0.07887504,0.13790557,2.9570806,5.4782276,22.570944,52.165848,11.890449,6.496977,0.84160864,2.39694,0.21284956,7.9788404,7.830623
163331,79.191864,101.46346,43.871483,5.1846766,168.2,79.70289,8.977205,90.17491,3.0328498,309.63266,0.1618004,5.203276,0.3342784,72.61691,13.40058,53.333427,0.025154179,70.09143,1.5563941,32.732075,150.91925,25.020136,34.93435,38.883904,2.986804,9.722941,50.17183,145.00996,0.027903832,16.170925,0.21786916,0.41894537,56.432945,2.1816533,0.08664854,7.772325,0.049755182,0.033397645,155.06561,26.7304,0.83851075,6.0058327,236.75934,34.391914,23.643333,45.43906,42.993618,21.234568,0.5146463,3.8149366,340.54733,80.429344,32.80371,0.48514953,2.6977825,0.035395328,78.743996,0.09611948,287.48553,518.94226,64.79079,12.731546,164.69766,144.12486,29.643976,48.794186,16.375116,34.237602,3.3798597,89.71508,5.0247235,6.8764954,26.562746,32.93166,91.88563,86.15603,87.48825,81.20712,13.526361,97.92079,0.5849706,25.511557,29.17791,30.518787,88.50244,2.8179848,122.9587,121.074135,120.57687,2.4646378,319.11337,89.35791,91.38343,31.784786,153.87444,238.81537,0.061086394,6.711694,20.910624,0.06672145,54.57115,4.666014,1.6920474,189.64874,74.67921,25.769356,71.688896,5.71749,93.93432,31.759016,8.709103,0.10419156,38.10301,128.84232,580.67993,9.668508
163432,0.98831916,1.3480242,8.821627,10.0706415,5.28764,19.920828,16.835909,29.004015,10.449124,12.683066,34.303135,44.014496,8.952723,135.94252,50.219723,85.415,2.0620823,0.79397625,4.9696307,84.488365,8.829387,43.747982,31.729914,41.712837,11.705804,107.05903,14.150524,81.526535,58.003292,0.9375368,84.031456,8.459377,0.02257929,29.59317,87.970505,113.78078,1.1477596,37.174545,68.27437,11.064962,4.6968904,3.5797224,2.1666927,10.640037,15.756701,11.975488,8.095634,28.211414,3.3609164,7.596423,34.177586,116.94808,7.2846017,1.9142836,2.905983,3.579971,0.54104036,24.384905,0.70033205,29.409237,0.021608088,0.25068724,96.261314,8.50774,27.974888,73.489265,0.43619385,0.05464318,17.6756,0.6433146,13.652659,8.7846985,63.307873,96.197495,23.144848,52.979492,87.02911,80.417816,45.79985,5.9694552,15.450536,2.0386488,10.854018,15.327139,6.942765,38.019684,3.3155487,38.90415,4.3676124,30.46842,14.146204,33.260242,16.103445,12.358907,12.759933,9.4057455,36.951603,112.31537,0.32542714,44.896133,29.715649,37.3614,40.15722,0.44143152,0.38184714,10.824659,24.00374,44.63086,158.03793,32.61757,38.448517,3.2181141,9.87842,0.6048726,29.354948,16.800097
163836,35.837894,2.833082,3.5070026,49.192562,5.889108,125.08277,284.99658,188.89543,32.36087,133.54558,191.81589,320.45532,6.7901273,1205.4215,268.91507,549.0256,12.430709,11.223764,10.314226,488.44626,57.11781,232.35608,155.32364,327.32092,33.00455,681.72406,68.6939,543.30414,447.1692,13.013715,611.3899,56.51553,12.8179,158.48918,615.9318,819.2193,96.04064,233.5184,382.93292,81.175446,8.860874,16.613447,5.3054714,17.370079,239.79065,95.04691,13.399544,134.3759,0.2491798,46.860523,189.7973,1035.2571,103.8414,20.490875,72.13594,17.052946,17.563597,148.6299,1.897999,232.44395,14.792679,11.15126,636.1492,52.527508,219.59769,678.715,37.36955,31.858967,156.87805,9.074009,36.851334,18.760826,429.47577,649.0582,190.89145,329.2762,535.3885,507.3488,363.9892,122.545525,116.20893,2.8119774,90.65213,142.79445,64.36765,440.69476,27.360403,246.11157,84.84493,257.42386,141.19026,275.06366,111.27381,26.084482,69.69169,29.041542,272.1306,872.3144,6.476732,250.0505,199.84143,296.73376,342.80978,1.7454599,14.256237,71.78745,62.54511,333.42337,1366.0582,142.0294,120.93801,14.544517,81.93541,9.198152,201.3737,294.53262
164030,12.672286,17.82845,6.580384,2.8315544,24.526684,12.048784,3.2482576,13.703345,1.59799,39.501823,0.31292298,1.5643998,0.20326853,12.831988,0.83937776,5.9014964,0.67880315,13.663212,0.5788097,10.246427,11.44349,10.932608,14.83501,8.60392,0.00020818743,2.7345152,9.836957,28.567738,2.79576,6.315609,1.2378769,0.42837167,17.101004,4.188525,0.49779856,3.0078177,3.6646001,3.3058958,15.009303,0.8197723,1.3803949,0.055596508,39.17771,1.7028509,6.612338,0.6373044,11.350951,0.246961,2.3384442,1.8972812,56.59293,14.330955,2.2111194,1.236724,2.0560176,0.89990133,17.941685,1.5349681,17.271671,47.10204,13.926168,5.0779495,33.84577,21.572477,7.1150885,6.692756,0.05289469,0.41898665,5.958753,3.2106798,0.003788274,0.00094588,0.43521154,0.95351017,3.1968298,5.058395,4.174137,3.026859,6.7775636,16.15544,0.79857504,4.9803133,9.626588,9.280902,13.217423,0.047643468,4.3610854,15.428601,10.879906,0.019358391,25.2167,3.8141398,1.96114,9.0829525,9.002073,8.796125,5.11527,0.31140938,6.2357626,0.58666986,2.8779175,0.07593273,0.11776104,15.645749,10.513793,1.8916492,0.6413669,0.23835194,7.0766115,0.45183492,0.09431059,3.4076674,8.628085,10.64101,61.792614,0.09757442
164131,0.011368562,0.9858172,4.044297,2.0996778,2.498884,2.9151022,0.0852041,6.792836,3.1223357,1.59164,11.705693,9.5394335,5.8440537,12.379608,10.610286,17.971706,0.026198115,0.015830498,1.252669,20.316523,0.8271832,7.724295,7.8121333,5.141343,2.5128977,17.199879,1.3681326,13.034824,11.907905,0.47039768,14.864051,1.1320549,0.77330804,4.0632086,16.994389,21.335182,0.06992227,2.3797827,5.8811107,1.4253994,0.6005078,1.1275436,0.13205323,5.094771,0.42137748,0.93961304,2.504328,7.012898,0.92133605,0.9538947,7.4996495,12.189418,0.008832602,0.41207266,0.05613583,0.16479202,0.0035190377,5.458479,1.1836728,4.9106097,1.1082431,0.18438737,11.789367,0.97349876,8.797892,7.657124,0.7236461,0.4096981,0.75052,0.76129484,2.1521037,3.642267,9.37632,15.172692,4.998366,10.2977705,11.12543,11.97063,10.087863,0.3117696,2.4213321,0.18227106,0.60418165,1.7122616,0.35586193,2.6309643,0.015148896,8.043888,0.11992089,5.393683,0.58638054,10.192628,4.8078566,1.8333114,0.26023492,4.5267587,7.716057,23.661184,5.6591496e-05,9.309793,4.310954,8.324023,7.0283546,1.2352977,0.4109972,4.969259,10.925498,6.6437635,24.12598,8.614521,7.7417984,1.2719387,2.3133152,0.29171133,3.8313081,13.158812
164636,0.031763054,0.03430796,0.09393446,0.1124746,0.023193153,0.12808742,0.016711485,0.1617106,0.013323871,0.0037675956,0.07507707,0.009362109,0.03281986,0.0730165,0.10549487,0.2479105,0.0006299139,0.013555265,0.12855533,0.090302184,0.04111605,0.16774961,0.04398546,0.014420086,0.00070398627,0.19677342,0.03883715,0.015651502,0.0057629324,0.001418709,0.0018504316,0.00072752876,0.026096819,0.013089855,0.10596943,0.127155,0.027993264,0.10378728,0.014255601,0.032143336,0.098354645,0.09063114,0.020344352,0.013618389,0.029120438,0.03869356,0.004688335,0.005431598,0.27822492,0.17162722,0.0035927717,0.010373435,0.027888356,0.005906451,0.0007201157,0.00014242421,0.0014047731,0.0012241206,0.03934024,6.531563e-05,0.0024270648,0.018574642,1.6229358e-06,0.03345568,5.6532772e-05,0.009238822,0.04416723,0.014799519,0.00019583477,0.00082279183,0.44404265,0.010251944,0.03848722,0.0021034176,0.014722073,0.058741458,0.06970703,0.028660454,0.02632406,0.014498671,0.030532042,5.0761028e-05,0.082814544,0.05374888,0.006723656,1.2111142e-05,0.2813945,0.021547215,0.029149728,0.011592661,0.066231675,0.043244045,0.008774385,0.1560321,0.22898878,0.19179311,0.005687873,0.08116221,0.051262278,0.037293058,0.028742757,0.05733355,0.059950564,0.0017996789,0.10933086,0.29888213,0.010534863,0.29930028,0.63950735,0.12033067,0.5187451,0.30185977,0.3879632,0.00081741414,0.05223921,0.35407653
164939,2.0609546,4.4437146,0.9532873,0.2297694,4.9326267,2.3539903,1.0383931,2.3842149,0.04243525,4.5098104,0.32199076,0.11308688,0.09307006,1.8423284,1.7251462,0.06322012,0.023036664,0.9291118,0.35713345,0.62939245,2.187844,1.9873524,3.0121932,0.27007112,0.005983436,0.25172955,1.2183238,2.661331,0.43218747,0.15370972,0.23538403,0.3503254,2.4980998,0.00066621474,0.17992407,0.48679247,1.241461,0.28500652,1.5800598,0.45149443,0.23658225,0.3168579,7.8275304,1.0931922,1.5671777,1.11641,2.468132,0.47836393,0.020334302,0.09303864,10.440647,2.2166982,1.1036597,0.00042391403,0.02399551,0.26199958,7.388011,0.45633322,2.0389416,8.033729,1.5842402,0.0548581,5.490014,2.2462087,2.101809,0.2856408,0.22740553,0.13756391,4.0429144,0.24050376,0.23041838,0.41572124,0.39179665,1.4554365,0.2501292,3.0972726,0.05921262,0.51302695,0.45352182,2.0940583,0.0035449092,0.26993197,0.028099203,0.19988139,1.6455641,0.664086,1.4857621,1.8653436,2.896751,0.0028880928,1.2820302,0.22208364,0.042134155,2.347668,0.067469105,1.6639411,4.601798,0.78726834,2.0776248,0.2878425,0.008624161,0.021778,0.040929854,4.4816866,1.3504578,0.007926038,0.009546978,0.41108716,3.2161162,0.47167107,0.8432385,2.262576,1.7619913,2.7844276,9.752857,0.16704248
165032,0.0130279,0.016091673,0.2226072,0.0054450673,0.013039474,0.025003577,0.0060751108,0.1552094,0.31056836,0.0800138,0.3286139,0.016601035,0.013807579,1.0014398,0.6598475,0.055210546,0.03172883,0.0337312,2.2916777e-07,0.03901372,0.013493012,0.35926083,0.29500747,0.0029634808,0.28423935,0.27413216,0.17104895,0.096908234,0.06624264,0.009404856,0.0027044464,0.030998575,0.26525617,0.04482838,0.4538731,0.011399087,0.19275711,0.23995523,0.068978205,0.0057326662,0.17186233,0.04579896,0.5450982,0.17212436,0.36149424,0.057485335,0.12082855,0.035232376,0.0028307987,0.007924448,0.19651791,0.17931756,0.0030413363,0.22245215,0.07085199,0.012507858,0.007689684,0.00052889297,0.40046108,0.0019600573,0.062654145,0.115848795,0.121157326,0.016879398,0.028223693,0.2890202,0.060307086,0.13122642,0.040542215,0.16652587,0.11224484,0.14235558,0.0017271625,0.06185113,0.28317675,0.007462401,0.115315266,0.14164533,0.21872057,0.23667024,0.021717805,0.0062003024,0.023380382,0.0010516808,0.058229856,0.0068163974,0.02996658,0.100859925,0.17218864,0.09455493,0.00804221,0.24783914,0.050721675,0.033329215,0.48869583,0.21885175,0.0029393486,0.13013417,0.077538826,0.032434903,0.02987557,0.049637444,0.115370914,0.0036437379,0.035708096,0.21611805,0.011027892,0.044276506,0.014715074,0.49208945,1.1129212,0.5687822,0.058375735,0.16417931,0.0004242086,0.043762773
165436,1.7154669,3.4592307,0.3731519,0.30956763,7.896374,2.2393532,0.11225398,1.8804368,0.00094869325,2.9392166,0.08736835,0.00089517835,0.031603847,1.1086942,0.5117361,0.0009801682,0.42913708,2.6134384,0.22893858,1.4712107,3.915911,1.9115906,3.5989738,0.35102585,0.022303982,0.040751386,2.2477446,7.0686994,0.4665204,1.9971832,0.19450554,0.17855988,2.250921,0.057760693,0.19439936,2.5224144,2.220245,1.2685447,0.36431068,0.20359801,0.8972613,0.17093454,11.154564,0.23648484,1.034309,1.686272,4.3487973,0.15894386,0.4767116,0.47625333,14.727148,4.230916,0.29686996,1.1223305,1.797913,0.19138943,3.348809,0.09178233,3.0649867,11.215796,0.76688313,0.2784437,6.722976,4.845064,2.0812204,2.1274571,0.2213823,0.0042016623,1.8260983,1.4366326,0.01683659,1.2060457,0.5412945,0.94490474,0.080590285,0.42324618,0.096730635,0.25406256,2.602694,8.800271,0.04477864,0.62318027,1.2508417,1.6883802,2.182217,0.21965007,0.6022954,1.7352289,2.6081038,0.8396449,0.4439916,0.5792029,0.073896386,6.969524,0.6816396,1.6745049,4.847195,1.5959514,3.1536133,1.8813723,0.055565722,0.9830153,1.9357567,0.39147198,0.60020447,0.2837157,4.236544,4.433846,0.0029918505,0.24128069,0.745094,0.88271284,3.6987674,0.30603677,10.921846,0.24622174
165638,0.4901128,0.010569803,0.7979523,0.3399642,0.699314,1.5780284,0.15650569,1.0201852,2.9131215,0.22153871,5.073346,2.3283367,1.7390755,6.2583904,4.498627,4.7249928,0.14772992,0.069917575,0.63728625,3.9727628,0.1361693,3.027904,2.4706807,0.89420563,0.9594142,8.1750765,0.6671478,5.603765,2.0565424,0.11054042,2.8295584,0.18383282,0.04292371,0.55947316,2.2263966,2.636119,0.0020544783,0.548364,2.730653,0.2651792,0.2860551,0.39475393,0.07269555,0.41284552,1.4529219,0.14508614,0.22822747,1.3717631,0.052446585,0.0023979193,1.1820219,6.9351945,0.09046319,0.12910978,0.018725116,0.32737246,0.39589757,0.8865666,0.024737494,1.4552779,0.005505017,0.015640516,1.6295149,0.72427404,0.655068,3.7008898,0.037853986,0.0065685483,0.09623971,0.34534395,0.0060176444,0.89363444,1.9215014,5.019122,0.59053725,2.279357,2.2005205,4.535628,1.4993943,0.04637085,0.24856886,0.65194905,0.05657915,0.82126725,0.0035092414,0.80979925,0.43486446,5.1115675,0.020284846,2.056036,1.352234,1.0747491,0.5295054,1.2540387,0.48339814,0.8931497,1.3439403,4.895271,0.1660178,2.7115324,0.9582701,1.6032934,2.5517554,0.33108297,0.43253723,2.0476596,2.630655,1.1969695,7.060805,1.8596147,2.2846441,0.14116831,0.0023767818,0.67644817,0.822553,2.7205415
165840,1261.3271,1241.4066,1010.75116,84.79415,1794.9893,612.74603,562.97784,1060.5492,119.79156,2795.389,1.9172477,68.11637,308.14383,990.8935,14.640485,745.19977,1.8903818,631.18567,24.405632,135.64435,1321.7471,81.29116,243.62135,228.3783,1.7215987,101.593765,798.0595,1457.8546,2.6581864,106.29578,2.531842,38.356377,453.49832,1.6062765,18.251144,73.888176,60.39603,0.8542936,769.54834,247.87787,227.32428,65.229294,2409.33,121.434105,370.48532,349.43726,521.7662,76.92795,13.2194605,82.58764,3043.4905,1100.1969,67.99734,62.864895,68.859924,12.562886,790.71545,16.210741,1488.4221,3229.5085,612.3712,237.2792,979.3995,1463.9354,83.47123,843.2942,109.628876,445.87228,12.463235,1056.1072,64.04917,138.91486,228.03867,408.59427,767.26746,918.23145,750.49316,697.7008,142.90219,698.5041,6.9853554,344.90207,406.21613,251.31122,797.5734,10.871856,524.7374,1430.5657,610.9504,11.007846,1541.5973,104.31755,206.92227,1069.8989,1353.6086,2023.9049,23.507408,1.8882899,601.97784,154.6941,124.95149,75.66478,45.872597,651.4559,430.38443,91.69178,199.2519,6.3685513,785.044,579.71246,13.192245,65.591125,1102.5874,591.35126,4514.642,412.20126
165941,2.0062773,3.4579768,0.33477113,0.29945207,5.8916993,3.1081355,0.030968992,1.8403343,0.14961141,7.2080827,0.014147828,0.7956969,0.17834845,1.3538922,4.5672665,0.004665852,0.09745549,0.38018325,0.0018016947,0.2868234,9.957659,1.0605955,1.0357624,0.2926053,1.0671571,0.0033774509,0.2663857,3.3961298,0.06333557,0.030254316,1.9062133,0.9798942,1.1114066,0.23636596,0.29887268,7.140303e-05,0.010084056,0.012050278,5.4618926,1.9982262,0.010957716,3.0939226,10.513641,2.9270105,1.1526256,3.998501,1.5838609,2.5189047,0.113490365,6.7535666e-06,15.931596,3.2660441,2.4348295,0.0008172633,0.010727013,1.4496863,6.6034474,0.041621007,7.9676113,22.172903,1.0781405,0.011074953,4.2254977,2.6458008,3.638274,0.6444544,0.8926671,1.1828053,1.9607146,1.5826108,0.15551835,1.2494379,1.2955846,3.6113346,4.700532,7.2654715,2.1223547,4.714447,0.14899547,2.9122286,0.18891373,0.009694434,0.00029962865,0.1512363,1.752061,3.9396644,5.588468,1.8183442,9.065307,0.21482398,5.7395635,1.33293,1.588547,1.9514433,2.8004923,12.937649,1.5320996,0.056146283,1.4663999,0.113857396,1.2025526,0.15534352,0.050856967,12.165594,0.09931938,0.953171,0.10977574,0.0018121335,9.609791,0.005777609,0.0022555492,1.120628,1.293821,6.5836363,11.961964,4.0104437
166438,6.598879,0.98304677,4.020436,13.118609,5.0072384,36.946552,71.77792,50.53594,15.999054,30.379606,59.91299,88.24994,4.6868668,322.31348,94.514786,173.0219,3.081614,0.45632565,4.4578605,150.5271,18.734896,80.58494,51.42666,95.6256,15.294052,209.11041,23.098515,161.45699,123.30998,1.4981068,153.93472,16.295238,3.5784822,52.013733,179.6592,232.11613,17.36797,83.03094,127.28926,29.687828,3.194057,2.0679817,0.0031358446,11.24679,63.49782,28.379293,7.5365963,47.743248,1.9497964,17.790764,63.90187,258.1291,17.531855,8.240743,12.6614685,11.055658,4.9381704,49.118874,1.2707803,74.07996,3.2425907,1.7778895,202.86594,8.552411,69.9469,163.26358,5.174805,2.441656,60.397556,4.2944922,16.166899,10.887421,128.30014,214.78574,48.18414,105.326126,175.2349,179.03786,103.41765,32.935326,35.028206,0.5071695,34.42788,42.74943,22.792252,88.01972,13.29983,64.661705,14.264754,85.441864,31.333782,83.18715,46.343056,5.7133555,17.846264,10.115074,78.711685,239.60535,1.2390798,85.62458,32.824787,47.948772,70.227615,2.4239733,0.62996334,27.763563,42.307655,62.131004,393.16354,46.96047,36.338795,4.3416595,24.678095,0.49392605,67.344154,67.323586
166640,0.026595002,0.20262666,0.0112125985,0.00088112964,0.08014676,0.65154135,3.4556157e-05,0.124853306,0.0018457808,0.31781006,0.0013775658,0.39661902,0.008348147,0.025159435,0.8284287,0.36650363,0.08716232,0.016766708,0.012993355,0.055085193,1.0695269,0.19178696,0.06557619,0.07127154,0.20065932,0.19180074,0.009243202,0.11644762,0.027025277,0.03140291,0.27198648,0.08772189,0.36290106,0.057880152,0.0015550181,0.030047363,0.10742473,0.12267198,0.29435867,0.14342499,0.056731835,0.11930757,1.2825394,0.3399964,0.00070288125,0.8940947,0.121124946,0.06886704,0.039119057,0.04809329,1.3742808,0.15207739,0.14327307,0.0122053195,0.0062483475,0.20772924,0.74398226,0.018598322,0.45058808,2.2620764,0.00014934358,0.20924264,0.4557331,0.26076722,0.5946942,0.10762745,0.42611682,0.09696888,0.0030394227,0.41133368,0.015560158,7.607029e-05,0.48698962,0.14710909,0.5991047,0.27378705,0.00049100985,0.40944162,0.10372264,0.21020445,0.07304413,0.061847314,0.053777322,0.046602286,0.25937822,0.5919908,0.15324359,0.0025489896,0.35208905,0.049699783,0.80143666,0.017187944,0.2801143,0.5295209,0.016267817,0.073680826,0.43173996,0.0014928118,0.10966699,0.001681118,0.0047714035,0.103632815,0.039257627,0.34482056,0.022020351,0.026841259,2.7246491e-05,0.011293075,0.20723379,0.21723074,0.00051424385,0.21790744,0.10681342,0.7823367,0.7213383,0.00013561896
167036,0.20240237,0.8309445,0.30077425,0.096254945,2.6395085,0.54021746,0.3713816,0.19177996,0.020355556,0.83997023,0.15605532,0.028670883,0.07435018,0.65168023,0.5048363,0.034124587,0.00084532076,0.542491,0.5479883,0.27304795,0.82665867,1.0691391,2.7074904,0.10439531,0.018319273,0.07148483,1.7160927,1.7821137,0.4850273,0.34080347,0.05346043,0.24031764,1.6117696,0.007641884,0.13850653,1.0786766,2.057225,0.4604551,0.048324853,0.19043772,1.2754577,0.3237482,2.0026674,0.27110365,1.1302279,0.01683683,1.4918722,0.09647555,0.044061467,0.19179359,3.9486897,0.4229293,0.25460353,0.12804262,0.13080886,0.0019223669,1.9597733,0.36092988,0.044710275,1.6025046,0.43839988,0.11695648,1.98719,0.46271548,0.43557596,0.16579808,0.13274074,0.125206,0.49687842,0.1915714,0.012270277,0.17540641,0.05777053,0.33281547,0.49398762,0.24379292,0.0010602714,0.103169106,0.7508858,0.9886994,0.057221316,0.1795788,1.1431179,0.26173434,0.5723731,0.15956159,0.008131079,1.4076059,0.672916,0.006896619,0.26183987,0.036884293,0.34080625,3.4196844,0.07576284,0.39324543,2.1310673,1.6587858,1.9033341,1.2558261,0.6936677,1.2595582,0.22095275,0.0017949662,0.6152251,0.015940951,1.4639703,0.64255774,0.70535743,0.011418343,0.38690585,2.6811762,2.500823,0.44040337,2.6886737,0.32106984
167238,37.659603,55.22715,29.358053,21.22766,68.204796,44.078854,8.8207035,55.169743,7.2489896,158.38638,1.225237,9.217642,0.2930364,48.12807,1.0981545,30.774996,0.33300856,45.07851,0.0018476391,23.96597,66.408615,25.444069,38.816875,29.175266,0.2533692,9.4091,36.356297,80.93919,3.4932432,17.891106,3.032768,0.96303004,39.671745,4.159245,4.360671,7.9951653,0.9906038,2.3224525,57.86707,5.356872,1.730406,0.4138117,118.26857,6.5607905,13.837005,8.215086,29.88663,0.9489393,0.78473574,6.3196154,152.73082,37.961357,7.096731,0.6893537,1.6576957,0.2687411,45.891155,4.4412217,119.86939,183.69281,37.59266,14.933578,100.67429,80.81367,10.041571,22.48883,4.2079024,9.272165,2.5628586,33.69421,0.7203948,0.026546936,4.3603616,4.3733034,17.547459,17.194397,31.397848,23.492495,8.017969,34.356174,2.0892818,17.648724,37.05914,27.699982,51.914326,0.8814974,20.00131,64.329895,34.16051,0.015811257,150.32785,43.94681,39.709442,8.721102,97.98182,111.107544,0.10898151,4.6152573,7.1800504,0.15698586,22.76259,4.4081364,3.7485635,66.51083,45.183765,13.89876,46.50273,15.507319,37.320217,26.514137,15.150754,0.1509042,16.008337,57.707073,283.531,0.49193987
167440,0.09425576,0.6386017,0.7547247,0.2854469,1.4299495,0.44990712,0.5271257,0.037121587,0.00025336997,0.85051596,0.44193614,0.042631738,0.0147874085,0.058673255,0.047826324,0.046950012,0.0050979923,0.38693982,0.7026921,0.7793993,0.9956832,1.3298296,3.9444728,0.18604055,0.24799952,0.49801716,2.3796542,1.6101557,0.59102654,0.44175473,0.006591795,0.124087185,2.0642319,0.17342894,0.46174154,1.9959946,2.7260861,1.0607948,0.30560833,0.16725163,1.2979085,0.40868747,3.3132937,0.111091785,1.0291626,0.017692603,1.7172054,0.04903212,0.1836221,0.123999104,2.8053253,1.0546591,0.0015420615,5.2108175e-05,0.2233039,0.016635744,1.651292,0.21554804,0.06488378,0.8277511,0.18663107,0.09732342,2.071494,0.1726249,0.19211584,0.19854395,2.2156526e-06,0.04955858,1.1644777,0.018807292,0.9433539,0.005495354,0.095021084,0.30111876,0.20736328,0.28098634,0.051485144,0.0005328566,0.39677608,0.2370417,0.11477806,0.0019635507,1.2721622,0.24335244,0.2832478,0.1016232,0.09197899,0.5200082,0.12965916,0.0052483003,0.0016306167,0.13887498,0.23445356,2.9481611,1.1768565,0.296165,0.6228936,0.27127802,1.0143371,0.6534428,0.19377339,0.5890929,0.054341596,0.028144512,0.05462461,0.7962324,0.2890406,0.053874705,0.0613489,0.2879109,0.16361532,1.4035251,2.0415676,0.12044578,0.74331814,0.36103982
167743,0.0026159347,0.0807513,0.009078294,8.986005e-06,8.9837056e-05,0.0035877977,0.0576073,0.01733374,0.022608116,0.0092113,0.0021166254,0.03889628,0.06474745,0.0075777555,0.26196265,0.027689956,0.0006304406,0.05425014,0.07480088,0.044025782,0.021747654,0.0043721106,0.04033432,0.0142249055,0.02739428,0.021936351,0.06577394,0.05645777,0.014731253,4.3315813e-06,0.039057896,0.009670792,0.0010277842,3.7758833e-05,0.27543774,0.000106801104,0.009298096,0.0014880784,0.010656728,0.014820609,6.901582e-05,0.037871294,0.028592316,0.061647378,0.010205476,0.11532213,0.025497809,0.16945675,0.050836127,0.1657531,0.002358296,0.0054090614,0.008648489,0.03029468,0.018721193,0.010844392,0.0007948434,0.11744767,0.26593173,0.13383645,0.0011009203,0.05922454,0.00041834862,0.0777026,0.023622809,0.04584843,0.023811946,0.0012356308,7.5921685e-07,0.05814596,0.0073067346,0.007423495,0.009032753,0.06200781,0.26235092,0.41953176,0.01930488,0.032395165,0.000111504916,0.0012804844,0.00038164438,0.00015917646,0.0003364493,0.09710777,0.0068585994,7.668601e-05,0.4532131,0.18111882,0.0007053264,0.013511328,0.035455976,0.002103877,0.0019499195,0.0030888969,0.15472284,0.021159152,0.0033781782,0.01302775,0.00023526076,0.0016621293,0.05447614,0.0060475324,0.028417336,0.018969644,0.0042504105,0.06580497,0.4590376,0.16017555,0.04679112,0.4699004,0.14552148,0.111174904,0.01059544,0.07843951,0.004567602,0.008633019
168139,13.458803,22.63959,9.912256,7.956497,30.212057,19.268135,5.0573545,18.845917,3.426761,45.544437,0.7025986,3.8463144,0.19453153,16.805742,0.06596577,11.690005,0.59251845,17.108513,0.100611344,9.99883,9.939586,17.635303,16.063154,11.6028805,0.36230317,5.9519506,17.196428,35.65305,3.6685631,9.0277815,1.00628,1.1189551,17.227627,3.5133362,4.592946,6.1274385,2.6580064,3.696435,11.946838,1.445477,0.9740945,0.9096722,14.125316,3.7627547,2.9251204,1.6304357,8.596218,0.86872095,0.22325605,3.0471725,52.25183,13.283585,0.26265106,0.074860536,2.150442,0.55434513,21.781395,4.0994573,27.844042,47.55581,15.75397,6.406459,44.55233,29.289106,9.342689,9.247353,1.2112333,0.35999453,4.907133,7.359941,0.378958,0.91995215,0.0077693444,0.0069178827,0.10457092,0.774758,3.4304543,2.8307803,5.4089174,13.170767,2.4798903,7.1744323,9.929559,11.842458,19.700083,0.5695103,5.634842,23.648819,7.1628957,0.025746481,43.649437,16.280674,11.856911,1.919914,12.24125,20.76815,0.3362029,0.26322687,1.2336903,0.05056719,8.118498,1.107392,1.6994319,25.36638,30.887903,16.772898,10.931643,1.8238454,8.086304,7.0398936,9.266349,2.2299228,2.284171,22.92606,110.90955,0.16931207
168240,0.036874175,0.0076647312,2.6941175,1.3910884,2.1029844,4.181535,0.15348817,2.9499066,3.3620687,0.41693285,6.8369555,6.160548,2.560126,10.911119,6.6207337,9.383462,0.44590098,0.023624184,0.6466472,11.0972805,0.43674445,8.749209,6.980004,2.9000764,1.5268782,16.051517,0.981844,12.113436,3.9332027,0.1450657,7.043497,0.3299081,0.11506464,2.8815243,8.733434,7.274124,0.21802934,4.9869375,5.252731,0.32554534,1.1558738,0.0027039985,1.8315032,1.4208789,1.3935297,0.82958114,1.0937126,3.5505617,0.3784909,0.34082106,3.5101795,12.5072775,0.25576666,0.0024241419,0.029109556,0.66638476,0.24303608,2.4088082,0.223684,5.2630568,0.012456316,0.0031033524,10.318462,0.92234993,2.2131045,8.422765,0.18425336,0.26742777,0.9282822,0.027340757,0.97644347,2.5233634,6.9296756,12.662951,2.1555653,8.494934,8.1871605,9.237095,5.1069026,0.025505658,0.9547757,0.49693868,8.130612e-07,2.0074372,0.5209913,2.0687284,0.6770984,5.2553563,0.00092848565,3.1012938,0.21613427,5.3527627,3.5073152,1.2150398,1.5298401,2.3484752,2.2163274,8.023976,0.019933898,7.853178,2.8889995,1.9767677,3.90361,0.3798458,0.058899816,1.4251965,2.130979,7.6184464,16.755424,5.855558,6.6660433,0.15639949,0.024900751,0.34328726,1.7154609,4.5345087
168341,46.009335,67.49541,32.008232,9.386107,87.22235,50.361374,7.202213,61.59871,4.2043467,209.98268,0.09457583,5.2286077,0.42263433,58.384747,4.7546053,37.256092,0.023706064,56.402824,1.0105158,24.532007,98.6947,18.141605,30.714306,28.479801,0.7251272,6.866807,34.60288,94.99657,0.7342547,16.469318,0.51499665,0.009221566,41.69692,2.4122865,0.8307628,4.4846296,0.26032668,0.5968598,94.78968,11.466172,0.25094694,1.6167183,156.75928,11.586948,14.748249,16.205149,29.62234,4.8768864,0.07124653,8.398633,198.57036,49.6278,12.071578,2.2999005,1.3884839,0.23143406,48.577633,0.8929645,166.48569,299.6254,43.625187,16.629831,98.758415,107.34024,13.239679,33.335476,8.781066,19.385656,1.5376604,59.746014,1.4974375,1.1971388,10.191479,13.63001,37.757126,38.56578,48.067024,42.19851,10.292264,55.17065,1.239032,23.208643,21.775854,30.752504,55.965595,2.7147544e-06,49.059364,87.544975,68.39941,0.27291524,189.25237,60.448322,44.685547,20.174677,117.9793,150.24365,0.23741359,4.443603,11.085979,0.11102024,33.698494,2.985168,1.9281672,101.54227,52.115376,17.677906,51.90439,7.399138,39.49849,24.231941,6.595588,0.15386479,21.99961,85.051796,356.66925,5.1352596
168745,1.8618051,2.695249,1.4085768,0.4924062,5.250125,2.7202756,0.63806677,2.0793936,0.537315,4.6119,0.37202424,0.02819047,0.030202558,1.2043369,0.0019777303,0.39038825,0.10395596,1.7972193,0.8406293,1.8705475,1.2483966,1.9127345,4.497661,1.1863084,0.082837835,0.8863324,1.9853792,6.0776668,1.428518,0.8949417,0.053892676,0.00015214934,2.9118915,0.20036823,0.0038793553,0.10513494,2.590791,1.157164,0.65784115,0.011128768,1.36453,0.002968712,7.8680387,0.09109546,2.2525525,0.1077622,3.1242282,0.003475237,1.0363826,0.1645281,8.094103,2.1618707,0.030974763,0.63383144,0.93548906,0.36791027,3.6189313,0.36950395,1.4105005,7.9728074,1.9602132,0.27364567,7.579572,2.5744479,0.829343,0.95618194,0.1091698,0.009174411,0.9537153,1.0103543,0.009708796,0.16761577,0.028697856,0.18478979,0.19261736,1.3181266,0.9558863,0.7501158,2.3737307,1.6798749,0.5212764,1.6440438,1.5251367,3.183788,2.4061837,0.17431568,0.100505345,2.613805,0.5132232,0.5653736,1.0557561,0.0004962593,0.050017312,4.511765,0.5725322,0.61215967,1.7567127,0.6799335,1.6831276,0.91912067,3.4379882e-06,0.80498654,0.25151446,0.2429318,0.71524704,0.005684656,0.022913434,0.00015779128,0.5206785,0.1970091,0.012262329,1.0337204,2.197716,1.0539355,9.095379,1.1447259
168947,13.016099,17.739393,8.670925,5.2740445,26.566792,15.421125,4.145537,12.848062,3.182249,37.488895,0.45623878,2.7233615,0.26096457,13.4727545,0.0767087,10.285964,1.6899174,17.227373,0.23919232,6.768311,18.341764,8.317161,15.102643,8.58171,1.5393554,5.426629,10.566298,23.978445,3.369455,7.51829,1.2490652,0.6306688,13.461556,3.1741853,1.9710963,4.0341225,3.5024624,3.8866868,11.070395,0.57160044,1.5225211,0.27714682,41.519726,1.2233168,6.5878973,0.3211282,12.895239,0.3556603,1.6282665,2.1025362,51.177494,13.531221,0.87328094,1.4494182,1.5021477,1.0875381,15.950621,4.3814163,14.239759,33.078293,13.873628,5.387015,40.801422,23.047798,6.6670084,10.972492,0.17324932,0.33903247,7.180145,6.659483,0.20840417,0.019046709,0.7598539,1.256936,1.4518961,3.6868434,4.455949,3.3341966,7.570202,20.91444,2.5666683,6.7487855,16.463444,12.07122,16.615345,0.8443964,3.342824,14.5867605,5.6902733,0.04052169,26.531538,4.502084,3.7596586,6.0464587,12.517361,18.397215,1.9247726,0.12789541,3.7655659,0.6564685,2.3225496,0.017092664,0.070983514,11.089905,13.756476,5.171506,2.8522637,0.17758746,2.8516488,6.2729654,1.4768184,0.19548586,6.926105,9.711662,66.18011,0.31357142
169040,0.14762071,2.627609,1.5887979,2.6231809,0.89392364,2.5364735,0.12934934,1.5169324,0.11990082,6.8255334,0.015872408,0.013796085,0.003264434,0.9218569,0.19521104,2.5056012e-05,0.082362056,0.7029502,0.044087924,0.3574123,1.7014985,2.3382776,2.2786357,0.9132997,0.046067525,0.29552865,0.9663376,2.3027754,0.47164562,0.21032558,0.028238857,0.2338469,2.1503172,0.12300067,0.4607186,0.1011156,0.7310448,0.5044781,2.7097795,0.36539185,0.19601329,0.079446465,4.9900656,0.56053746,0.35483685,0.9268295,1.6333513,0.05379087,1.1429598,0.0061462075,4.352083,0.06333323,1.0072055,0.29325294,0.40442386,1.1688424,2.946746,0.08640497,6.1684117,10.416659,0.7443609,4.0300307e-05,3.6512403,1.1080557,0.28876954,0.0865002,1.6169378,0.688274,0.68405384,1.0863878,0.016661199,0.035758507,0.06914045,0.28112817,0.0032413038,0.25441828,0.024924234,0.13778304,0.17132042,0.0034213078,0.09306009,0.03109827,0.050178498,0.018139482,1.7123973,0.39571428,1.3523026,0.6887489,1.3327781,0.53516644,7.2316256,1.932893,1.4836502,0.057103503,1.063315,2.312042,1.6075897,0.09515489,0.1647506,0.12788844,1.0636543,2.1186707,0.41884607,4.0244665,13.2159605,8.084429,2.3152876,0.06172965,0.26468796,8.9507994e-05,0.4498074,2.3618507,0.0032867165,1.9101955,31.196592,0.23430137
169141,7.9286313,9.849214,5.473811,3.8032744,14.036295,8.3423605,2.5166392,9.482361,1.6131985,22.199902,0.6025635,1.5364963,0.40801513,6.9097443,0.09981749,4.9533334,0.2688417,6.3661823,0.099700436,3.7076886,5.288891,8.420937,8.603466,4.8589716,0.5762098,2.4433434,8.270536,15.550892,2.3837562,3.6209676,0.3797941,0.2677171,8.252324,1.0197359,1.3475221,2.8130116,3.280281,1.8118362,4.032977,0.3471047,0.92709786,0.037748527,19.19841,1.3600962,2.7572913,1.2521265,7.1287208,0.5900384,0.5142453,0.43290868,30.885365,6.0732827,0.79319185,0.0048303246,1.8664953,0.06829291,13.726056,2.2164536,10.362407,21.30853,7.191924,1.7606093,21.526289,11.9523115,4.6230254,4.5685244,0.8136753,0.118308306,3.069356,4.8798976,0.20588383,0.019680675,0.06543303,0.26848748,0.12853286,0.826373,1.8508074,1.8150752,4.4294553,6.86974,1.3985248,2.101598,11.26594,8.158685,10.259981,0.046135847,2.7368236,8.339001,3.945778,0.025160115,16.23624,5.899831,4.6395345,1.7146944,7.4837265,10.814134,2.314404,0.00015590493,2.0211577,0.065058686,2.372018,0.72582287,0.16608246,11.824044,6.5195646,0.47331673,3.4303398,0.10240263,3.3694637,0.8566773,0.23803677,1.9595613,3.4485247,7.1232285,48.795197,0.44897494
169343,2.0971835,0.12670515,8.030916,7.469972,3.3130429,13.210376,16.523275,19.410994,9.1176195,14.518479,23.14709,34.56587,5.5806265,128.21422,42.89858,69.809395,4.819742,0.6216332,3.588618,66.60452,9.664655,40.658722,31.189377,31.965357,7.9543467,88.14395,10.662594,64.54096,39.740494,0.4440263,64.44707,4.653332,0.39056697,23.416698,73.132385,82.1999,1.166095,38.680653,54.3979,4.3043876,2.3387153,2.1629102,2.9112325,5.802628,17.767971,11.805894,4.1448164,22.413168,3.6403735,5.5002294,27.100777,120.51493,7.9326086,0.26257122,3.9177995,1.2322088,1.7130623,15.481412,0.24911639,31.590803,1.2821547,2.7795904,74.5408,8.705755,17.739248,69.9277,1.0576224,0.12231375,16.228222,0.102177836,11.436126,6.4315004,47.122677,70.58093,22.268955,48.30525,80.14896,76.50581,36.40574,2.624776,8.877907,4.332204,9.838312,11.537658,6.2904058,38.46472,3.5094242,38.28592,6.218641,25.592083,20.529041,19.966816,11.6373005,16.126038,9.685797,13.057738,23.480621,82.86523,0.93678534,36.643074,31.759768,45.189503,39.333725,0.19202282,4.1402626,0.6133743,14.9776535,38.86774,135.7071,37.21186,27.674967,0.35143328,6.1506367,7.282513,5.4336457,14.049121
169444,0.00786364,0.34078097,2.743585,1.7449824,2.3615785,5.399032,0.41979796,5.877623,4.0116453,0.6237434,8.325528,8.75891,4.9954834,14.633925,14.871786,17.330038,0.008278563,0.7545919,2.7958837,25.40595,2.086217,9.053803,11.634303,6.4559026,3.6259534,24.127815,2.7469933,15.183367,10.424551,0.05611818,16.881775,2.614108,0.70629084,9.124066,21.236162,20.40065,1.0862486,9.415154,15.011628,1.7690159,2.4513028,0.20177317,3.478845,6.3806834,0.8168968,4.304704,3.9096763,7.4234,3.5546744,1.045826,10.508821,12.764832,0.08267415,0.32932,0.5126697,2.0052369,0.010944405,5.597175,0.06879808,2.160056,1.1600178,0.25165707,21.918804,0.4370593,10.04904,13.008113,0.96341693,1.2588663,5.5266643,0.47040433,3.8866858,4.038414,13.158907,17.55789,6.441025,14.627988,17.739143,16.30181,13.498173,0.93668026,4.407611,0.2700925,1.3386878,2.1188867,1.4055734,2.5786362,1.5517534,7.1248627,0.007308039,4.4790106,1.5668058,2.758744,4.1094284,4.021156,1.555808,5.928407,8.559764,21.565128,0.093017444,11.94316,3.5693657,7.1192317,3.5188842,0.86304504,1.156066,5.9246926,6.3122134,8.370338,25.55835,16.441774,13.468253,0.022469873,2.2741923,0.00065753853,6.7439938,14.344956
169545,0.32181573,0.009632021,1.1109374,1.2796441,4.8357515,7.8596973,9.1829195,6.3649793,4.5566,2.1615677,15.782595,15.170175,1.7376908,44.193954,20.182623,24.12033,0.2985469,1.1722832,1.7201697,34.283722,4.471663,16.287508,13.47433,19.322903,5.1430135,37.364662,4.982228,29.371874,21.534887,0.3542656,20.780447,5.019366,0.026900508,13.22402,35.469368,32.821545,0.72007424,20.014585,30.25906,8.303411,2.180632,1.186952,0.3872471,4.072901,9.805989,7.19097,3.5778186,9.301416,4.07215,4.6808357,13.422229,30.708963,0.036199704,5.1987653,0.0056310347,5.0930114,0.56373715,11.938995,1.4485162,25.52693,0.013289431,0.06788113,46.593174,0.1772932,21.284094,18.143305,0.39156643,0.84548503,21.085798,2.8771045,3.5616755,4.370458,31.233192,52.737637,14.272409,31.950354,33.11058,34.96641,20.497644,8.056268,9.813196,0.0962613,1.4136919,8.565445,5.6171346,5.376099,5.3006225,8.261663,0.12303449,13.321006,1.959504,17.497494,9.922299,1.1339613,1.8028253,2.4167452,11.383905,31.009993,0.021496736,17.761187,0.59348136,2.4075587,4.7393885,2.027774,0.6711488,10.949423,3.1929955,10.958995,63.46901,11.595157,7.1381845,3.0970225,3.9677722,0.013214558,12.805217,12.710986
169747,0.0082327025,0.685031,8.65137,5.6579213,4.260693,7.7602987,0.5684706,10.819516,6.3464866,0.8120554,12.796209,12.969826,7.748639,19.37888,19.259943,29.206852,0.052781247,0.43814653,3.5093546,32.487335,2.2925982,14.041305,15.17289,12.308906,7.072742,36.270638,5.4730873,25.623959,16.13772,0.009481039,25.712648,2.888606,0.27169964,8.127944,26.701385,33.487965,0.190582,10.190544,16.654665,3.1502466,0.8210808,0.5290708,1.3144958,5.5713563,1.4308357,3.556877,4.4947,10.187255,1.4916759,1.3381069,10.321741,23.161745,0.14724244,0.14298163,0.21460728,1.2855572,0.032581702,7.41672,2.4537241,10.076233,0.9037109,0.04960854,22.33003,0.8042453,11.607567,12.717937,1.0575777,0.36580718,4.708474,0.47787127,5.5087385,5.685372,19.490128,25.548265,9.1512575,18.963587,22.829178,20.599733,13.670729,0.7123969,5.9485426,0.30642936,5.8941536,5.670325,1.9349792,4.4301057,2.818581,6.1613674,0.022118585,9.928564,0.17935735,12.89845,7.0647244,2.6498406,1.4474651,5.1177135,11.410902,30.172583,0.023567544,16.833143,4.1515994,7.965466,7.8498654,0.8702782,0.25737193,3.6924736,7.511495,16.318275,39.04667,11.111104,13.050502,2.7165375,3.963621,0.13702786,6.0016804,8.633057
169949,0.38359672,1.5285827,12.298329,8.548029,5.1285377,15.305003,6.416044,23.83443,8.067366,7.686422,31.714188,32.452236,10.42148,84.57659,43.963345,66.888336,0.34471443,0.0077258046,7.239309,73.339386,8.078201,37.370346,26.000044,34.51411,7.8615665,76.55287,11.89388,59.945137,53.667877,0.4751141,70.09241,7.6014667,0.10238424,21.615587,76.116745,97.45406,0.44766966,26.141125,45.63466,12.897956,2.7811248,2.8464115,0.82700247,11.904735,6.4812393,8.117082,10.185045,25.614748,3.504898,7.6985335,26.992466,67.90228,2.6844993,1.6218368,0.36447585,3.1278675,0.048527054,19.74688,2.3533976,19.568703,1.1043609,0.0074803974,73.23085,1.6854703,29.769323,42.847393,0.29763356,0.18734114,14.096617,2.3001301,9.080094,6.285091,59.287685,80.4908,28.011116,47.26615,69.46143,55.213585,35.973804,6.2945037,15.710503,0.12231094,10.722241,13.559386,5.901827,21.717564,4.428005,22.394773,1.5760188,25.237833,6.367056,19.443384,16.918964,9.040775,3.177533,9.28497,33.1617,90.316345,0.020688578,32.447937,13.756269,26.418442,22.158276,1.2661633,0.25477523,14.053825,23.524933,19.024649,133.61275,23.139412,18.267782,0.9144712,14.899512,0.038556345,23.728664,35.267624
170631,0.06904466,0.009730895,3.5787022,1.7631251,1.3516904,3.1368504,0.15848462,2.6375031,2.6324334,0.28258082,6.1934657,4.9324036,1.5968564,7.298911,9.342133,9.895568,0.07592079,0.1496202,2.0436144,11.482973,0.84852594,7.2474256,4.863785,1.792611,1.2843617,13.339847,0.92572296,7.532263,4.2852087,0.052793816,5.8324275,0.3400755,0.14069115,2.584741,8.393998,4.6673503,0.7183128,1.8780274,5.138035,1.2583067,1.171857,0.0013888404,1.4624711,2.725761,2.0701342,0.9132607,1.4691269,4.1638927,1.3235236,0.69149446,4.6917768,8.676874,0.16937605,0.06733697,0.15346903,1.5847164,0.19108686,2.7536814,0.84422344,8.656995,0.20066369,0.12752154,6.562287,0.25758892,3.4367125,4.1212573,0.7530726,0.6413742,0.9440224,0.03982973,0.795795,1.8431654,5.1917353,8.334139,2.0758083,7.4104166,7.342733,8.846623,5.081337,6.713971e-06,1.4144219,0.55806774,0.1103032,2.2659304,0.9289469,0.7249451,0.017460156,2.0004528,0.24234231,3.7976184,0.34180716,3.9810443,3.09902,1.2646328,0.82036716,8.406698,3.24176,8.496715,0.05655027,6.125483,1.2650318,2.571189,1.8196459,0.36656332,0.046553694,2.0699239,4.8514743,5.261541,16.884064,11.733223,2.3067503,0.21362835,0.42376876,0.33971667,0.925825,7.7077923
170934,0.13407889,0.6156256,0.41996813,0.48318747,1.0377878,0.2740345,0.85325426,0.5867773,0.06471094,0.70565575,0.94362056,0.0013020075,0.015588603,0.7404285,0.048575047,0.0015449839,0.0015663584,1.3317981,0.06284741,0.28850934,1.078427,0.47092617,1.462293,0.027962267,0.014592674,0.03176293,0.612492,0.6599734,0.56268126,0.3307246,0.15170795,0.14603849,1.1691538,0.2164776,0.76787764,1.2730619,1.963092,1.0464797,0.017087754,0.034608945,0.69786954,0.1760243,1.8655634,0.25235608,1.1558009,0.19922613,1.6535195,0.6249293,0.43998623,0.24151286,2.7316425,1.0967771,0.0012502606,0.02919218,0.31780913,0.10927344,1.2083093,0.050838873,0.26885414,1.0168133,0.6765266,0.52832586,1.8567563,0.43800104,0.06500764,0.59765154,0.029046386,0.003247116,0.10670561,0.007380235,0.24644959,0.00050122704,0.0023424951,0.028315311,0.3171293,0.16372105,0.2384307,0.013660669,0.3483928,1.1041896,0.0039608884,0.45256457,1.242418,0.83120453,0.67504513,0.061254952,0.019439058,0.44170347,0.024259781,0.11293002,0.031874016,0.05878236,0.28664368,1.5645823,0.5546808,0.04058366,0.658731,0.1554054,0.5837107,0.16830233,0.24888684,0.018716015,0.1701447,0.010901894,0.57019097,0.23955481,0.15175977,0.030358553,0.1835151,0.022258138,0.10141115,0.33652493,1.994694,0.09951209,0.6927344,1.0323249
171128,180.83376,203.53328,112.45056,8.238133,310.2541,118.493256,40.584713,167.54636,9.324833,520.9241,0.026913786,9.3414345,13.630962,147.45547,14.367837,90.49291,0.18675795,126.86835,3.6500614,39.35548,275.00418,31.466093,47.78535,48.610886,2.2690923,15.581934,111.56264,257.80548,0.0065902467,20.65388,0.041884664,4.496014,93.54618,1.4984019,0.32024682,15.109137,2.3343363,1.3368958,220.17332,47.036636,12.24867,13.460317,456.44366,33.68433,57.23018,67.78029,91.50635,21.037317,2.4815855,17.485971,593.70435,182.14046,39.16748,9.33888,7.2269883,1.3231949,142.33899,0.79419696,391.09164,753.1925,108.60544,33.813755,217.92506,257.17236,27.057274,128.01521,20.91262,68.48941,0.85058933,173.62576,9.070598,17.801311,45.760654,71.440765,155.08351,172.97386,135.52562,122.13794,19.159897,157.91777,0.52068585,52.906403,50.525246,41.3454,145.19876,0.35165924,128.36838,217.347,185.85922,0.20387873,412.88385,55.776684,78.694916,131.96915,262.11993,407.7103,0.8191868,0.8955616,75.80766,9.496437,48.3794,1.3126978,1.1994679,210.77766,94.286064,25.660027,68.27967,3.0979278,188.78728,83.261375,1.5042549,3.487076,131.91797,169.04066,901.2501,52.879833
171330,0.03261104,0.036582183,0.3565448,0.40250677,0.12733777,0.0102598425,0.09928069,0.14781186,0.013092332,0.12087805,0.052969318,0.13012174,0.031511564,0.009377113,0.0044163154,0.02821184,0.013387154,0.0063069635,0.090444155,0.0019042639,0.033132304,0.19245718,0.37909567,0.009023624,0.009265095,0.036997363,0.3415945,0.112358645,0.17331655,0.017683392,0.0011392958,0.056484763,0.18208885,0.008580753,0.05012719,0.0011318399,0.60731244,0.054415915,3.2377215e-05,0.018260967,0.71081734,0.00076633965,0.238152,2.1844768e-05,0.3202429,0.0014821269,0.35875812,0.16610879,0.00052976806,0.022959651,0.1974153,0.056975145,0.03961552,0.09725359,0.024777316,0.014195241,0.23999739,0.11727683,0.05946061,0.0032995776,0.03856036,0.00014593825,0.12421912,0.026724868,0.023754839,0.0076560476,0.03305313,0.0021799216,2.0931827e-06,0.028593918,0.11247696,0.10300326,0.02538778,0.087313265,0.040613253,0.028658925,0.22065301,0.0072244187,0.0005363074,0.058137983,0.009136718,0.06952035,0.19258316,0.082988456,0.09487444,0.010006634,0.053853843,0.3970702,0.0006058185,0.00044754916,0.17804717,0.18230881,0.07938633,0.68544906,0.0015868633,0.10776438,0.3330979,0.00035423905,0.14034294,0.0037141447,0.008648411,0.026990307,0.0047111707,0.07282074,0.03583228,0.0013663769,0.15119684,0.27450255,0.16252105,0.7010298,0.41001725,0.75414085,0.94205457,0.018403877,0.12309872,0.023057928
171431,0.016371831,0.009205981,0.033445634,0.049347643,0.23860413,0.06882372,0.00071464275,0.004563027,0.013243461,0.022666901,1.1907685e-05,0.071360424,0.006390731,0.0024039473,0.13372768,0.29130515,0.025057167,0.0020224112,0.06784253,0.011249463,0.032438647,0.007374675,0.01855978,0.0204696,0.09695823,4.4454693e-05,0.0041829217,0.017737124,0.0059600417,0.12580042,0.006695753,0.0071882512,0.0065013706,0.011291163,0.32292628,0.076327205,0.040609397,0.030466713,0.0079750605,0.024866875,0.02237867,0.04705419,0.003123888,0.005165584,0.2740786,0.03777943,0.016313357,0.011953818,0.51451665,0.102165945,0.048272755,0.025988607,0.0010978886,0.07010967,0.01800897,0.014462912,0.0007506139,0.019979326,1.0178409,1.984308,0.0012753685,0.15515892,0.08254824,0.10038497,0.052290104,0.053520896,0.14418237,0.04604184,0.009313028,0.5191383,0.10530551,0.14091629,0.008810142,0.008164022,0.00019574637,0.0066388585,0.07621716,0.020053053,0.80470985,0.007717859,0.084495895,0.00192356,0.024570365,0.1240601,0.022058418,0.004268098,0.0072974646,0.14394772,0.005176548,0.08624375,0.2685277,0.0076932833,0.023151446,0.110381745,0.040443327,0.01661565,0.3460437,0.019058721,0.40212396,0.010893302,0.0001981202,0.723091,0.0024486617,0.20372649,0.016295083,0.0026893767,0.00036100656,0.023719905,2.5351734,0.35596848,1.3423569,0.17345135,0.4992312,0.7244642,0.83075374,1.9115177
171532,0.9785598,0.067423224,5.7218223,3.3856063,1.1672168,10.277212,11.46685,13.718525,4.496646,12.499005,14.709239,21.393179,5.6820126,94.70914,27.056276,52.57381,7.1098695,1.1297528,3.1653943,49.95536,3.9347916,24.445374,21.54802,19.696878,3.3714645,58.901836,4.1766424,40.153965,26.292603,1.438292,42.12329,2.0919223,0.28061435,13.008047,46.838436,59.20076,0.15826276,16.56829,36.990658,1.5987791,2.1829898,5.6974974,2.3166614,5.922035,11.320217,6.9763775,2.314562,16.563694,1.8398805,1.3246468,20.201637,86.807755,5.00103,0.067619644,3.0458348,0.13515069,1.5018382,8.588743,0.60189354,19.337181,0.2996037,1.9909947,49.70633,8.178944,9.856788,52.78211,1.3401893,0.23354049,6.186483,0.25776094,6.7227645,3.3785903,24.896034,42.66122,5.8172827,19.934229,40.437847,36.835358,27.073963,0.19020198,5.373549,4.462512,5.4353476,7.1532946,3.1121206,31.396437,1.5090986,32.821526,3.5135908,14.871566,9.858491,19.022547,11.272392,10.9977045,10.644335,6.6969757,17.521969,66.53112,0.38005507,30.068287,21.098461,33.43445,35.617832,0.8642508,1.0174745,1.5254143,12.317714,44.32951,78.888435,26.76757,21.739763,1.5076709,5.721623,3.345015,8.490218,6.940098
171633,2.6263485,3.236488,1.5505517,0.2711466,6.3572655,3.5345788,1.0764669,1.9950428,0.5581112,3.8264415,1.021869,0.041149598,0.27864566,1.3231152,0.2605289,0.0134861795,0.29242328,1.1778711,0.52364767,1.385679,4.7466984,3.1261318,5.1851935,0.9136312,0.0060623,0.40276116,1.8503332,5.271649,0.9211506,0.8005442,0.08177496,0.08118468,2.5180898,0.05867208,0.020995844,0.49435577,3.092866,0.8876457,0.81187,0.20453216,0.39605284,0.085366175,7.1218414,0.51233584,1.7727988,0.8002921,2.6040692,0.11507701,0.112923816,0.20440172,11.903874,3.2050362,0.34013313,0.2762952,0.51883686,0.0056535923,6.3237686,0.3413949,1.7143768,9.234247,0.6984214,0.31019992,5.701673,2.1309757,2.2742755,0.7864982,0.063751794,0.041427244,3.78233,0.75658125,0.031519786,0.65866977,0.036022216,0.35824016,0.001265566,0.90288407,0.011567537,0.31887573,0.36377,2.1959195,0.043961886,0.56130177,0.557626,0.62718856,2.4655707,0.12943769,1.0658255,0.9435982,1.3747034,0.08239261,1.2827597,0.04015766,0.0023679736,3.5738308,0.15062934,1.2831694,4.8549848,0.6730913,2.2578928,0.59996843,0.07819657,0.7805221,0.25638372,1.37201,0.47209585,0.061488647,1.2371788,1.3447236,1.224393,0.058831096,0.47469127,3.3596694,0.849714,1.9460568,8.053991,1.2491161
171734,19.383682,27.072067,18.167892,6.744974,40.709454,24.063953,6.7388034,24.741581,5.519282,72.654594,1.6172334,4.497807,1.3816768,21.793009,0.08759208,15.258242,0.66803527,24.82573,0.008986197,12.461225,27.854795,9.819848,19.507942,14.413906,0.5498335,6.384631,19.999989,48.021225,2.8587635,9.374634,1.5861572,0.50524867,19.171011,2.2738369,0.5881381,4.1344967,1.9618943,2.6764553,19.28322,1.4210534,3.1613505,0.056083117,59.34825,3.473302,7.3342023,3.2792253,17.987482,0.5885109,1.2074939,3.2614014,78.923485,22.319529,2.490513,1.1108062,2.8923028,1.7265437,23.530386,2.1172998,39.37572,78.25605,19.280607,8.342236,48.152138,37.790554,5.9902434,13.702867,1.3240507,2.7255511,3.1545563,16.439705,0.54861945,0.44244567,2.1660826,3.1203437,7.705587,10.004163,15.895962,11.158837,8.083387,26.483828,1.5912166,10.824661,20.222809,15.18387,27.111252,1.0642133,6.561422,28.758945,13.42102,0.06870212,55.21749,10.088376,6.6244664,13.541385,35.944683,41.17476,0.6604949,0.046632335,8.191895,0.7495209,3.2023163,0.020461768,0.007675409,21.127747,17.730112,5.0834813,10.812756,1.0791922,15.206488,12.594015,1.4760745,2.1181517,13.823456,20.525282,114.38753,1.7742628
172029,11.404529,21.014929,8.295704,4.5601654,21.54324,12.632907,3.9311206,15.931354,1.6275804,37.030357,0.5499403,2.4697204,0.3282869,14.221429,0.2962021,6.765272,0.24133419,17.117903,0.18822426,11.015856,14.688441,8.560064,12.380757,7.1842675,0.0045619803,2.884559,7.9357543,25.99613,2.0421798,8.045323,1.179616,0.66188776,16.973433,3.905558,1.820416,5.5631003,2.9624736,3.2977352,12.695579,0.6720496,1.3891346,0.30739468,34.53532,1.2633802,5.916529,0.33270538,11.096767,0.6112497,1.2452319,2.421608,49.09678,15.844771,2.1651173,0.39161363,1.9929628,1.3231474,15.795903,2.7274342,27.236675,49.266617,15.267283,8.121754,34.313454,26.175932,6.617343,8.179502,0.44243,0.38957554,4.559752,6.0679793,0.7146505,0.069566175,0.6067132,0.677377,3.1454184,3.5970616,5.1521378,3.4992166,9.56173,18.793127,0.9844346,8.943621,9.134295,8.760636,14.709244,0.48291853,3.5877635,17.402723,9.129717,0.078857884,31.87144,2.450759,3.6356635,13.863676,20.536924,20.01118,0.7780449,0.07718213,5.929328,1.3512955,2.388408,1.0084001,0.0030341607,12.394128,8.733747,1.8654019,6.9658747,0.093299076,15.099989,8.340512,2.250018,1.1863894,11.021851,14.606002,59.251232,2.764846
172130,9.710225,13.230741,5.8832603,1.959806,24.264017,14.05218,1.6163263,10.878297,1.7727242,33.10467,0.13730574,0.8717998,0.18447708,7.896397,0.9002372,3.0588713,0.19718254,7.574305,0.014404937,4.621304,13.565192,8.637561,7.8419747,5.970457,0.0009249597,2.5793667,8.574457,23.27322,1.0542084,3.959182,0.0023798223,0.12920305,8.148533,0.58671206,0.9767587,2.671592,0.9214939,1.0452362,14.402341,2.537674,0.14591865,0.11669137,31.17972,2.9262488,2.3162713,3.808821,6.229401,2.0455747,0.17032471,0.16233666,46.022675,8.665018,3.4209304,0.007965344,0.7136251,0.0020469178,15.688486,0.62995267,30.136961,54.63129,7.610875,1.4083387,29.30229,16.840511,7.333832,3.9740632,1.825764,1.3724574,3.3892276,9.288572,0.25525507,0.057284795,1.034377,1.8784796,2.9763923,6.086313,7.2609367,8.130122,3.20029,12.01495,0.6266134,1.9979097,4.4795203,5.982478,12.126382,0.38812235,10.438585,11.546605,12.403593,0.106595784,37.33529,12.881908,9.404674,2.2759469,22.816048,30.634048,0.85454464,1.1774882,2.02281,5.9488284e-06,6.3330626,1.5435262,0.47262618,23.442204,11.712106,2.2834666,9.057541,1.0560691,14.179055,6.4665265,2.9001992,0.5371932,3.178165,15.903927,73.66465,1.8955022
172332,8.938037,13.734755,4.314965,0.58772326,26.737944,11.864296,0.9715536,12.010357,0.49804267,29.409895,0.12417402,0.80807614,0.0001953363,10.278886,2.0763707,3.2843482,0.12705491,9.457214,6.6346925e-05,6.0666804,17.548386,9.48514,10.308473,5.835756,0.11644182,1.9410738,7.917126,23.154406,0.6440786,3.8422465,0.07988526,0.005659903,8.625478,0.57210904,0.9167425,2.5586746,1.7312539,1.0113766,16.444067,2.0344632,0.77696544,0.24933252,33.1166,3.572684,4.432039,3.0376086,8.866686,1.3993987,0.59485424,0.90131044,49.920998,12.203266,6.071591,0.5404562,1.3036395,0.095538445,14.46953,0.29570976,21.326586,51.3856,8.855249,1.3657515,24.492794,17.534925,8.476278,6.1684213,0.4547842,1.6676277,5.190714,8.829746,0.0374157,0.33676466,1.2605182,2.6218545,6.4227037,9.448711,5.743495,4.9716253,2.5163035,15.74701,0.13193302,2.473937,4.4647675,5.962524,11.441211,0.96575797,9.928711,11.077778,16.054447,0.14333126,28.204126,3.6944811,5.0693045,7.811119,14.8569,24.375483,2.142353,0.00016616429,5.6155763,0.3756948,2.8302362,0.07288956,0.0019117048,20.352348,4.3458095,0.025953086,2.771351,0.014563591,2.643996,1.3438625,1.809959,3.2525861,7.0051417,17.361639,50.46849,2.923156
172433,2.5521984,4.8751144,2.8342648,1.9890672,4.820244,3.0274985,2.137133,3.366577,0.7979967,5.8167295,0.34013125,0.83584636,0.7071001,2.292396,0.0020263428,1.4815313,0.11470012,3.731841,0.6658188,3.0445862,2.3771884,3.8008983,7.144096,1.861809,0.6219799,1.0446087,4.0107255,6.009507,1.7983139,1.9884546,0.17762114,0.00067309703,4.516679,0.9178559,1.0617054,1.7132332,3.7301276,1.7937454,0.15126559,0.07326267,1.1377596,0.10094403,6.0568023,0.11173691,1.1126409,0.19323248,3.5785327,0.24697348,0.9990382,1.0287508,10.524888,4.089837,0.008745966,0.36250332,0.8952451,0.23904741,6.319848,2.0638669,1.0659906,3.6010904,3.4913845,1.8507824,8.362711,4.672885,2.5701194,2.3346386,0.035728283,0.08741464,2.4518483,0.17650463,0.39385566,0.013430733,0.060784124,0.012954304,0.4064811,0.13543855,0.0077952463,0.015980877,0.768974,1.1510352,0.32172355,1.0204668,3.9380734,2.8490505,3.0386188,0.13637668,0.00075669447,2.9772143,0.41441983,0.083297014,3.098889,0.018924855,0.06326476,2.2819705,0.28339633,1.3692458,3.778046,1.1626523,2.055784,0.90950537,0.0042811846,0.49653924,0.03705964,0.52854,3.4997492,0.49430832,1.4531682,0.7185265,0.92533475,0.430207,0.8954826,1.53198,2.3633099,0.84562033,10.468604,3.322825e-05
172534,0.01711647,0.18069682,4.709993,2.2590663,2.1094599,2.643803,0.23643203,4.4199657,4.0546255,0.8910443,8.734694,5.9259243,4.357077,11.203234,10.178157,12.42077,0.034446545,0.0019296597,2.1498938,15.002566,0.9580622,7.3991017,7.4559283,4.824666,4.394588,16.4355,3.742663,10.736143,7.581682,0.051225435,10.08259,0.9847611,0.1768985,3.097155,13.627029,17.000816,0.2890606,3.1889138,9.854604,0.9832299,0.7931186,0.3168389,0.5908122,3.099063,0.9977095,1.2792102,2.2737222,5.134231,1.7852342,0.78401643,5.5559125,10.272739,0.0011498608,0.15980446,0.2630206,0.6022979,0.0029830178,3.3163774,0.8942868,5.0546837,0.33606562,0.00011827668,9.202106,1.0183896,4.5251274,6.0114245,0.5313126,0.25974786,1.4188595,0.09533464,1.5828127,1.8356199,7.390977,10.47993,4.8590813,10.35019,8.89893,8.6984005,6.394904,0.029185388,2.3633986,0.29317266,2.5801828,1.9836831,0.99114454,2.3791468,1.100179,4.510095,0.010552189,3.5725398,0.31451598,4.3357496,3.5671706,1.654483,1.4971384,4.331242,3.832986,14.007337,0.030687517,7.0605073,1.5177144,4.965966,2.7451522,0.6653128,0.5911094,2.6680608,7.040231,4.4735637,18.868752,3.5748496,1.9216439,0.27328914,3.776539,0.103303604,3.2518995,6.3498387
172635,6.023574,3.1906571,5.3824205,24.810707,12.069157,55.773464,80.94928,79.63433,25.797215,32.562607,92.99734,125.35552,6.477812,384.82693,129.06621,210.48782,0.0033692394,0.014486964,10.103388,216.2083,37.423115,115.56451,77.72303,152.92633,24.60325,272.335,37.053288,227.6063,194.92882,0.17556602,229.49556,33.91467,1.7424061,84.08521,259.43884,305.62747,18.340311,122.68059,166.45694,56.691933,5.141198,0.39286563,0.005315374,15.156928,61.50187,45.105946,12.780147,62.840557,8.494034,31.81968,89.03005,286.77914,15.569204,13.72373,9.791627,21.01522,1.1201516,79.28681,1.0190853,118.28952,0.6215987,0.004865721,295.94083,3.8472383,127.62856,186.85576,1.1739705,0.27591932,101.392624,12.221069,16.815395,15.874955,198.09612,295.83627,85.92409,161.76134,233.59047,226.14331,172.27493,78.87014,64.60969,0.21857606,44.495377,55.334663,37.41689,102.63506,19.317684,68.15188,12.286323,114.715706,38.12248,94.89102,57.204445,9.864809,12.892963,18.676659,115.17931,320.72485,0.8305069,112.9464,31.858719,72.36053,78.54653,5.418723,0.064769566,51.205254,37.971928,69.46941,511.57938,81.88623,50.447647,18.591349,41.64232,0.0035641484,101.33424,109.58091
172938,9.640083,13.80408,4.5921583,1.330468,17.34346,8.008679,3.7955403,9.956593,1.4342426,21.654419,0.62180597,0.9844145,0.47034317,10.716136,1.2156999,2.9397774,0.49371368,8.293297,0.36071923,5.036391,14.379091,5.868476,11.066387,4.646513,0.0072848108,1.4588163,4.9895086,15.254781,1.3162347,2.976177,0.27125946,0.0009645724,10.275736,0.72842175,1.7978257,2.6712303,2.541661,2.0517778,7.245639,0.8920105,1.0287957,0.020273011,28.38222,1.8484787,6.8389096,2.024209,8.584973,0.7851619,0.7190067,0.43375447,41.29313,11.130691,1.6333486,0.74474734,0.9251853,0.09936023,17.82789,1.4404099,15.968361,36.957626,8.783215,2.6925685,23.710917,13.819271,6.7418413,3.0336533,0.20524476,0.32124603,6.220596,2.9676337,0.6707079,0.4870179,1.4534228,2.631484,2.12461,4.939267,2.1007342,2.627706,3.6766984,11.825635,0.44529444,3.2545524,5.146906,4.71584,8.2119465,0.00042645386,4.679051,7.75298,10.275341,8.0309524e-05,20.597813,2.7726362,3.934528,4.6603923,9.0538435,14.331365,3.4826877,0.3533747,4.015282,0.47860175,2.8946683,0.0013693022,0.032452628,13.70421,5.7469444,0.71415097,0.30588683,0.14895944,7.600686,0.14079072,0.0011456177,3.0651472,6.6304445,7.6250997,40.939075,0.090900466
173132,3.1266818,0.42434832,3.5320458,8.241347,2.947557,19.864397,43.411556,29.860552,8.187908,25.891323,37.362595,52.712524,4.400066,219.85307,58.555847,110.6291,4.4740276,1.7373388,5.0609703,95.55317,12.06324,53.953808,33.96574,56.01918,7.313095,125.63485,11.399742,90.518936,72.06575,2.1889567,101.60301,7.7659826,1.3440684,33.368805,112.154465,141.41736,7.564117,48.946404,83.78577,11.861085,3.905985,2.8298874,1.0993869,10.184482,38.271767,16.940233,4.0189853,30.350403,2.2893198,7.556857,41.745193,185.79094,11.255425,1.0272646,9.00947,3.2266617,2.5696883,24.937983,0.10219826,43.87602,0.73577404,2.5353835,127.33331,9.542845,37.356766,116.03599,3.714079,1.9001663,27.827015,0.17679161,13.38083,6.655812,74.61741,121.67779,27.702196,66.671196,105.2074,101.340866,64.60949,13.039652,15.869429,2.3476894,22.199923,21.291222,10.887626,64.2707,7.301436,53.983574,10.049401,47.36233,34.24265,38.1039,18.684519,15.0849495,12.290868,10.616795,41.026806,135.01344,1.225737,52.269638,40.559284,48.29192,61.881626,0.03771613,1.2614003,9.339288,21.166803,62.679157,209.19441,37.07368,18.872505,1.6286513,13.243427,1.6963311,36.37746,26.452545
173334,14.684823,0.07472616,0.31000236,15.2822695,3.7698364,67.43713,178.499,88.42073,31.549961,69.49132,110.68394,160.93758,5.756657,694.297,159.35867,311.5658,9.822544,5.3043294,4.80492,233.48125,46.36334,135.97499,95.41762,189.37724,28.869453,381.4233,48.777073,319.21786,254.17018,2.7649453,279.20972,19.517344,13.007165,69.077156,282.0867,377.96918,38.39715,143.0225,284.99466,51.82221,5.990525,2.3442695,3.7228777,7.373388,190.79114,41.426342,3.9620574,69.21264,0.00015203247,26.825018,97.20712,598.5989,37.302418,15.076343,34.722656,16.576529,13.809592,85.498276,2.1704264,160.82819,24.253838,15.407105,326.7964,24.558575,93.025314,398.46042,36.442337,18.70962,119.82419,3.190916,15.647769,8.241912,242.86385,402.57974,97.11904,173.05206,330.90997,330.69977,201.83823,52.547913,76.18178,0.39200458,79.29763,101.603745,50.774837,194.59369,25.493414,120.81406,31.052578,188.75024,57.791008,159.35316,81.82631,4.129784,27.172504,12.376017,186.78989,499.62823,0.90519154,157.51605,47.36092,85.60324,130.52602,1.0034508,4.3743753,32.56971,31.549623,122.773094,729.70825,81.030594,78.537186,14.129716,51.206898,1.8731238,119.83993,104.062195
173435,23.25053,27.99075,15.928802,3.658919,37.877647,16.764196,12.636294,20.055992,6.517042,45.051414,2.062376,4.91732,5.799556,25.522127,0.07513732,12.986026,2.3960485,27.551617,0.90121305,10.830169,16.250746,7.9105535,15.194566,7.3459997,2.6480737,7.0115023,16.312061,37.96842,4.4471226,9.963025,1.0114574,0.5386753,22.793737,3.4917185,3.2280366,8.149852,11.872804,6.122076,7.10872,0.07335982,6.28017,0.012916558,48.46968,0.004357005,8.123817,0.37315997,19.745476,0.08298245,6.837635,5.930337,68.10572,26.843578,0.3811728,3.596496,5.407283,3.2512066,21.948166,4.7407503,15.796193,46.21185,18.359678,9.617503,40.534702,34.785862,4.856832,17.240053,0.026419781,0.15566385,6.495589,4.653295,0.39358398,0.24202715,0.7674753,2.148479,2.1575768,5.7040744,5.448348,4.4743414,11.534355,29.99834,1.5541823,13.393948,21.043354,18.065815,20.688913,2.6063921,2.0031338,23.558048,5.988892,1.0677708,13.74043,0.042595807,0.5189735,23.241903,10.28922,13.069802,7.4783726,2.4404142,15.7401085,6.262843,0.022240357,4.5309486,2.9987736,6.466387,8.300626,0.37533984,0.012851649,0.49544087,15.139221,2.292163,1.8137144,10.071671,18.846956,5.8593273,63.647892,4.629318
173536,15.1590185,4.3648524,4.381191,28.433598,12.016397,83.747154,156.4656,121.04902,31.935709,68.203766,158.58124,231.50882,7.0011315,702.74805,195.82356,337.25165,1.2111483,0.8904932,13.816908,350.23517,53.362247,174.00847,118.42959,231.39981,38.318645,465.81116,51.24951,373.73438,297.50623,1.3785363,373.60318,48.185417,5.4812546,123.99787,397.98965,528.2064,47.42186,187.11397,274.02957,77.549515,8.72438,2.3274908,0.53097194,15.952927,125.42276,75.01393,15.126613,90.03078,4.1122284,46.445415,133.54843,549.8699,48.465733,23.248728,26.441,25.72802,6.196873,119.34861,0.27184674,184.19345,3.213164,1.7809764,474.00168,15.035107,190.05228,342.77716,8.083877,4.474438,147.1213,16.35199,24.917671,20.281744,305.4555,470.75702,131.65097,259.01596,387.45505,379.3228,261.7745,108.66212,90.31628,0.0003222645,80.845924,97.58861,53.291912,208.80673,30.010294,134.18478,38.718407,182.12848,72.14516,176.5149,84.65305,16.140179,28.267227,26.878395,183.55266,542.7845,3.2981434,176.56154,86.82494,130.46086,171.3439,3.7136397,1.2206637,72.1687,45.441097,152.5851,879.6322,116.85129,83.83457,22.86394,57.28191,1.3235797,152.64531,199.32657
173637,0.016603773,0.013073075,0.026746552,0.006528437,0.9222757,0.029140133,0.036122743,0.000218204,0.565642,0.030798735,0.09717264,0.054015037,0.22258352,0.00013819695,0.36669636,0.066227995,0.00976734,0.0014675253,0.008033541,0.014030662,0.091137566,0.107314244,0.01052604,0.062103327,0.00093541294,0.0035815025,0.0698634,0.05976418,0.11201411,0.00045792447,0.05184019,0.038122848,0.011797777,0.033476196,0.02275297,0.019620955,0.016085397,0.093587816,0.05344308,0.18994695,0.067056336,0.07216509,0.02112212,0.0017135764,1.2249163e-05,0.013886564,0.0031446402,0.0014414792,0.00010769089,1.0682143e-08,0.018045744,0.0017602516,0.015082766,0.023827882,0.0013971181,0.003405124,0.017851574,0.00436805,0.05335849,0.056774937,0.0026721023,0.013725301,0.021127058,0.030883413,0.0033628677,0.00012287746,0.00499914,0.009544783,0.01835822,0.041769695,0.017125221,0.015947837,0.11073392,0.024508184,0.002628464,0.0002588921,0.03296156,0.099839754,0.040925477,0.08297266,0.005237511,0.01632502,0.06451004,0.044319246,0.067090005,0.011297451,0.17896776,0.11047317,0.07986947,0.036255147,0.17178226,0.033069775,0.0051099025,0.08043246,1.1912937,1.0374556,0.39576405,0.34288502,8.233049e-07,0.012393434,0.002720124,0.27214238,0.06821483,0.059788797,0.022065872,0.4398844,0.6554509,0.18010573,1.7150356,1.0189403,0.35754788,0.13361499,0.004520528,0.014676027,0.006809335,1.2380874
173738,256.13156,271.9702,200.80855,24.803696,383.20978,154.78578,109.14078,243.45622,27.430859,653.8306,0.91152364,20.315395,45.965935,220.2074,6.324626,157.14027,0.015887579,164.4689,2.4903302,44.605736,294.68243,28.936522,65.67341,62.338177,0.08583837,28.517221,162.63388,332.90997,1.1414202,30.785694,1.8007352,2.527309,132.59149,4.659026,0.91870046,16.094568,12.513958,1.5505437,205.51918,48.060177,35.87232,11.736513,581.04834,27.979654,89.26973,59.895374,127.19068,16.348755,4.445906,20.428314,696.97003,243.23206,19.169529,12.860974,13.789759,3.7235909,189.1467,4.574317,347.86105,796.1267,154.14264,60.9794,255.87929,323.3765,31.564705,174.95131,23.723875,78.74162,0.023103386,198.28227,7.0193167,20.867207,45.899715,76.17102,181.59116,204.37985,162.5535,155.68327,38.22775,201.3562,4.1127024,88.49148,107.2772,82.19559,195.86852,3.0341258,126.81538,322.18622,153.13593,1.9688241,373.8506,30.83933,56.141712,219.82521,330.41513,470.92316,4.5789657,0.00012277227,122.36912,29.416111,35.411026,14.714899,4.9773607,171.27663,105.442825,24.128551,60.374958,6.350936,205.32558,131.81366,0.22051299,16.771921,210.30806,155.10768,1028.8862,86.73843
173839,0.019445509,0.01171328,7.808282e-05,0.0037050399,0.16838817,0.025511013,0.012032473,5.214434e-06,0.0018563744,0.17854202,0.20738633,0.04788291,0.023851018,0.008124298,0.019952126,0.11608713,0.02918077,0.06002893,0.01711311,0.006782713,0.04830486,0.18286154,0.065713294,0.072016366,5.2987507e-06,0.03084976,0.03865262,0.060047448,0.09761995,0.019597994,0.00727122,0.08003179,0.12440477,0.009387886,0.0001756729,0.027246244,0.41888443,0.064665824,0.012110207,0.01762027,0.6550773,0.21171997,0.33612508,0.10338356,0.07537433,0.00013269113,0.16915521,0.056520753,0.11365946,0.0012724667,0.28049153,0.16776451,0.0016850794,0.0011770993,0.06496985,0.002277322,0.28802174,0.03170913,0.07257864,0.09225746,0.15349716,0.00535368,0.25277373,0.035403863,0.011398976,5.884102e-05,0.039150834,0.007828388,0.10488792,0.14049292,0.01699673,0.0050528217,0.089816,0.000321591,0.13189165,0.013015086,0.1499154,0.007837596,0.2415873,0.1599346,7.1573622e-06,0.05488195,4.2720945e-05,0.10464402,0.23748253,0.01858947,0.000109023305,0.39113188,0.034234613,6.651356e-05,0.038339783,0.17425914,0.043141995,0.051957306,0.7640225,0.35521454,0.00021044082,0.03390577,0.0012453086,0.031785402,0.0005751043,0.11893581,0.04670913,0.116643205,0.047877356,0.0012724986,0.012316211,2.0025666,0.18663114,0.023992445,0.056472298,0.20951648,0.00029289865,0.06397147,0.14445415,0.01697296
173940,1.2134124,1.0750737,4.0935874,6.6837068,5.3585916,16.017017,20.078608,23.859785,8.440047,7.84935,30.939783,44.995937,5.1446767,107.49018,46.1383,77.579346,0.0033657528,0.15942693,4.4561443,67.111046,10.856166,38.14647,27.76603,42.255424,10.655134,93.57985,12.274091,73.33008,55.56721,0.019529346,70.71538,9.746781,0.2653158,27.77767,77.11251,89.948975,2.4265308,41.743923,54.9179,12.734257,3.0840662,0.36813262,1.2173779,8.151113,17.926226,14.816255,4.8149,20.308691,3.342843,10.830586,28.981617,89.50174,5.927459,3.901281,2.055604,7.0327106,0.94669056,22.433537,1.3801258,39.662918,0.0016370156,0.052927047,96.029106,2.2801626,34.43125,55.039192,0.3296804,0.006195042,29.31432,2.4724574,8.2178335,7.048746,60.40207,91.76542,20.818382,49.812935,76.05557,73.39513,49.24319,17.312662,18.690662,2.6881218e-05,14.384212,24.00572,10.799013,25.854452,4.949534,22.85637,3.171326,33.315624,12.512305,26.163126,18.867369,3.7241566,4.8638206,11.258766,37.359516,93.374176,0.2581382,37.98966,12.176142,20.651812,26.812103,0.71363807,5.7335114e-05,13.449327,8.938014,24.084383,132.16685,32.814415,22.343025,4.0247993,7.7286863,0.3343749,27.436844,28.284063
174437,50.07731,74.83203,39.027878,11.06803,101.55894,61.66046,9.106584,67.147514,5.975712,228.86266,0.112733975,5.481346,0.24997568,54.936523,4.1165743,35.78353,0.00015114962,57.646683,0.4160888,27.642195,92.386314,24.729795,36.999798,33.02977,0.1866444,9.813709,44.493736,109.466095,0.90182436,18.822475,1.3547784,0.11943496,48.692474,2.8270416,1.9986602,7.273166,0.014828229,0.7432822,101.07647,15.816146,0.681623,0.46234497,162.51744,17.75165,13.742399,22.679792,30.009562,7.430138,0.17003144,5.073797,214.55945,52.085922,17.817253,0.75918317,1.4282533,0.05799981,56.72749,2.1310377,187.85269,320.1225,48.024216,15.384313,112.03708,109.87809,13.953195,34.264526,8.914881,16.57345,3.5676885,62.328667,0.94963247,0.8504363,10.683997,13.976498,49.269226,45.098892,54.610962,51.072136,10.241372,59.57914,1.1971117,20.369764,28.552055,26.191917,63.459503,0.26782948,57.59154,69.17822,71.82359,0.97286236,239.34549,70.32413,67.14942,12.5401325,139.48235,172.71803,0.81010824,8.833561,9.320454,0.228982,43.96048,7.299594,4.8466606,128.05661,54.502525,17.142557,68.92943,10.147487,65.620605,37.205864,19.342138,1.3260535,23.521833,97.66288,399.6296,3.0018535
174841,2.9724731,4.9442334,1.877067,0.3969335,4.6091805,3.2114296,0.5700279,2.5555696,0.04859528,6.7851195,0.026941808,0.03694373,0.023493567,2.2814913,0.5923914,0.2908078,0.09306981,3.6410577,0.15597309,2.8946319,3.4118261,5.0831957,3.8440151,1.352707,0.23688541,0.27677566,1.3675075,8.349711,0.5813276,1.3157995,0.019454466,0.0020647342,3.1412983,0.42455313,0.014136133,0.67759776,3.5483463,2.3783937,1.3800187,0.0053336825,1.534604,0.10026602,10.664825,0.2151995,1.5282382,0.850962,4.1645694,0.064317904,0.25843847,0.28723466,15.308475,2.9090264,0.42191678,0.31877503,0.804826,0.06304482,5.6511574,0.5696098,3.9213834,13.434867,2.9854388,0.53558046,9.197143,5.585895,2.7314057,1.039242,0.22753002,0.11838381,1.3538473,1.6565833,0.33538908,0.114754274,0.075367175,0.1990989,0.00068167574,0.062400352,0.35267788,0.3361205,2.303617,5.6740613,0.19843271,1.1813451,2.144404,1.5097126,4.178817,0.09552846,1.4590807,2.128584,2.3415277,0.07073243,4.5144315,0.46877027,0.25145862,2.5624702,3.7503967,4.0495768,2.7769837,0.31856447,2.0640128,0.15187773,0.1393976,0.2865463,0.73974663,2.5900211,2.5838006,0.16262537,0.0350037,0.0025519875,1.0588396,0.018559609,0.15813138,1.5987092,1.5450523,2.8540514,16.954044,0.10070488
175035,0.24353565,0.006223175,0.04795971,1.6657083e-05,0.00010886901,0.76190126,0.26769626,0.18686306,0.92260927,0.78566456,2.0109904,0.5545098,0.9137694,2.6193311,0.90687203,0.95827615,0.07442415,0.0952205,0.03831904,0.67546576,0.4012491,0.38689762,0.7116842,0.34033242,0.39092547,1.313112,0.02235405,1.0340487,0.20178068,0.47226074,0.118833445,0.063399486,0.08280542,0.00820981,0.43183944,0.4498389,8.090912e-06,0.005199224,1.511292,0.0002826302,0.053751286,0.75102144,0.014340068,0.18767701,0.5686871,0.041224733,0.0037784916,0.31282017,0.08183481,0.00046428177,0.20307595,2.0944858,0.22309999,0.012031218,0.00047101526,0.022148576,0.27860734,0.15157434,0.09880124,0.6183637,0.012382248,0.007378996,0.45138317,0.17189954,0.12123516,1.438317,0.2795439,0.09373455,0.11713563,3.3114622e-05,0.12025757,0.08402505,0.09429815,0.92662114,0.0071489485,0.13496195,0.5690576,1.3041731,0.17588153,0.13092194,0.0005443043,0.23935455,0.22298233,0.17668386,0.0012413405,0.37476164,0.09715948,0.91493726,0.02557764,0.1171557,0.2226145,0.80319345,0.06012867,0.5512166,0.53288573,0.056155547,0.33827084,1.1748232,0.04312798,0.48679113,0.8917967,1.4713523,1.7104052,0.022124419,0.1487369,0.6744353,0.17125362,2.3713245,2.9644198,0.08040163,0.5363636,0.045282885,0.25222388,0.052770536,0.72350234,0.20699424
175136,1.3693951,1.962879,1.8111775,0.94323903,2.625327,1.3153201,1.0089593,1.1387084,0.4511764,1.1880317,0.53298557,0.007971955,0.14662415,0.24215074,0.0021788934,0.0028349832,0.11791554,1.0355766,0.38590133,0.98131335,0.499438,1.8151252,3.9858458,0.70514953,0.36616048,0.46013573,2.5506854,2.5650635,1.1570739,0.52237266,0.10417853,0.008818762,1.7239939,0.20644018,0.3134136,0.3385563,2.1771147,0.884157,0.58309925,0.06910291,1.4198366,0.032616775,2.5801563,0.12471152,0.5230718,0.02773716,1.7055526,0.0049309134,0.33320373,0.08011052,4.440424,0.59359586,0.011881574,0.013983796,0.036328986,0.003037802,4.662024,0.77168703,0.06618689,0.37419972,1.3620725,0.35142952,5.561671,1.2706839,0.2900143,0.38377196,0.10827359,0.0020416668,1.0692112,0.5401464,0.073225535,0.00036409523,0.07026246,0.1284315,0.56290126,0.010827217,0.0012737674,0.0009875369,0.8757664,0.49220234,0.23274565,0.4321316,1.8727776,0.47412997,1.8293003,0.023184752,0.46408293,0.29386538,0.05388454,1.43125735e-05,0.9150726,0.0015149509,0.077525645,0.65067476,0.4576923,0.5978242,2.530173,0.5074345,0.5854601,0.169513,0.07574541,0.0027184302,0.004365557,0.5470499,1.6702639,0.03126192,0.24701078,0.034785297,0.24494824,0.08620615,0.110275425,0.9541771,0.99915427,0.73250735,5.66003,0.29079136
175237,19.9452,24.756517,12.449544,1.7266349,57.50316,25.202171,4.9201612,24.714811,3.9153085,68.38204,0.46552464,2.6273806,1.7061757,23.809576,0.37857464,14.151253,0.62898606,24.779902,0.07635726,11.740653,29.738792,11.345443,17.548437,12.3897085,0.001914231,5.66133,17.578148,48.965218,1.666569,8.164945,0.8299068,0.1459284,18.630684,2.123197,1.5912225,7.7069745,3.093872,2.453015,28.542894,2.237894,2.6996617,0.03275708,59.551823,5.00494,7.480878,3.6286488,17.688011,1.568093,3.149317,3.1453502,89.76392,26.677422,4.176564,2.071201,3.6884148,1.3502153,22.933374,0.713474,39.387352,104.83293,19.71792,5.95939,46.98048,38.488594,6.6903777,15.3942175,0.5874391,1.985955,5.329611,18.795156,0.1472823,1.0658854,1.9404267,4.0970545,5.695824,11.881727,10.744693,8.213961,8.098385,34.837944,1.038693,11.205324,15.82178,12.900861,23.860409,0.16841231,12.118402,27.191687,23.452538,0.024543619,59.343483,9.518198,11.305933,13.807595,20.630117,38.769463,2.400581,0.08764418,9.398384,1.4811329,4.1267223,0.39750892,0.5299521,25.777039,13.701825,2.621645,1.5377111,0.9313568,16.148636,3.8265388,0.76035655,1.7569038,17.634264,19.282282,115.32852,0.8862386
175338,1.1571983,0.13182749,2.6760721,3.4815001,3.1408968,10.007688,12.004209,13.467572,5.400018,4.374028,17.740908,23.348507,2.7645123,69.56427,27.491245,44.772606,0.20185652,0.042942062,1.6160994,42.190628,6.473003,21.653465,14.437642,26.43334,7.7243757,58.451324,7.231336,42.210163,33.098553,8.2538065e-08,39.7458,5.7004194,0.17784128,15.903326,39.89947,52.905437,1.7450382,23.086414,34.232574,7.421066,1.6232277,0.104693696,0.4982547,4.3925633,13.847296,11.509115,3.1834474,13.072728,1.315642,4.8978305,18.348215,52.173412,2.5619378,1.8481165,0.9377876,4.5563064,0.38980156,11.9942665,0.5586581,22.93864,0.0399465,0.051099095,52.96153,0.48627004,20.30304,33.114296,0.092660904,0.034582917,14.927862,0.9941033,5.859371,4.3925133,36.06228,58.920437,13.846057,33.07483,45.91428,44.17535,32.57308,9.753754,10.06201,0.083492994,6.2893233,8.342065,6.2604733,17.344444,3.0832028,19.372675,1.817772,19.47372,8.510235,16.50794,10.076005,3.5037663,1.6689866,4.042341,22.945147,61.058537,0.5013218,24.141655,8.857516,11.341056,16.32889,0.68216836,0.0018216633,8.789552,6.3923917,21.228926,94.70354,22.378065,14.084148,1.2919567,5.996038,0.11918603,15.930486,21.205982
175439,5.245219,3.2654767,0.18856178,0.37274677,0.3505439,5.0947375,45.969444,6.4503207,6.8915086,31.808952,11.144957,25.027044,0.9655601,197.67146,36.510487,57.718468,15.550809,4.464273,0.8632838,42.53041,5.795424,30.594452,21.097624,23.713602,5.4146256,87.410164,6.4259086,59.273968,25.987646,1.1161317,38.881023,0.0007854425,7.800451,10.32061,36.949596,48.791965,3.9352484,29.099022,58.963936,0.6573983,1.7512069,0.9358556,2.9891326,0.9093378,60.132957,7.671051,9.139111e-05,10.638391,1.742836,0.9731068,17.338455,199.17776,10.833346,1.2228531,13.881533,0.25237766,14.009172,6.0460296,0.08894792,23.190247,12.444358,13.030173,55.45803,21.099407,2.916908,121.15176,17.64942,5.8250365,12.714363,3.2954574,5.498219,3.7498608,25.736645,58.301888,7.224512,46.70943,62.851868,75.81063,21.780714,0.15949789,2.421921,14.0103245,14.634228,14.378174,6.1196637,46.435776,4.85164,50.31347,9.026104,21.237701,40.848064,10.504799,8.412438,17.90245,13.375114,10.019868,15.9659605,63.125793,1.487366,25.805052,28.968388,34.160744,45.508495,5.405828,3.736965,0.52453333,11.193985,31.92817,197.89272,52.030827,31.437395,0.0052747084,0.88522387,12.960308,7.1827083,14.350621
175540,5.1093726,0.320261,2.7681234,7.8464727,5.917334,31.525068,63.66062,39.776947,13.8633995,27.896654,59.103325,78.742165,5.4134274,287.7598,89.79087,145.50041,0.4442412,0.22098178,5.659214,142.03078,23.928568,80.371025,52.062763,94.48868,13.197117,182.94212,21.46327,145.62904,117.83787,0.32440966,142.44894,18.133678,1.870867,54.028435,165.32858,199.8028,11.385387,87.60973,121.092186,28.018642,4.714965,0.38959646,0.6587482,13.208141,49.45209,33.421288,8.777345,43.397923,5.605464,14.746022,61.21581,235.62943,13.54631,4.662373,7.7993402,10.276816,3.6105776,40.85484,1.2953024,81.32664,0.783313,2.0258055,206.35805,9.055761,76.67456,147.11324,2.1450675,0.7016746,58.582237,2.7968154,17.98941,13.310735,127.2396,205.94304,50.31626,116.79783,169.13461,164.95976,104.428154,31.590456,33.865116,0.8147596,28.22529,37.079174,24.584957,79.19932,12.479885,62.837376,10.498275,61.878544,38.712093,58.78331,28.899166,18.336432,14.255036,13.410886,64.030914,195.11029,1.8756939,70.96411,39.05593,67.0715,66.996086,0.50895685,2.493884,15.957871,18.49802,91.12884,335.33698,67.16274,40.482147,7.029169,20.42815,2.3357687,44.735924,57.360973
175742,1.7776139,4.932879,4.204891,6.817615,6.2724504,6.1457987,1.7503452,4.04314,2.5419393,17.874655,0.78625965,0.076680176,0.008066941,3.0532641,0.03030852,1.9967809,0.14884509,3.142684,0.103614725,0.690048,4.368982,4.4751306,8.2843895,3.2788937,2.1742718,2.4614646,7.7083817,8.216724,4.2099633,2.0258298,0.24017695,0.025531027,5.85251,0.13447173,1.5769857,0.18034479,2.328599,1.9295225,2.509658,0.47112924,0.83957905,0.702904,9.857045,2.5731022,0.51647973,1.5516969,3.279458,0.00021978376,1.4729173,0.009233074,14.035728,0.93267703,0.7675462,0.8139594,0.11053836,0.8351676,12.531357,1.2481143,13.708251,30.81077,3.4847205,0.34284613,17.324799,5.444592,2.1522703,0.03963313,4.265528,1.6161081,0.2833303,7.725619,0.24041472,0.0056652045,0.07024635,1.1847856,0.21061972,0.50916964,0.129401,0.4947356,2.715321,0.0034827744,2.8381085,1.1598765,10.443123,4.4721622,8.734957,0.24175481,0.34883422,6.0422406,1.0712129,0.4021328,22.75038,11.07339,9.394702,0.2942134,5.120347,5.5035057,2.1197138,0.16660814,0.037962098,1.0946891,3.217458,7.6658034,2.3674932,9.337081,26.677727,17.149593,10.775569,7.3969307,0.7676475,0.010956143,0.0012039271,1.6108894,0.21099655,7.7438626,79.69058,0.7242226
176037,0.2276039,0.2904632,1.7883596,0.5029968,0.5414525,1.9326186,0.84724283,1.0015916,2.4388688,1.7506286,6.0792775,4.030074,1.5933884,18.803066,8.278651,8.123288,0.66684896,0.009515592,1.1498784,14.294936,0.6201687,7.2036924,7.348209,2.1067448,1.3119823,17.338114,0.462905,8.925457,4.0827727,0.058360707,7.3156214,0.28972837,0.042067368,3.0915718,7.5944376,4.961136,0.68494564,4.8167896,11.66416,0.6419771,1.200841,0.021889906,3.1619296,1.806219,2.8922615,1.0523397,0.4862964,3.5192778,0.8947111,0.5487658,3.9882774,15.410625,0.3657193,0.0015654857,0.036235366,0.5251501,1.0811077,1.8209018,0.034926157,4.9253626,0.023972064,0.003367392,9.455119,1.2344772,2.1808357,8.510946,0.008411063,0.4195983,1.7231795,0.22486652,2.9515042,3.666599,6.3691726,10.557496,2.830336,9.205265,14.093602,12.774314,7.023528,0.022765685,0.40180767,2.3314438,2.6559067,2.8304265,0.5184785,2.3331628,1.3643532,5.117986,0.0014382156,2.7087817,1.6119012,3.123405,1.6492832,3.8686178,0.9910419,4.3077836,1.926635,6.0643153,0.024545776,5.7241173,6.5454087,4.7049475,6.9967904,0.37797827,0.12668343,1.1336694,4.4405637,5.337776,23.546219,12.330986,7.828579,0.0031473415,0.12449845,1.2270817,1.5716956,1.8755555
176239,17.97493,23.304125,5.0189953,0.5731049,56.135715,18.764004,0.39619744,17.518084,0.7907528,48.55048,0.065960936,0.026687892,0.20344625,10.512397,5.230204,5.7052875,0.43654516,14.038288,0.02806602,6.992393,37.93941,8.061026,7.1878247,6.5701423,2.0218668,2.8890903,9.184868,39.528038,0.02396448,2.8414364,0.25328878,0.25442612,9.277522,0.34169573,0.1993191,3.692495,0.33158147,0.67270315,32.364902,5.425534,0.12506063,4.8964396,61.065483,8.997361,5.7295547,7.8382735,14.299904,8.403127,1.2198437,1.1974696,94.94874,24.540047,5.611045,1.5067763,1.116391,0.039236657,21.308716,0.0088468585,42.689697,111.498985,14.086056,1.1560293,40.94854,35.737957,15.848985,13.390461,2.1867251,3.130883,6.700335,14.828262,0.61007714,4.4970202,3.8885014,6.557228,12.162997,18.05495,12.468642,12.207507,3.7893813,40.19831,0.10001513,4.534718,1.0336486,4.599002,19.278975,3.2496018,32.548508,16.53625,35.619545,0.010034092,47.94693,4.932596,9.157164,21.092674,20.148294,46.702057,2.967094,0.20406744,10.099867,1.1568038,4.125903,0.56342053,1.6497556,31.741278,5.198491,0.012128971,1.485695,0.3828688,13.25102,1.0141659,0.01336652,1.8539456,12.6171055,19.167479,96.882706,2.2756956
176441,0.031793427,0.13969511,0.8257504,0.91996884,0.12615761,0.6460283,0.11921399,0.75788164,0.94878393,0.7773268,3.9118755,0.66145915,0.24080843,4.278706,3.3452623,2.1901224,0.005624538,0.00376264,1.6601691,4.4681535,0.04127636,0.9934029,2.0090292,0.97690094,0.34788233,3.3896492,0.008501882,2.1810596,0.84636986,0.26662233,2.325408,0.03211108,0.2865149,0.9207767,3.83143,0.88017005,0.77363944,1.2750716,2.0862052,0.2121106,0.0003666319,0.5751743,0.50438094,0.9214742,0.64582616,0.09033443,0.8432664,1.041439,0.0019327428,0.407661,1.9525373,2.3072166,0.0108682085,0.005741532,0.17281708,0.11982596,0.036002714,1.9507446,0.0015160461,2.374926,0.17837037,0.12397771,3.2999306,0.068693526,1.523812,2.7652602,0.15869144,0.36361703,0.05368166,0.19944552,0.7496743,0.9082557,1.5984915,2.2745106,1.2260109,2.06461,2.7087278,3.228477,1.1542126,0.08804102,0.7213548,0.3964447,0.11161087,0.008258758,0.020009736,0.5329398,0.0014576607,2.6906374,0.13830768,0.3877549,3.56402e-05,0.9402162,0.3623491,1.088831,0.09420595,2.4001272,1.4531099,4.0744667,0.16757168,1.4508396,0.7764784,2.169476,1.5864668,0.03319628,0.8230434,1.9716815,3.2167747,0.95525193,3.832088,3.3672724,2.2924998,0.19666749,0.025762025,0.5664517,0.78906035,4.6504908
176542,57.317986,58.19904,36.89564,2.0218878,113.471085,42.937927,18.164942,51.32483,7.26258,147.11076,0.31823882,3.6718743,8.323005,51.436462,1.2195438,31.105425,0.5843439,43.526638,0.3386749,16.266724,60.060055,14.273458,22.41819,18.82147,0.048274558,9.586371,35.56173,93.34215,1.3297479,11.936593,0.6589906,0.018479168,30.036959,1.6539049,0.0008273451,9.37793,5.69648,2.103287,40.338535,7.190677,9.399274,0.912928,127.35409,7.637756,17.59047,10.72934,36.65427,4.0024056,4.703691,5.0558343,182.0179,63.872158,5.451402,4.0777707,4.8627586,1.2397859,47.962555,1.5855044,72.77905,194.15678,37.053665,7.074136,83.45467,79.15548,13.484123,41.34006,2.8251073,9.473697,3.0156307,42.513523,2.281985,4.8524466,6.364243,13.667463,24.435171,35.249626,26.816833,23.89889,10.269046,64.24281,1.3225622,20.571384,22.238092,20.777464,46.415108,0.16807382,25.493708,65.26159,39.810413,0.46621543,93.6686,11.204182,11.301718,51.692646,49.091553,85.48263,3.8290923,0.31497803,27.422688,6.7196827,3.8784976,3.2839785,3.5989146,41.910954,28.073391,4.530436,1.6002346,2.3784366,21.324982,16.78105,0.25964805,2.1468549,40.52364,31.69805,240.64679,7.5954204
176744,9.998336,20.05318,6.7673683,3.2769108,23.506031,14.103525,0.8747551,16.881485,1.1849468,47.587425,0.028456304,1.6227854,0.033558484,15.752299,2.8838933,6.262385,0.00010138741,17.968405,0.00041723752,8.842516,19.017914,10.041449,11.1517725,8.41992,0.2941562,2.688479,8.599399,29.875431,0.5231395,4.9080486,0.17351483,0.22943218,13.973477,0.99222535,1.0636971,2.569138,0.98703194,1.8980056,22.963203,1.2622133,0.32849687,0.017125841,34.370808,3.7723453,2.859604,4.7910514,8.085615,1.5903614,0.049852286,0.5044968,47.74836,10.170675,6.08607,0.6906133,0.67336446,0.1517778,13.440228,0.62151515,41.77057,80.96444,8.75608,2.8186467,28.37623,25.003248,4.2174563,5.9378805,1.8485136,2.0641,2.7634795,9.653916,0.14124483,0.26351404,1.6374617,1.3598487,7.5740085,6.3776965,9.75266,6.647262,4.3988204,21.048916,0.15885672,5.558795,4.926279,9.450671,12.03208,0.1053559,10.952976,20.264782,19.503307,0.00041182266,42.612347,6.997198,7.6115103,11.122268,23.344048,28.209839,0.6882304,0.042986065,4.014037,0.15859821,3.5096726,0.07028373,0.054149218,21.257303,11.581226,3.123713,6.4301376,0.04259833,13.321594,1.6109064,1.3340514,1.6276321,6.165846,18.390232,80.251785,0.5154026
176845,0.51668614,0.33059916,0.14016949,0.027744595,0.32788798,2.42445,1.5724797,0.34790882,1.9744537,1.1087532,3.2000964,2.9817607,0.6869324,10.586606,4.4809484,5.8874536,1.744807,0.44470558,0.4462575,4.605038,0.37402633,4.790584,1.7744206,0.610019,1.1930968,9.037294,0.9865379,7.2966385,1.3429648,0.004644388,1.7783911,0.0038815162,0.09801135,0.26572028,3.3933313,1.1693944,0.2512455,1.2592489,7.921985,0.13117297,0.3913875,0.23528711,1.2215596,0.28303233,3.4587073,0.000496331,0.0041172155,1.0510006,0.1994809,0.00345509,1.7900406,14.711671,0.01382645,0.007974805,0.30354556,0.053504266,1.6113276,0.97329617,0.22974299,2.9323652,1.0915401,0.3102553,2.7462015,1.2722646,0.00061355985,8.259557,0.75481063,0.13071215,0.13613647,1.2794248,0.16402198,1.1913089,0.89504653,3.635098,5.0923873e-06,2.0463614,4.862994,6.430903,1.8843386,3.1422327,0.00055488484,1.9942906,0.65088606,0.7129116,0.18693738,1.9442294,2.0528176,3.0071347,0.012507894,2.1649034,0.6739535,0.35301048,1.6957918,2.7607582,0.9587774,0.961009,1.0014167,3.095519,0.00038777266,2.3856757,2.3174906,2.7295985,3.3356557,0.33018398,0.106646955,0.03871492,5.1933174,2.0663357,17.474459,7.546462,4.6644416,0.0037778174,0.052775495,0.814556,0.43858632,2.3466423
177140,10.100036,5.0914125,7.587924,27.903675,11.292745,71.85334,113.670105,105.41887,25.797796,44.252327,124.51378,165.27951,8.9485655,499.72427,162.97328,279.4472,0.18879935,0.2673644,12.157212,273.0001,39.597633,128.94513,92.55508,178.78293,32.64704,362.77008,46.56327,287.324,240.88274,1.0631373,300.49603,42.925106,1.8048619,102.94638,348.80298,430.70102,30.544476,145.86525,210.42763,63.601955,5.7226915,2.8358207,0.40293768,20.024694,86.20221,59.737495,16.225101,80.78327,4.4796042,35.305103,108.930275,394.42856,29.306074,18.19984,13.840513,21.748924,2.1688688,97.27544,1.6279564,144.6795,0.58399224,0.109865256,369.66495,9.357555,158.6751,247.77464,4.659569,2.3814294,110.676025,12.792943,19.647888,16.802715,242.43541,369.56543,109.97226,198.45418,296.27994,276.6865,214.09447,86.26425,80.88532,0.016869437,57.24547,74.27097,44.890465,152.85428,21.207382,99.880005,21.775494,137.00914,46.71096,138.16052,71.16355,13.061256,24.736403,15.159672,144.04417,433.12015,1.2368356,143.09476,55.84605,109.27175,117.90047,7.4411316,0.45465463,63.52589,43.123672,146.61642,608.0981,69.522675,57.98052,17.986305,57.01889,0.05265813,135.12737,160.34467
177241,4.2317085,7.3937798,2.6472814,0.39942908,11.181718,4.1301203,1.7855009,5.6031094,1.1410964,7.9643555,0.74197817,0.38392854,0.6960496,4.8551226,0.17288184,1.4650849,0.443357,5.1433487,0.16620804,2.5867116,6.4411116,3.270382,7.1475515,1.0776618,0.17332247,1.5041634,4.023139,10.772581,2.1721048,2.2146528,0.14622752,0.09686387,5.340143,1.5075681,0.42941257,1.9805369,3.3811483,2.108045,2.6476243,0.039351996,0.39514005,0.08837683,11.917002,0.4075195,2.2679493,0.22381313,5.0460896,0.125803,1.6280912,0.59890836,18.181793,6.283295,0.5306221,0.61571,0.98562866,0.21306816,7.100845,1.2842134,4.114308,13.795091,3.7028735,0.9859895,12.813648,8.587512,2.3879871,4.0381346,0.58794355,0.010543469,3.7078507,0.88669986,0.03282205,0.25650108,0.15578975,0.1721106,0.8234905,0.8184125,1.7119505,1.4247264,1.9959077,8.114184,0.39417624,3.0472875,2.3297422,3.24672,5.0646834,0.21611673,1.2102039,3.551157,2.4486158,0.35896394,1.7066752,0.00027065113,0.16872773,9.449315,2.4728758,3.8209603,3.2784612,1.0642084,3.7977614,1.1032238,0.036849916,2.741616,0.8301317,1.1094992,1.8233924,0.07521252,0.5770105,0.9853849,1.5303801,0.58834124,0.35538995,4.446992,7.337461,2.1293452,13.512989,0.04550726
177342,0.3333168,0.119813725,2.456164,0.78639096,1.1549116,2.7831788,0.98639274,1.9452515,2.2568953,1.8055452,4.696204,3.8953507,1.39334,16.882715,6.5851474,9.897425,0.6484865,0.04334808,0.5597603,11.342625,1.4177513,6.165558,5.90606,3.3304086,0.73632014,13.627783,1.1263391,9.394778,4.9122424,0.04233122,7.858017,0.34847578,0.06257712,1.990839,11.344349,8.936734,0.2597574,5.0206723,8.427367,0.30292404,0.37474376,0.77836853,1.8759378,1.8722559,4.417199,0.7104107,1.0000193,3.7028522,0.56957686,0.18178466,4.436221,14.955886,0.092232004,0.08839407,0.17671666,0.26033667,0.42999044,2.047821,0.28456205,5.3497767,0.040969945,0.010460978,9.997253,1.64817,2.4151433,8.050744,0.0709545,0.00048492686,1.0292807,0.24282093,2.1811273,2.1096458,6.7946286,11.352278,3.512565,9.556531,12.056991,12.53173,8.314752,0.021179458,0.77596676,1.6655996,1.3757606,1.738652,0.3902521,4.345365,0.41214773,5.982332,0.012049508,2.281188,2.9685464,2.1693609,1.4476864,5.0143003,1.0093046,6.0041604,3.1990826,10.932729,0.33170608,4.873189,4.9578133,8.815169,5.6668262,0.027589604,0.14404018,1.1931754,5.4588485,7.2310987,27.668034,12.160346,3.111867,0.03229777,0.14208831,0.51680875,1.5251249,6.9339
177645,0.038645875,0.08646963,5.335623,2.5957046,2.1445217,4.9229913,1.4039435,6.463048,3.7906077,1.5777777,9.979811,9.076792,3.9042258,20.825748,15.596732,24.572617,0.2409265,0.30916992,1.7920138,24.633804,2.7887282,15.394528,12.709556,7.9410386,5.061116,29.08009,3.6465375,21.845312,11.078519,0.10484762,19.353811,1.5852574,0.28061685,6.390511,22.641209,24.793182,1.2211858,9.958385,14.10101,2.4854546,3.8009727,0.043686178,2.4180474,5.0851545,3.21549,3.1060727,3.4621456,8.236549,1.135109,1.0700411,8.699275,19.739706,0.092187665,0.13766709,0.036809742,1.839985,0.1439548,6.1095448,1.4591901,12.484733,0.12992635,0.022300567,19.4559,1.2513283,5.5152464,12.685752,0.6287603,0.20765008,3.6287868,0.25968102,5.8868103,5.2381635,16.220842,23.523323,7.359082,19.27696,27.888624,24.606728,10.535015,0.2118627,3.2406578,0.88245124,2.461248,3.7931936,1.7182643,4.363099,0.4147746,8.477293,0.17083447,6.4647684,1.2348226,4.7711244,6.2707953,5.343427,1.550674,10.762221,8.673169,22.114513,0.004440773,11.893969,2.5148559,7.3978686,4.950453,0.43292555,0.7118166,4.5171013,6.870635,8.3434725,42.364017,14.216916,10.780887,0.0031741394,1.5674224,0.23888236,5.6429334,8.055938
177746,17.294159,19.109354,10.092532,2.9263902,37.916218,16.81511,5.519276,16.355051,4.0364165,41.670303,1.205096,2.3419688,1.3052891,16.666378,0.0064013517,10.682826,1.4969167,18.715887,0.87358177,11.229944,18.600271,10.678466,17.979342,8.5508175,1.3181821,5.5906396,15.487579,34.465004,3.2889748,8.43426,1.8783035,0.66637015,15.99762,3.8610148,1.9674554,10.75535,3.5000715,4.2792063,12.883772,0.22937389,2.2499106,0.19442269,42.18833,2.1600096,5.815354,0.7644389,15.741145,0.28056338,3.4019148,3.9279568,63.200375,19.586367,1.3779354,1.0755746,3.2533138,1.8349301,19.823307,2.7652988,22.050365,46.735615,16.970505,5.9397583,48.04639,29.845304,8.947881,12.164205,0.24652664,0.2479049,9.295952,5.294286,0.005814688,0.027131284,0.4409954,0.5032255,1.7179469,2.5864751,6.3866,3.649283,6.3219843,25.991724,1.3934593,8.778943,14.64947,11.394503,19.091085,0.593381,3.2952626,18.784441,8.919357,0.10400878,27.796753,2.4805982,3.8938708,10.313804,14.778072,22.676264,2.3600428,0.2506057,7.7707567,2.005342,2.4102538,0.2841357,0.18361846,14.917768,13.472163,2.9404054,1.7264416,0.8127411,1.4853673,2.846361,0.026246453,0.9328188,13.885413,10.249445,74.16893,0.05132854
178142,0.0010654695,0.0038393717,0.016623767,0.0021410354,0.01834982,0.023499863,0.007680694,0.0007400272,0.06500425,0.012067741,0.025467087,0.13461138,0.085019566,0.020716175,0.022317206,0.03180376,0.018884223,0.008566095,0.038817182,0.037310187,0.21821189,0.0015715004,0.067974396,0.0057767937,0.10302251,0.009194912,0.005352428,0.009759698,0.024488568,0.035641313,0.0014808789,0.0047468636,0.12807201,0.03190369,0.03286627,0.00030950826,6.916544e-05,0.081574954,0.19037609,0.021172056,0.004191391,0.00015150744,0.05298966,0.2281464,0.00673953,0.054801296,0.0031722258,0.08846605,0.01558512,0.1186304,0.03641223,0.062893815,0.043308396,0.03907856,0.060623933,0.0054250867,0.0025648791,0.18096285,0.08147825,1.4128636,0.024146227,0.0014816129,0.0026180143,0.0072604334,0.00013680295,0.0055674342,0.068062134,0.003492687,0.034522932,0.86027825,0.3488262,0.17431921,0.015826333,0.00020490584,9.845958e-06,0.021394191,0.009345418,0.0021804112,0.25118306,0.050552323,4.4362864e-06,0.0017083101,0.19030571,0.0068540983,0.02116288,0.017608395,0.0024507386,0.00047750803,0.031411424,0.004551061,0.020088486,0.042526726,0.023040524,0.0327855,0.0018367039,0.10497857,0.0256898,0.0710194,0.10047217,0.08342727,0.0015633663,0.0076363673,0.03993853,0.06169606,0.04635573,0.04898682,0.4074078,1.1324667,0.08847326,0.09055605,0.71891,0.0010083421,0.5936952,0.00062623026,0.075767756,0.23962541
178243,0.0133041665,0.05051479,0.1090365,0.02018578,0.0619856,1.3751072,1.1344326,0.049512893,1.6844478,0.20638227,2.0471916,0.8128816,0.18929522,3.5976396,1.4522828,1.660421,0.24578157,0.22863173,0.553589,1.6238717,0.04273461,1.2115308,1.1798828,0.13930756,0.5884777,2.7740655,0.13135022,2.3575125,0.3799417,0.006998608,0.7437471,0.062719,0.06897545,0.32657096,0.7324949,0.01939371,0.35179427,0.33913508,2.5245657,0.0025545056,0.26256517,0.05244799,0.36384356,0.002777326,1.3518257,0.052518655,0.049698297,0.100128755,0.00036244854,0.10811596,0.6487245,4.891193,0.057350364,0.5228549,0.0009385342,0.14535181,0.39192995,0.10867882,0.3407791,0.019037686,0.5246338,0.20289972,0.79904854,0.58520406,0.07740978,2.9104567,0.39376456,0.01295866,0.029453613,0.3874025,0.1739207,1.185645,0.2967921,1.4448545,0.33368656,1.5243607,1.1920704,2.14112,0.58781415,1.0068084,0.07820647,0.9851686,0.96549356,1.0166005,0.039522897,0.6555958,0.72833,0.8461799,0.07858957,0.33319294,0.7128067,0.18249334,0.03352375,1.2168915,0.41567028,0.042080607,0.6084312,0.7549373,0.08499823,0.697547,2.5801966,1.7012609,2.2457314,0.5776993,0.20818321,0.17062289,0.022228483,1.4762813,3.6137304,2.783075,2.0434582,0.018925544,1.041313,0.44445217,0.24593292,0.068411306
178647,20.37136,35.232346,7.6033654,2.4387665,37.28748,21.509523,0.32322103,29.207972,0.003205676,96.69572,0.16886447,1.5455233,1.4401191,23.93704,9.723402,12.301362,0.0437277,26.222084,0.0026805126,15.788041,58.50864,11.649087,13.956172,13.607032,4.0453644,1.3058286,9.509581,42.764515,0.18814705,6.6262403,0.024212793,0.010378286,20.780876,0.8982291,1.0534949,2.853586,0.7688848,0.6270222,64.223785,4.681623,0.2911993,1.53074,76.57799,8.72022,8.051765,11.861355,14.29626,3.6519656,0.20850867,2.6684136,109.34943,26.374594,14.03259,2.0184872,0.3540032,0.006667115,23.179628,0.14892186,99.59737,174.58043,18.110643,6.050263,54.18866,50.901226,11.346447,11.393142,3.3630352,5.9541426,4.7427387,17.641329,2.1204507,0.9050516,11.08949,8.017926,32.737106,22.794378,29.929527,22.605097,2.1671739,34.93926,0.04564591,9.480031,9.291053,12.367053,23.26383,0.8023833,27.668636,37.323975,51.821396,0.115454964,99.11359,23.912994,27.179325,15.133646,75.285065,90.96671,1.6623061,4.8675756,5.7273703,0.36198086,19.869556,0.5060143,2.4099016,62.565926,0.9160503,0.7789147,32.01862,3.8577576,57.974293,12.2773285,9.750819,0.060978193,8.153988,54.42886,111.352394,11.232214
178748,326.56757,351.9789,251.75157,30.333399,485.45743,199.46654,117.5402,308.4609,27.428616,856.55493,0.17147486,20.03283,47.76259,276.49078,9.486897,193.88115,0.85684097,194.77345,7.3803596,53.23534,425.57498,33.93096,81.34205,74.444855,0.076622635,30.876976,211.1508,438.49872,0.30393162,36.515926,0.8260517,5.8897967,151.15112,1.6824695,1.7747157,21.737843,9.349315,0.34373933,283.14252,71.193115,45.906784,16.220173,723.3513,43.37772,93.324425,106.114815,144.1159,26.30857,2.5758107,28.86702,892.723,292.59372,28.10846,14.070493,15.674471,2.3700678,224.10149,4.7491546,528.43915,1066.2471,169.43294,70.849884,308.86826,430.84845,25.691925,221.24696,32.21338,122.60343,0.7558436,299.77185,15.746933,29.95507,63.00527,104.242,219.32117,245.84126,230.0393,208.71927,31.390896,227.68013,1.9103875,98.87917,109.06447,83.69267,232.81425,1.1917758,173.89375,404.4988,223.33614,0.28028178,583.108,80.75176,111.618065,222.32698,432.8958,626.29364,1.2280469,1.1877761,124.278046,19.98925,68.837326,5.3294883,2.1864798,267.4913,137.54512,30.739876,96.59864,6.0194497,272.08002,163.7977,0.6213369,6.870726,249.21762,246.60577,1351.122,113.76462
178849,0.13265088,0.00014955198,0.30997753,0.52277714,0.48305747,1.6368424,0.230692,0.7884803,1.825474,0.637501,3.5819511,1.5644369,0.7043288,6.3066473,4.106916,4.4426,0.07370389,0.00047341987,1.2675784,6.466513,0.23560965,4.5452185,2.769804,1.2581233,0.7134957,7.048198,0.06234972,3.1591535,1.5683186,0.03938258,3.1841068,0.20669258,0.29671884,1.5642185,4.633145,2.2429671,0.63850504,2.383318,4.0789523,0.49258757,0.33011946,0.12420015,0.6864985,1.2147913,1.4506823,0.34808105,0.45890257,1.4063158,0.11242519,0.2272791,2.7837024,4.5857263,0.018760793,0.009292271,0.0010156245,0.27415133,0.3628762,1.4081168,0.03141006,1.5473025,0.18813506,0.01503971,7.194932,0.531936,2.8634002,4.2248363,0.14222404,0.39617658,0.23953032,0.050220173,1.1566298,2.6888967,2.8413825,5.096081,2.3006465,6.173182,5.8147597,7.1537423,3.1778653,0.027882181,0.5248924,0.70273685,0.17242539,0.9329086,0.13006847,0.6129725,0.6663741,2.9181166,0.07299001,0.7057986,0.6528737,0.32561052,0.7116517,2.5429008,0.5271587,2.6056466,1.749348,4.0339375,0.00032420008,2.2758884,0.8527206,1.9307328,2.603931,0.00142933,0.18846744,1.378575,0.0036556893,4.2513013,8.912127,4.8166327,1.6557589,0.43651673,0.0581437,0.1739769,1.0563245,3.806564
178950,247.56183,256.98434,168.36797,12.859211,381.72906,141.97568,84.92595,220.26495,20.651985,656.00024,0.24568139,14.138808,35.618977,201.32623,9.099137,148.44801,0.19100946,149.43114,3.6399922,42.454407,324.82065,23.11012,65.843765,61.99155,0.29943752,23.796598,139.55028,315.29865,0.23984298,28.883598,0.22269717,6.674814,108.9866,1.2403095,1.684712,17.227116,5.183487,0.60814244,225.04063,53.9175,25.951185,15.665856,540.2075,34.705395,67.3195,79.15308,110.91749,24.100616,3.4690623,19.812935,697.90314,236.09283,32.824574,10.990639,9.915273,2.5073752,182.10182,2.1464868,389.8789,833.62036,134.59337,45.0906,251.62735,318.1153,31.188944,164.56177,23.549995,86.72514,0.5180857,205.35196,14.225292,30.434187,53.420525,86.006386,178.0932,206.22714,178.91093,164.72023,27.340242,199.9439,1.6257356,73.48074,90.704475,62.20713,175.14514,0.43793818,113.58875,305.42764,180.81421,0.7571207,415.54062,41.71761,73.83515,207.04346,304.42645,465.54385,2.7987268,0.030318774,103.595695,21.80495,35.15135,12.796968,5.08759,189.57512,92.734825,19.218472,64.19225,2.4897156,189.53746,105.40164,0.14567602,4.218881,202.21725,169.14114,994.8361,57.035896
179245,0.956193,1.2517111e-05,5.75608,3.0732625,1.9521974,6.1182413,8.686484,10.706721,5.0572677,10.71253,12.614881,14.772946,5.8092556,71.021675,23.491982,39.79317,4.2941556,0.9690189,2.0410497,38.9792,5.2470036,24.534868,17.099903,15.420589,2.8947873,51.703762,6.2230854,41.096004,21.256256,0.99058765,29.03979,1.6275939,0.8402989,9.885519,40.842617,49.564407,0.30153763,16.911798,30.68862,1.8320804,1.4477772,3.0917683,4.2655015,6.3671184,8.100013,6.511377,3.664814,15.665511,2.3417542,1.669343,16.43234,70.49672,2.6603003,0.00082667917,1.7469283,0.71661115,1.6918411,7.017409,0.97723526,19.089628,0.40316382,1.8580288,41.12478,6.8499513,8.790571,40.083378,0.56747377,0.1186941,4.276165,0.1815581,4.8814144,3.588632,26.671305,42.18591,9.5139065,30.829475,38.463055,37.04262,17.80606,0.013698384,4.163168,3.9479349,3.5528193,3.9365401,3.2278588,22.373707,0.94738585,30.04826,1.800272,12.553915,6.8255835,14.457291,8.342964,12.11325,9.055735,6.2967434,15.0367,51.656887,0.26863205,22.65546,18.12623,26.355907,21.293272,0.0086038085,0.09180467,1.591151,9.298264,31.826565,92.46733,16.262678,20.066593,1.183173,5.8767633,1.7987138,10.18863,6.0535464
179346,0.0035578615,0.053259287,0.076726876,0.061808854,0.010863834,0.00037556834,0.09441139,0.09191703,0.025153214,0.16054958,0.0069790846,0.0010262217,0.025717143,0.0404983,0.012358322,0.10179841,0.0337323,0.025718067,0.028167475,0.080140725,0.04805016,0.07976138,0.0005105441,0.0018731885,0.029772384,0.021275623,0.03172529,1.8081704e-05,0.002849547,8.226901e-06,0.0006994705,9.831347e-05,0.033596914,0.001521742,0.07590389,0.0946173,0.019966736,2.8785073e-06,0.1389788,0.15878455,0.09347592,0.020737952,0.10566463,0.041136764,0.28823617,0.00010182601,0.01757303,0.028989263,0.010386104,0.12069919,0.034764722,0.00857327,0.0003288292,0.06255306,0.00042060963,0.0006906137,0.051196996,0.017973777,0.07491844,4.294232e-05,0.0030577856,0.0041111014,0.13988006,0.0008477033,0.042389758,0.013053209,0.009407446,0.01978462,0.15169701,0.019514281,0.025820527,0.014217678,0.14210181,0.19278717,0.14307034,0.32053655,0.021666855,0.065290086,0.009175875,0.00045127273,0.0005633669,0.00019519564,0.05121397,0.008894154,0.030570017,0.021166721,0.17898199,0.018287867,0.0025227105,0.027021226,0.008103573,0.15573117,0.00016107809,0.00037308206,0.21489944,0.00036277313,0.2964626,0.016858894,0.0056278417,0.024331389,0.05745197,0.0033669546,0.00068976113,0.009052795,0.08199001,0.091378555,0.23818307,0.25786301,0.9175298,0.89237046,0.023759754,0.30073458,0.10938043,0.01623679,0.025373384,0.18688858
179952,0.5265727,0.16955124,3.0288079,1.4635079,1.9423014,3.044502,0.7579302,4.5726466,2.099921,2.0373983,7.4278455,4.6366806,4.4016743,14.968766,8.837027,15.664122,0.5060598,0.18372074,1.7883613,15.039757,0.63609356,8.375449,4.624308,3.2127442,1.4692795,17.064413,2.56514,10.949924,6.8038106,1.1363727,10.922337,0.39401495,0.037011925,2.0555086,9.859728,14.82247,0.19790661,1.6713635,6.0663915,1.004732,0.040821925,1.9553274,0.28035933,3.1322277,1.5809757,0.5003234,1.577239,5.356585,0.2765063,0.57398236,4.2766666,15.579031,0.5408834,0.020179769,0.13759431,0.20641187,0.19191632,3.431113,0.668847,3.581132,0.11881861,0.0045934278,7.7304244,2.7564576,2.9036152,10.936848,0.09687621,0.005651852,0.3410044,0.070190184,0.6811645,1.4600952,8.080357,12.997841,3.7173126,9.06023,8.048033,9.624952,3.7906284,0.2403817,0.80224013,0.66611356,0.6875546,1.2929937,0.19799206,4.5615416,0.042431396,12.413231,0.19739878,4.837634,0.5669251,6.8182154,2.6274302,3.1443102,1.4233752,4.074635,6.702632,19.692663,0.032555014,9.251348,4.3861227,10.662441,9.585935,0.30544406,0.021910917,2.2802799,3.9055295,11.167235,35.215717,5.9553714,7.6377344,0.035201795,1.5300598,0.4709143,2.2652855,6.0232115
180129,0.21392798,0.026199738,0.26657316,0.30035546,0.18040662,0.9959806,0.29084894,1.0223272,1.5373298,0.42908657,2.491119,1.2790678,0.7128688,3.8829248,2.4547398,3.69748,0.043502666,0.033890583,0.6868224,2.8979988,0.08231086,1.8480657,1.4828728,0.7531063,0.42534164,4.502978,0.41366956,3.122528,0.74029076,0.21225838,1.257112,0.01655535,0.0026380406,0.5290439,1.2500914,0.5712882,0.07654143,0.7417065,1.822305,0.18998748,0.27608177,0.14917701,0.1675048,0.7809969,0.90048337,0.0007666202,0.211731,0.6678492,0.07591914,0.040598456,0.60372084,3.5272646,0.16204447,0.0022714466,0.0007481729,0.107663006,0.30884907,0.47583163,0.08356133,0.9059774,0.00087108056,0.0038966595,1.7149144,0.42815393,0.43911535,3.1148973,0.038167186,1.2003312e-05,0.111151695,0.00090545317,0.062300097,1.1307592,0.82325536,2.3995886,0.3878843,2.3090315,1.6109506,3.398176,0.46079352,0.010882803,0.12961619,0.29624707,0.31703258,0.6522421,0.02562334,0.72795475,0.28754538,1.4861394,0.009307634,0.5619227,0.1856985,0.98163474,0.23135258,0.6367335,1.2152104,0.49086505,0.5140279,2.8151863,0.10768714,1.0632641,1.6996485,0.97516686,3.117651,0.021011151,0.12683852,1.457161,1.521057,2.6594784,3.3722744,2.129437,2.4590983,0.10957286,0.004070536,0.4383137,0.6479757,3.1327312
180230,4.5457025,2.6006236,1.0138874,13.225185,8.189613,37.552376,66.918396,51.461163,20.889343,21.819645,74.608215,93.197784,4.492665,278.1836,96.99632,155.7201,0.06633541,0.11635509,9.915181,157.11372,25.755991,81.06502,58.430534,102.356285,20.421642,203.56969,27.52284,166.17906,138.45705,0.13340782,161.77129,28.906073,1.1132334,62.21616,177.98148,205.09859,13.317835,91.04415,119.97166,35.488194,2.9780278,0.27887028,0.09104922,9.334912,55.011814,38.40422,6.5308485,38.822132,4.786826,23.495209,61.403942,217.51175,13.751034,10.303607,8.204503,16.381548,1.6929454,52.30932,0.25766498,77.42797,0.09631472,0.1433789,235.32675,3.070938,100.9915,138.55258,1.3982598,0.30152315,83.902435,7.8481755,18.027874,14.532684,136.62625,215.59087,49.665195,103.851524,174.97606,169.17496,128.05164,57.896675,48.797867,0.05965783,32.730644,46.972664,30.4427,75.60801,13.296758,55.048336,8.759666,76.34026,30.025356,67.1916,36.41697,7.6768985,6.590375,9.49554,80.128426,217.84167,1.5488839,73.85555,28.13124,49.36747,65.10675,1.976829,1.913595,25.511045,14.525975,84.968666,371.43283,63.11015,29.072155,8.998707,19.036509,0.7724163,60.291492,88.68783
180432,0.01690144,0.00028671924,0.00087956985,0.07515467,0.06537758,0.23916772,0.0018620312,0.012978534,0.009964619,0.050056487,0.051535547,0.05850487,0.2719349,0.02691093,0.045994427,0.14588572,0.0008269637,0.00049400993,0.016687984,0.056856208,0.0034691887,0.0032025923,0.0020076847,0.056986555,0.05046303,0.2994676,0.00929455,0.13438724,0.026674865,0.0059076813,0.0007806522,0.12256486,0.00017671568,0.015218743,0.0070714178,0.0019610345,0.00011480117,0.031306062,0.052525893,0.011558368,0.0004511045,0.002307919,0.3932662,0.01220981,0.15217783,0.05800888,0.0034541162,0.000127229,0.0042282003,0.004725566,0.0084281545,0.012635715,0.011103587,0.0017974216,0.027600486,0.00046176536,0.007006219,0.032392986,3.906727e-05,0.1090156,0.016730098,0.023513168,0.040996347,0.008479802,0.002336199,0.045927726,0.015724594,0.018625237,0.02965525,0.061501265,0.54529756,0.00039950587,0.03582779,0.078826874,0.0007200993,0.0008339029,0.08171696,0.03909329,0.20017356,0.02795581,0.037504803,0.04704664,0.49489945,0.0023975398,0.015168974,0.0028530604,0.13231336,0.1456754,0.043385237,0.0025974992,0.010211131,0.23726723,0.0058725947,0.16864352,0.17428173,0.16179499,0.16441599,0.1347253,0.15952578,0.15764967,0.001025836,0.076680966,0.004843627,0.03409318,0.0041997153,0.024137614,0.0056276093,0.0005249159,0.22003865,0.44992223,0.27962378,0.7333648,0.15518016,0.032918222,0.019701548,0.066351086
180533,0.022965468,5.800756,16.549217,10.124901,8.023763,13.467719,1.0920755,20.643171,10.367869,1.431342,22.857515,24.93323,13.806304,38.423832,32.6712,52.714466,0.21123329,0.10817653,7.0414042,55.0244,4.549875,24.212736,21.98187,22.120632,8.412828,57.555614,13.224791,43.667484,31.500126,0.12128709,45.109985,5.974374,1.5643545,17.499317,51.757797,71.38656,0.31329992,16.227468,28.5875,5.88074,2.5462396,2.8815851,3.6454387,13.597477,0.9700738,7.1441455,10.856695,19.11326,2.7115057,3.7283125,19.622845,33.778015,0.38550323,1.1720308,0.12515454,1.674411,1.1267614,20.767902,3.300856,22.10664,1.7853843,0.29517183,44.831463,1.0377208,20.807653,22.029457,1.9291751,0.36922264,13.173938,3.2575872,12.3669,7.5545163,34.459316,44.352715,15.606774,23.02239,48.84619,40.032673,27.754549,3.330063,11.633748,0.11973234,7.030528,6.4944124,3.8216603,10.480131,0.97893,12.738357,0.29604,14.461658,0.72045606,26.121893,13.666939,5.9377384,2.4835527,12.097033,22.80237,62.313988,0.28235018,30.750368,7.2225385,17.531082,11.60622,1.9896026,0.90712994,14.829377,19.924097,21.648296,72.50879,18.043585,9.065911,0.893087,12.985466,0.10157677,16.536816,20.785286
180735,16.127075,22.083773,11.165506,3.343253,38.21868,20.685505,2.7086565,17.99535,3.6790376,62.722565,0.39160112,1.8612573,0.24619406,14.993925,0.32335672,11.859533,0.7416221,23.735563,0.23070304,13.583967,23.421175,10.726705,18.923868,10.316386,0.70295876,4.648837,16.824915,42.277634,3.2598574,9.484017,1.3812528,0.46626997,21.197287,2.4220195,1.1060352,4.7340374,3.9299123,2.7038705,19.072126,0.53880966,1.0041444,0.10857186,54.32804,3.465723,6.7185073,3.0046465,17.10968,0.35052547,1.671651,1.4673084,73.96607,17.880743,4.519155,1.7115027,1.9810305,0.9354744,20.317987,0.912058,43.819122,90.21795,16.234003,4.291742,52.279644,29.698833,7.340626,7.078504,0.5511145,1.0800401,6.6604834,10.834486,0.052756134,0.12860629,1.322875,2.4018803,6.0160956,9.300833,10.67152,8.195232,9.673366,24.316946,1.1810731,8.194718,23.42658,16.391619,22.835312,0.33378512,6.761627,25.761688,16.156654,0.097156845,45.351955,7.60786,6.7385273,14.678436,21.080824,26.932335,4.3590055,0.6055479,8.247903,1.349446,3.59194,0.17409192,0.0600274,22.031946,17.245594,4.245607,2.6390707,0.050479103,15.348083,1.456624,0.31034186,2.0698898,8.518872,20.309326,102.19102,1.0149194
180836,19.751202,3.5572314,0.45155033,28.691347,12.664526,89.588104,205.31186,130.78534,34.171577,74.95373,162.90541,240.05563,5.2197447,781.7417,212.2381,389.34665,0.1805075,0.24896419,10.002867,371.8734,57.34801,190.34508,112.01245,252.32169,34.161995,509.60596,58.701637,409.6562,356.40027,1.113447,408.61447,57.520405,6.5961566,141.84633,460.58765,573.1476,54.50754,217.75174,299.00732,89.10488,9.171257,1.4344767,1.880582,20.174093,149.97565,84.129135,15.673276,101.1013,3.9859576,46.508118,148.00398,620.8587,56.559875,31.674322,32.10085,33.005417,8.008493,125.90608,0.15598492,187.24481,4.5702405,1.6067181,524.3273,14.361046,215.13431,409.5831,9.516597,6.992688,172.33292,18.92323,28.088636,23.019957,345.13788,542.73206,153.16116,286.5675,425.29865,415.70346,310.64252,138.56487,112.516205,0.3999908,77.20278,110.83669,65.201775,232.10121,18.601213,143.14201,38.135834,193.71104,66.950165,206.16888,98.205925,13.670816,27.519403,23.199427,207.26724,617.00446,1.8484612,197.6863,82.991295,140.39566,177.30971,5.091047,1.398653,87.32826,44.942387,179.72981,978.91064,115.0608,84.36572,30.138056,74.88371,0.99588245,177.1026,200.5299
180937,21.662191,40.557613,16.247297,14.850015,29.07241,23.813597,4.5852413,32.8627,4.4160337,91.22085,0.15406372,5.7278895,0.003039163,27.735435,1.767039,16.07733,0.12611322,32.208073,0.4361138,22.18007,40.361248,15.028567,30.206474,19.442064,0.0010658703,3.8869164,15.3218,44.093662,2.2177787,10.487151,2.0624278,0.70390016,30.60866,5.00444,2.7292905,4.5890822,2.044836,4.648395,38.384094,1.4009641,1.0906154,0.1659357,78.64594,3.382786,11.43283,2.37587,18.977175,0.1486468,1.7663785,4.412243,95.14632,22.758345,5.7471194,0.66738737,1.2478733,0.9370616,31.605803,4.558211,62.895,107.407005,27.722288,12.134712,59.56758,48.757412,8.917185,11.769792,0.68899435,1.1174681,7.5153837,9.695355,0.017023286,0.0018720459,2.9415224,2.9870567,13.285837,11.749188,12.349363,9.418882,6.9881344,23.539541,1.663161,15.455263,17.432167,19.538998,27.926838,0.69209015,6.8059115,39.11806,20.641523,0.10417803,80.42999,18.879938,18.444159,10.779835,47.138187,37.332027,0.6085108,1.2683086,6.5206394,0.00888841,11.387357,0.57246524,0.611681,34.056843,23.39876,6.256761,9.644606,0.0029510097,24.31719,5.3834963,2.5838192,1.3991947,12.350735,36.64023,137.04424,1.9767814
181131,632.60736,655.09607,521.23425,70.91066,886.6384,341.84265,273.40753,574.4244,63.85748,1575.0704,2.6058676,44.44964,118.78465,534.7781,11.22663,377.415,0.24938954,371.8818,10.007336,91.48356,736.1034,53.036617,160.39844,137.04973,0.47432998,54.924706,392.3609,794.694,2.0237653,74.85691,2.7875817,10.949926,287.95233,3.5012617,4.72323,42.147964,25.771921,1.5373254,479.7114,122.11852,92.78283,25.35881,1278.961,70.80959,177.65613,194.10852,266.70782,37.859394,4.6587515,50.382652,1566.2069,523.80615,45.88851,28.99928,24.602013,6.344291,438.89215,10.897137,934.53015,1799.9097,324.00928,143.23088,570.83057,799.6905,41.369106,420.9354,65.3529,250.64072,3.138965,527.1217,27.941788,58.186,130.26653,216.0757,383.13077,443.50195,400.51254,373.60703,68.05348,380.84668,5.0071435,194.55873,213.93535,143.8023,425.58585,6.458127,276.81778,766.7746,363.68176,2.9660876,1006.5888,98.91801,169.94571,479.48343,769.978,1101.6296,4.8361416,0.023056427,271.58826,53.284058,105.56893,24.486431,8.69467,399.10297,304.14178,83.1828,134.43152,5.5640025,440.16608,310.32538,2.443238,25.386024,479.60114,372.89154,2602.7349,135.84738
181232,0.07852009,0.006567011,0.08553953,0.017269215,0.00027728622,0.27602836,0.12746742,0.33466884,0.2943826,0.38324213,1.2290622,0.2853878,0.1155401,1.313494,0.86455196,0.978873,0.09629768,0.024083734,0.29149273,0.88950884,0.10578262,0.8036305,0.610079,0.0338379,0.0093774935,1.342913,0.041696217,0.616589,0.040821012,0.05801669,0.32178003,0.010753652,0.054385338,0.34211585,0.43754333,0.053594217,0.13388498,0.121449664,1.1921113,0.021458672,0.010914246,0.100441545,0.1457937,0.12573926,0.5291949,0.018278241,0.03855675,0.10856814,0.0007018233,0.11514118,0.5252102,0.6517656,0.067673706,0.0023612708,0.122931294,0.21060793,0.05881988,0.50219953,0.060672984,0.8371727,0.007273459,0.12293457,0.5352949,0.020860776,0.27094308,0.637268,0.009815961,0.04991357,0.3850967,0.16502465,0.12701014,0.112481,0.11521461,0.44459635,0.13825211,0.5291917,0.4513179,0.6963522,0.42115867,0.24114223,0.005201382,0.013658463,0.23293683,0.17221665,0.055679664,0.005224415,0.22455166,0.886923,0.063704625,0.5807297,0.008536934,1.333129,0.06007805,0.15392177,0.29732245,0.2316084,0.0005401793,0.49076492,0.0024644004,0.5053598,0.034993805,0.0057441313,0.37550887,0.21922801,0.07472333,0.14357175,0.0012432692,0.36548755,0.77422714,0.03311052,0.12596412,0.0057019936,0.041044828,0.56289756,0.1593209,0.04358413
181636,24.05305,0.6149518,2.8296776,29.206234,2.4244127,81.94934,206.64111,124.33595,22.822935,95.70054,113.200516,205.96428,5.2536087,841.9254,174.16432,394.9953,20.062595,10.649632,8.704038,316.11032,34.558147,160.96129,111.44552,212.2935,23.968163,468.64642,40.920998,360.3241,275.88757,11.410622,384.8886,27.247347,13.648559,89.40893,378.9028,529.0593,66.26133,155.63977,276.67944,41.936226,4.262947,14.258704,2.731314,10.448902,184.25041,53.38251,5.2265797,94.48029,0.018385153,27.873352,114.93595,728.6948,76.493225,14.895618,54.45423,10.278452,18.09021,94.01229,0.15842393,154.36221,17.021437,11.536417,387.9836,42.589516,111.5686,480.2426,35.06343,24.766579,90.00652,3.5364044,22.652197,10.791779,254.70447,420.45328,90.84618,204.71861,344.2324,335.85452,214.19278,61.286648,66.31049,3.571676,89.39088,100.91314,38.838173,290.35468,29.506641,167.38531,60.32802,196.28114,93.45352,187.27376,79.7398,15.575373,51.917534,20.178091,180.5825,604.3722,4.707252,175.0555,130.0184,168.6957,235.92807,0.75613254,10.034869,36.70613,56.512417,203.677,890.74286,96.03473,89.83186,5.683141,57.396408,9.276995,126.04219,140.68365
182032,0.015296376,0.00047789558,0.17481813,0.14827488,0.05239817,0.27151605,0.0003436303,0.00029702557,0.031812243,0.089835845,0.053665392,0.08879477,0.0015382953,0.0040328125,0.04037405,0.32521597,0.0055598095,0.08704182,0.018793864,4.9665373e-06,0.0033203412,0.22937573,0.021387478,0.00046890904,0.0052229967,0.052195795,0.0310001,0.08704889,0.035893787,0.010990384,0.028137824,0.082238205,0.010720694,0.019561512,0.23264985,0.53568685,0.01565305,0.008639717,0.26745945,0.07071935,0.03623313,0.06467904,1.2066116,0.08536452,0.0046798834,3.6058766e-06,0.20431556,0.04389143,0.1819071,0.057564232,0.105661765,0.0067967176,0.007416769,0.074867554,0.04797859,0.01772363,0.06583713,0.1842261,0.3433289,1.4118586,0.008971027,0.013734047,0.02323594,0.029054824,0.010280948,0.19255818,0.016995674,0.0059815045,0.04949634,0.00015494783,0.35096502,0.26847038,0.2180737,0.07537739,0.5157761,0.720593,0.05217399,0.067179434,0.08499272,0.006613428,0.029336404,0.013564586,0.0027215334,0.18072686,0.031368054,0.075964175,0.2435866,0.18117292,0.05133094,0.011102896,0.2542693,0.097837605,0.08055591,0.057938043,0.0069703674,0.22802477,0.014113692,0.026124585,0.05447151,0.041594017,0.0004192862,0.0027557379,0.008749522,6.6170076e-05,0.010130816,0.04586028,0.28371704,0.0009141106,0.7555418,0.0028802103,2.6970518,0.2870666,0.33731222,0.084438525,0.00015861004,1.6777015
182436,22.932165,0.12381187,2.817818,23.076853,1.4620745,65.63748,181.6402,105.10937,20.795805,92.14428,95.68871,183.00217,5.55656,764.3666,159.79663,363.21115,20.496803,10.465334,6.5419593,269.21423,33.075016,137.74527,97.02161,177.29416,19.032307,418.9124,37.36224,328.3148,241.19559,10.025092,335.4092,19.121029,15.594811,79.003975,343.02255,466.109,59.01109,145.54886,243.23526,37.960403,1.9199847,12.475343,1.7488524,8.557255,180.14725,50.243202,4.3540163,83.67796,0.22528699,28.29573,104.512115,680.7309,71.278625,9.212055,55.18192,8.794105,18.79146,75.75197,0.02898423,147.32864,19.791143,12.814265,334.98026,39.85477,90.86009,432.96414,35.883347,25.04237,78.0747,1.4778225,15.929422,6.836866,217.94884,373.68622,78.01819,190.89851,310.33594,306.92722,186.69853,46.221172,53.736336,4.786314,67.58308,90.20286,35.981606,256.14603,18.200932,155.71913,53.28925,184.7917,81.91757,164.17401,81.675224,13.737669,48.44014,17.346664,149.02254,528.19836,3.844291,165.47047,115.133156,148.7873,199.83627,0.9916573,12.572171,26.182505,44.280872,194.56506,884.3447,76.8417,90.50834,8.757362,56.13566,8.253911,108.42438,138.85841
182739,2.3193696,3.5616913,12.778711,18.47875,2.9549055,31.225603,25.162512,57.057114,10.877426,11.015867,41.861507,65.03873,12.593548,178.27295,63.695934,155.30757,5.2561946,1.4000825,5.3030996,110.25158,9.448271,44.910435,43.70137,66.17491,10.609936,143.34262,16.609331,107.17234,85.073875,2.9041271,137.02327,9.610505,0.5310378,31.147516,130.02142,185.90361,5.2572827,39.736004,85.427605,19.900848,2.5053377,9.504698,0.1879102,18.314945,27.926964,16.651758,13.195525,50.035202,0.39598098,11.7990265,46.438637,149.76765,11.503802,9.052245,6.9735413,4.8583455,1.5792992,35.339653,1.0144432,39.692436,0.4233332,1.4843365,112.918495,7.5252814,31.364618,108.79577,2.2929718,4.328321,13.869822,1.0611632,10.319897,4.152989,77.85648,121.51134,25.880945,45.84839,112.91189,96.569756,64.97165,11.085789,20.3188,0.24300231,32.510586,29.682491,10.374251,53.264603,6.611515,37.813934,9.440863,70.5113,11.438915,58.973907,36.17508,4.062237,14.225785,10.756512,72.236465,205.49422,0.0029227126,69.11221,31.92039,39.218838,51.431408,3.585753,0.28766847,20.185606,39.57672,54.051052,255.50772,26.840136,50.05946,2.9806335,28.935274,0.13914613,39.30428,55.31574
182840,1.8622882,1.1236949,0.4345686,0.4013577,0.73324376,4.547497,16.814348,3.5805914,3.7308404,9.232349,10.728324,10.930101,0.8372814,75.78604,23.12994,26.095385,2.1720023,0.0046534557,1.3545408,30.471247,4.6186986,18.482145,14.959204,11.9246,3.1479952,40.720203,2.263483,25.445545,14.518222,0.03771766,16.564245,0.6544002,1.7648832,7.826095,29.677929,25.666115,0.8395351,19.33269,27.790377,2.3848288,0.87028784,0.0033913115,3.4048588,3.0800362,17.842522,5.4175553,1.0581347,8.213081,3.6840167,0.72343194,10.338567,67.9309,1.6673694,0.027086386,1.9558532,1.9683926,4.416609,5.539059,0.5895664,21.620102,1.6654577,1.208095,38.030815,4.1757956,6.2311053,39.840305,0.7985028,0.009105533,11.705859,0.063835785,3.5464396,4.8756933,19.390078,40.830215,7.042014,32.53846,41.64439,46.48587,18.294506,1.10349,3.2588508,2.7909882,4.0637255,6.8408327,2.721172,14.443605,2.3586252,25.019707,2.3642256,9.1815,14.080375,6.7591662,3.540503,11.827963,3.0116072,12.240322,7.8394055,32.733055,0.97487044,14.851277,11.800052,15.542181,16.970926,0.48717397,0.018722963,2.125349,3.6204984,15.874637,102.095985,31.636848,15.060644,1.4357795,0.05394725,2.9540133,6.6212673,10.597576
183034,0.031136563,0.027859662,0.3492875,0.27339035,1.1939186,0.12505321,8.179314e-06,0.063517086,0.31604224,0.00798441,0.16167417,0.10560314,0.03783594,0.0024052977,0.35908672,0.28176686,0.00042685954,0.019168064,0.0050643673,0.019100817,0.28417784,0.18681026,0.21630442,0.08937756,0.00447432,0.08310227,0.4410562,0.665246,0.027542252,0.20126544,0.7521569,0.24288417,0.122780934,0.058383077,0.028859448,0.74190646,0.3991156,0.050888103,0.00014349176,0.13828161,0.05849224,0.30677748,0.28867897,0.1990844,0.00022810008,1.4152244,0.24387664,0.6536589,0.06714002,0.073870435,1.0757865,0.08128122,0.2861209,0.059398536,0.11534458,0.109886594,0.38718396,0.0061635748,0.34689304,0.7864165,0.18105173,0.03300869,0.08096739,0.02570479,0.053535927,0.0015437097,0.6117885,0.033815417,0.08575282,0.17287785,0.058409408,0.021202872,0.016299307,0.016671587,0.021133306,1.9428378e-05,0.00022240357,0.246605,0.08543552,0.5536768,0.027962526,0.09931544,0.0025156,0.064936996,0.025087293,0.6694841,0.00034459724,0.06118278,0.4599652,0.04720222,0.061361525,0.031827424,0.20051669,0.17775409,0.24270505,0.09497326,1.2678074,0.6970394,0.36908764,0.46717396,0.010337006,0.2365063,0.0021290604,0.4883962,0.17918728,0.23281765,1.2238702,0.5600492,0.60043436,0.18181631,0.36940512,0.60764134,0.877911,0.0010550385,2.1469831,0.5346565
183337,13.507137,34.091915,11.000372,12.257535,31.689455,26.642195,0.46051425,30.931164,0.99225503,108.04279,0.09483387,2.1521754,1.2864201,23.10721,4.780721,10.238293,0.09529405,25.9106,0.44768944,14.317059,53.105076,15.693493,25.991982,20.897808,0.3018276,3.524011,16.07583,43.092796,1.3458616,9.169685,1.3371457,0.12250528,24.75648,0.6536581,2.917776,1.603387,0.2230544,0.53731334,54.297493,4.5782075,0.29473028,0.0306605,70.39463,10.153488,5.3139925,9.5371475,12.7840605,1.5651789,0.61681855,2.581153,93.45861,14.308026,11.597993,0.0010215642,9.746265e-05,0.28895652,23.851377,0.7043283,113.99984,158.08208,18.111368,8.160005,60.32878,46.786602,6.187095,7.3555126,5.914414,10.420065,1.6140038,26.604355,0.90205437,0.055971343,4.242879,4.9233613,16.983696,15.570954,22.131721,16.915937,5.3257847,13.362955,0.68187094,9.575432,17.483383,14.6153145,31.20623,0.066046596,19.459923,38.409092,36.98081,0.9057705,140.21571,51.840424,46.4269,0.74281466,69.00641,78.62077,0.07680917,6.005441,1.3844281,4.294926,28.72594,15.260534,8.769111,73.52907,44.11984,20.262266,47.053513,12.1884985,29.669538,8.755348,9.327784,0.028651962,4.269107,63.331043,234.63115,0.73776126
183741,19.667097,29.659094,8.721751,1.8421263,51.140053,25.886534,2.7318017,22.936905,3.6557238,83.22764,0.18257514,2.573502,0.03241039,24.13183,1.8532974,14.738371,0.34510663,27.679758,0.0053503397,14.015759,34.703514,13.304841,17.257639,10.83514,0.01720971,5.441892,16.324131,54.96707,1.1482925,8.070818,0.49575147,0.011236431,18.69754,1.0935258,0.6263467,4.221441,1.8609685,2.532658,39.014706,3.2946124,2.2500198,0.32248914,67.53346,6.8609266,6.583672,5.8485503,16.219301,2.7687318,1.6377763,2.2459135,96.74291,22.737785,8.763198,0.8887565,2.4699426,0.3714518,24.544153,0.8774404,51.33814,118.46658,18.022688,4.1457133,54.919117,42.14331,7.927434,11.7003,1.259845,4.15662,7.3318057,12.76642,1.3889537,1.8715112,4.7792625,6.719997,11.192138,15.329274,18.641573,16.300863,7.2523856,36.10723,0.580927,10.837456,15.900751,19.341974,25.675169,0.025776206,17.061892,33.82529,26.369118,0.011897623,52.26251,15.199014,8.104731,17.808788,30.405989,41.045277,2.0182083,0.0032846837,10.913694,0.48896095,3.7838826,0.776969,0.49062654,35.14899,18.70425,3.26315,6.603971,0.00015063875,25.296757,6.021293,1.7627522,2.2952528,14.988795,25.790575,128.89967,0.7719215
185038,0.00513834,0.034492128,0.4806487,0.0017829055,0.00055904296,0.028584708,0.030872503,0.010991809,0.19627954,0.34937042,0.35733935,0.058089245,0.08226335,0.40545744,0.053537745,0.01578473,0.028905984,6.0249577e-06,0.41440326,0.11073797,0.000992508,0.033954103,0.5865978,0.3454926,0.07326018,0.26364714,0.013940189,0.08011822,0.04532049,0.21234311,0.02421665,1.8918927e-05,0.0001480745,0.07975253,0.057022788,0.23280063,0.013343962,0.03561726,0.9943105,0.044816975,0.035332065,0.0001451085,0.038351346,0.20676623,0.012158151,0.13438645,0.0023644941,0.07786015,0.03620619,0.37262872,0.03329209,1.3130852e-08,0.029152293,9.850447e-06,0.0007214787,0.16604029,1.1025821e-05,0.1705083,0.0038788726,0.00091124844,0.030349232,0.0208165,0.08572249,0.075515695,0.03749977,0.060959768,0.0006840214,0.10568219,0.024245488,0.14685562,0.0009200175,0.034044553,0.17559384,0.33503383,0.08998649,0.31313127,0.22251265,0.3168405,0.00078128517,0.1887518,0.043487076,0.015797043,0.51835513,0.010820632,0.038653348,0.033453297,0.58110946,0.073720984,0.007551361,0.13949369,0.17125323,0.0048466143,0.008874608,0.051892303,0.0047878698,0.516311,0.012809884,0.4006774,0.20700264,0.021023508,0.36066303,0.14014186,0.5513429,0.0140013965,0.0010166626,0.44791472,0.00018797778,0.30992332,1.9112022,1.6151754,0.6487963,0.00465267,0.00032315106,0.064900726,0.14125325,0.00012013951
185139,0.06034441,0.0014585139,1.68888,0.75993204,1.7842026,3.3020675,0.16776189,2.3272953,3.3235002,0.50878006,6.535135,3.5086923,1.8388166,8.006426,8.120199,11.229057,0.024327211,0.013466867,3.3635712,11.061464,0.034994006,3.114144,4.3183875,1.6497304,1.9499222,14.763708,0.7910577,8.645576,3.7085576,0.239059,5.3721714,0.14459734,0.007382258,1.8611213,7.442872,5.789907,0.108789474,1.4056596,6.0643177,0.5509592,0.6274792,0.5011334,1.4445659,2.8304343,1.9630395,0.65250385,1.1100118,2.8869753,0.50446934,0.28281248,4.0820336,9.6643505,0.059460502,0.14595315,0.07213641,0.65048254,0.09998332,2.3561165,0.30292317,5.857123,0.27049315,0.19629431,6.2951856,0.91189986,2.6092155,5.747931,0.15813357,0.33972466,0.5718433,0.006418653,0.4819852,1.703861,4.874922,7.3162327,1.9365847,6.212691,7.237142,8.066309,5.911547,0.05617156,0.7842441,0.68743795,1.5562942,2.6433609,0.39116237,1.028347,0.277737,3.979496,0.0129186325,2.8847008,0.43428057,1.899091,1.9843779,1.5909946,1.2673036,1.358265,2.7657497,9.316095,0.0017048682,5.533352,2.0811336,3.642637,3.4352903,0.13068846,0.42200592,2.3507648,3.68192,4.9341445,21.310223,7.2229266,4.2654,0.5936454,0.7889604,0.44241872,2.129665,4.8882637
185341,0.44540748,1.2648488,0.70031214,0.60424715,1.4357032,0.75164807,0.2510195,0.567567,0.317718,1.0459284,0.1944112,0.015888901,0.01199863,0.19042955,0.15271185,0.011972495,0.019400204,0.2867351,0.02387506,0.02642203,2.175574,0.7376289,1.7621555,0.19442074,0.00410013,0.25969967,0.8010193,1.5687684,0.7750206,0.36507437,0.07820542,0.2027493,1.0650967,0.0065672826,0.30360046,0.00025578175,0.5999307,0.36407256,0.20632498,0.0022109284,0.076877706,0.022201326,1.6936245,0.19814676,0.6432488,0.08331256,0.9274461,0.01648248,0.016333165,8.385833e-05,3.0655982,0.71353215,0.0014285235,0.0028526562,0.013046425,0.076544136,2.3610277,0.39427668,0.47873074,1.7834393,0.51879036,0.039473925,3.5886796,0.5940818,0.60010105,6.09789e-06,0.3477631,0.0034710637,1.2891122,1.1266308,0.02809131,0.1331936,0.17752217,0.16389821,0.03115049,0.4533172,0.31289732,0.27172014,0.9349198,0.46762243,0.24133395,0.12720838,1.1967715,0.6080436,0.98654747,0.18737972,0.089183934,0.34685287,0.442842,0.0061231125,1.6977046,0.014655917,0.49373755,0.14707837,1.5082054,0.7030337,1.4123718,0.21803306,0.28873882,0.0004206217,0.16814663,0.06154546,0.02111171,0.7196428,0.5579657,0.0035386162,0.65138316,0.1668831,0.25320902,0.6063608,0.38511965,1.20984,0.9022076,1.0286282,4.448061,0.012480432
185442,8.308584,13.082006,5.8328524,1.8736014,17.373053,8.811544,3.7575078,10.972074,2.8430936,26.274517,0.92437905,1.1082145,0.6970514,9.753352,2.0130832e-05,6.129828,0.25743085,10.579955,0.044531375,4.8314404,12.754126,5.934397,8.992349,3.9431877,0.14666674,2.8539324,8.999172,21.142591,2.1524744,4.282151,0.35615385,0.097600415,10.344113,1.9865649,0.98842984,3.3766072,2.8107092,2.987196,5.990205,0.033460483,2.305713,0.6912071,28.147804,0.45621625,3.02225,0.491583,8.730091,0.079231404,1.2920265,1.5630007,34.649387,10.95561,1.5096215,0.9138263,1.9336121,1.7256116,11.163119,0.9661513,12.382176,29.854647,8.226011,3.5163438,19.794878,16.084787,2.9482396,5.7832737,0.17113337,0.22312973,2.553021,4.7502427,0.23669249,0.012717401,0.046467457,0.3048657,0.9353628,1.7774394,2.7783062,2.155264,3.9398918,12.383261,0.58821505,5.3782597,7.260384,7.0335436,9.824923,0.64079696,2.1595523,12.172683,4.893093,0.0554845,22.01523,2.1178372,2.775769,5.3278804,12.135247,15.4130745,1.4507177,0.31123933,4.2269034,1.0207584,1.1864761,0.036411036,0.18398757,7.8997073,3.4599228,0.31935784,1.9093533,0.28211448,5.346321,4.3943934,0.5444677,1.0201052,8.635541,9.434545,40.157085,1.2482363
185846,0.31643125,0.261637,5.107214,2.7149925,2.9620018,5.2120485,0.4495752,6.1170726,3.8623078,2.2870715,10.30081,9.867429,5.7735205,18.864838,13.260722,26.28739,0.17031413,0.0051341727,1.8059794,22.367897,2.2675123,11.439306,8.106896,5.9257503,3.576689,24.54007,3.919034,17.126312,12.043354,0.27056912,17.90766,1.9167192,0.43117505,5.406796,19.176962,27.322952,0.033829063,6.078172,12.622081,1.536155,0.8098902,2.0603018,1.605133,4.531381,0.70059925,2.083477,3.4013095,7.90088,1.08685,1.2290963,7.929852,17.60933,0.05584911,0.023017475,0.0013144556,0.4369913,0.00040992402,5.369662,0.36451045,7.352916,0.45388097,0.019490588,17.54825,1.5122356,7.200254,13.015419,0.35238153,0.06372582,1.0108348,0.024973257,3.5683734,3.9798238,15.016786,20.911383,8.642225,14.962304,16.286627,14.860562,8.367956,0.90382534,3.0464034,0.44326922,3.0910277,3.8767562,0.570519,5.3997254,1.2742676,8.301346,0.17023693,5.427553,1.8385319,9.014943,3.2111385,4.374946,2.763003,5.0682116,6.932804,23.56304,0.04804423,12.066071,6.2678046,12.412282,10.052512,0.4872219,0.07675394,1.8673503,6.1844964,17.974295,35.067722,4.6858187,6.765902,0.7481648,4.6503263,0.16027017,2.9733353,12.459064
185947,10.032493,2.1697168,3.3343673,18.364416,5.845784,50.259624,98.008896,75.76334,18.261326,41.61019,82.30238,128.32803,5.6721964,422.859,120.49682,229.44037,1.9305602,1.3284888,9.038813,211.23024,24.814308,100.90925,66.88077,125.49995,18.515518,268.36685,32.967194,217.20909,186.6297,1.5731692,239.08777,24.92455,1.408565,75.56481,243.32726,346.78244,29.023088,99.843544,164.78288,45.13442,4.952771,4.032468,0.644098,17.113007,70.543495,40.957077,9.780738,66.82604,1.7321901,26.127897,85.00923,333.10226,28.251617,15.748333,15.289624,15.036911,3.6025157,66.06772,0.33092877,99.35189,2.1769886,2.060317,276.56442,12.651816,99.51401,225.3415,5.5335975,4.112977,78.31815,13.583614,21.700998,10.685728,181.29752,276.83905,72.20777,137.55951,221.56462,211.47137,154.00317,53.413326,57.56254,0.0077994964,54.782574,61.90355,30.347729,130.70409,20.422163,77.59821,22.146936,119.15744,36.18212,121.22053,54.170345,6.922095,23.385221,14.478642,106.68571,359.35284,1.3198574,111.3945,56.469955,81.53692,108.91644,4.0247345,1.6261202,41.57727,32.771484,100.05782,484.6723,50.84501,56.962627,6.265607,35.74757,0.52069724,91.585785,109.507065
186040,0.03425294,0.015070124,0.023758257,0.012619131,0.012742625,0.0005755382,0.02710881,0.037634697,0.1603802,3.9966886e-05,0.18207711,0.0006716064,0.059537515,4.8691723e-05,0.1373801,0.25377297,1.8948624e-05,0.010598024,0.00069956906,0.008525824,0.015100065,0.06358291,0.03705521,0.0010903778,0.01358683,0.07372053,0.04300723,0.09478319,0.08363206,0.109438576,0.09679293,0.006304689,0.018333558,0.03029417,0.0009123157,0.17521103,0.05518468,0.024026543,0.04165308,0.058055323,0.022437368,0.009561351,0.0022827468,0.029828971,0.003681206,0.06695796,0.06046111,5.3515472e-05,0.004447234,0.00026138683,2.9651472e-05,0.0039816876,0.11934762,0.038063083,0.007113018,0.010301404,0.0023899707,0.005767929,0.022168681,0.060709156,0.09588523,0.015211832,0.15696396,0.015680175,0.02149854,0.048941623,0.0019172872,0.0012031723,0.052552063,0.098045856,0.15873109,0.00012055342,0.025587441,0.014820544,0.01995629,0.00077766407,0.0012065716,0.02405974,0.0014551517,0.0020660681,0.05667729,8.4387924e-05,0.6770105,0.49505848,0.05034885,0.023423178,0.2964868,0.0005298221,0.025077555,0.00089356804,0.0069327313,0.54199797,0.013802838,0.008602543,0.086155325,0.02290561,0.012926894,0.0019547443,0.05935768,0.09240308,0.16969784,0.29913265,0.01295577,0.10400286,0.0029092887,0.0025875599,0.00033424882,0.003390078,0.0464396,0.022781264,0.106932156,0.026661355,0.048078716,0.027689397,0.011611372,0.15815794
186141,0.060555123,0.10995738,0.11062952,0.09334757,0.63634914,0.17693008,0.09301577,0.07267691,0.18190768,0.6630586,0.22076295,0.2207563,0.028550657,0.14121598,0.2226453,0.14205268,0.003634012,0.11604132,0.65993077,0.040297795,0.5968902,0.6339704,0.7934745,1.4874738e-05,0.00078636484,0.066251524,0.5434143,0.94911087,0.25887722,0.014470683,0.07510195,0.1833379,0.92064494,0.020485831,0.0007221866,0.07911866,0.5397304,0.014081717,0.25582352,0.34672913,0.005799649,0.10041901,1.5244042,0.14907765,1.3795494,0.002163414,0.83099717,0.0019814963,0.12224866,0.07284844,2.3447733,0.29581913,0.017660089,0.18921214,0.026977245,0.49884152,1.2852277,0.25176072,0.034994826,0.9173539,0.42662722,0.05082572,1.3610256,0.07842215,0.25464123,0.08240924,0.00412144,0.00089079514,0.36573082,0.012255848,0.0033009679,0.15044801,0.023742788,0.12826473,0.29061112,0.13191897,0.09675125,0.035496917,0.052539665,6.0220194e-05,0.012448224,0.017197432,2.5647825e-05,0.1692589,0.42527682,0.19223545,0.057150573,0.11458094,0.046593364,0.0996241,0.9803328,0.86715657,0.28881824,0.12482677,0.06914336,0.0014716085,0.6993452,0.049790397,0.108513825,0.027607873,0.035848394,0.42954195,0.07375441,0.26211748,0.27991617,0.0661737,1.3654175,0.7962338,0.07023477,0.0027354122,0.37783435,1.4526267,0.3592249,0.31349033,0.6752644,0.004006152
186444,7.4809537,11.67667,4.698766,1.1356343,20.663427,8.142573,1.3872012,9.537796,1.1966527,28.999378,0.4725643,0.56222045,0.04459365,8.982313,0.7427526,2.7311225,0.19030584,7.8097134,0.0044388627,4.534257,11.719434,6.2226725,7.886244,4.286721,0.014870763,2.0136204,7.650814,17.483953,0.80692047,2.9298546,0.07062463,0.1595364,7.577905,0.53825945,0.0061828783,2.1787,0.62397045,1.184104,11.293138,0.3166365,0.44881177,0.0059647663,25.882391,2.496776,4.0526366,2.4681983,8.573588,1.205483,0.7719886,0.61471736,39.17936,9.3556595,5.7974353,0.004248798,0.8394535,0.038493674,12.984196,1.0880897,19.709417,36.06884,7.470969,2.027804,24.71238,16.44604,4.0521297,4.9042573,0.18822514,0.88264877,3.6469965,4.5490904,0.10781725,0.031772457,0.5565601,1.2457148,3.3240805,4.8476257,5.107518,4.9309115,2.1636312,9.655287,0.21529081,2.6255805,3.046893,4.2213693,8.793522,0.07770989,4.052632,10.712459,9.061326,0.05408379,23.902353,7.607171,4.924425,3.0246706,15.475788,20.561783,0.3866979,0.09491815,3.389277,0.10341751,2.0013795,0.33253995,0.003267064,15.956407,8.209463,2.075286,8.619087,0.87042254,12.472304,1.5745597,0.8570186,1.0652177,4.5982738,13.246499,51.70991,1.0763079
186545,19.128986,1.0975467,0.58193654,22.1183,11.844219,81.44328,208.0308,110.53511,31.474514,74.55587,141.64162,201.35628,2.1688235,777.5957,200.45773,352.96313,1.2240807,1.1380432,15.035251,348.8143,60.07524,172.0748,106.74435,233.29799,37.657345,480.62848,53.881798,386.1084,310.54315,0.43681884,352.88718,49.373802,9.177139,137.94966,413.69598,508.77853,58.081818,198.7317,291.54953,80.312584,8.542182,0.3163363,2.0124702,13.759798,167.23697,77.278656,10.791326,86.42891,2.3699567,42.57964,129.72366,613.8763,53.37608,28.73797,28.114557,33.584995,12.008943,108.53006,0.14791861,194.0844,7.2986636,4.0990334,491.23535,17.544706,189.72,399.32065,11.221672,4.502461,197.74219,17.838917,29.008818,23.97392,319.77914,511.60498,132.47093,281.06085,408.45224,421.60318,280.82474,126.107796,98.90841,0.07075267,74.91359,106.62988,64.49629,219.79349,35.793045,136.3468,36.07907,187.266,87.540016,194.96574,91.47603,12.353681,25.52601,28.492802,182.03159,529.0506,4.0003605,185.0221,74.02683,107.00401,163.53844,3.5016904,3.031114,65.17005,23.291254,159.28522,956.32184,123.84986,68.594215,27.710056,56.76417,2.1234012,152.15312,189.32439
186848,4.49409,5.181703,5.7744656,21.603418,11.454831,55.646366,72.54311,72.40771,18.279274,26.463924,93.885666,117.19621,5.943429,349.6006,118.473885,199.17868,0.19255912,0.07606133,9.939397,208.14664,30.752937,107.80343,73.13504,141.46826,28.052984,271.9325,38.925316,218.28061,174.00629,0.094960935,221.94855,37.802757,0.35279945,77.20127,250.27118,304.29745,19.197365,109.40023,149.518,45.72979,5.627119,1.1233689,0.16864136,17.988316,42.687416,48.471195,15.554183,57.270817,5.189149,26.442118,84.45448,258.96237,19.194958,16.585165,9.637065,18.723484,0.5917012,72.901306,3.635174,112.24407,0.00028715743,0.07980721,288.3899,4.7908688,133.04204,168.6271,0.26761398,0.37584314,94.36889,15.470618,24.129349,16.459656,181.5427,276.21143,86.30777,149.8597,226.48892,204.7753,179.56395,76.880196,64.4146,0.38089627,40.22534,54.621155,34.39327,102.22758,12.305752,67.7307,13.297896,96.328766,27.85099,104.41835,60.294823,4.2440557,11.303028,11.068441,108.41498,312.39563,1.1257731,103.04762,34.51748,56.45282,75.59254,6.7581997,0.026079394,58.22044,27.72169,89.49169,478.11133,49.780994,43.01744,13.789017,34.761326,0.03513712,98.38597,116.982124
186949,4.893761,6.2141957,0.8427219,0.2252174,7.42643,2.6839268,0.29157203,3.3174143,0.005984815,5.985444,0.098980054,0.010156142,0.026514431,2.5646641,2.2341375,0.0033483473,0.38219786,2.2769394,0.26248708,2.1280882,7.400088,1.1353022,4.0436883,0.9989167,0.38084868,0.13727473,1.0369359,5.7556214,0.3654546,0.40778086,0.11004563,0.014435886,2.7917972,0.24175654,0.066387184,1.5662655,2.2626631,0.35329017,4.0501995,0.8587497,0.15330628,1.3804111,15.863,0.14435326,1.9837946,0.8879763,4.440809,0.10065776,1.0727339,0.959985,22.57567,6.7314754,1.4865996,1.738399,0.62249625,0.032047313,8.204907,0.0023942196,5.4047294,23.767588,2.6940746,0.70087826,10.386632,5.2494473,5.1717587,2.6776927,0.4249566,0.3163569,2.0183024,1.1225508,0.27807269,1.5093739,0.69626087,1.9534875,1.5914719,3.354131,1.2164305,2.068675,1.1213892,9.516909,0.22791791,0.918909,0.109098546,0.3652383,4.3241653,0.19085756,2.4252276,2.304826,4.3576727,0.42753395,2.8187044,0.025032872,0.113996275,10.915328,2.7227008,5.91193,2.5638056,0.34979925,4.2308474,0.6885397,0.022972383,2.4553306,1.0595365,2.6796775,0.18699238,0.5922813,0.75388116,0.5709733,3.7263236,0.17559952,0.19071323,1.3999444,3.895792,2.551676,11.01513,1.5671242
187143,0.29346836,0.6785125,0.013725884,0.0033233748,0.37410143,0.17358033,0.036638565,0.14413081,0.08422406,0.13835512,0.047417432,0.0019001149,0.047782015,0.16754703,0.3961605,0.029785689,0.03420348,0.20168702,0.027059171,0.049277175,1.1009881,0.15697293,0.23410402,0.012143117,0.17588854,0.09196328,0.07614765,0.7410472,0.15514569,0.16416506,0.8113876,0.23858604,0.33458725,0.007905483,0.16521893,0.07426699,0.2093875,0.35472035,0.18058701,0.19098951,0.10786752,0.18171822,0.500731,0.027634293,0.17000356,0.053860094,0.43712914,0.10448391,0.005699028,0.08750952,2.3714728,0.5010604,0.110653564,0.0076036192,0.069570705,0.015474935,1.4825866,0.39194262,0.1441592,1.1206137,0.25267893,0.018038426,1.0995948,0.212861,0.35434175,0.012209086,0.17685525,0.045413803,0.8653645,0.010367274,0.013069044,0.039704785,0.08618421,0.090583816,0.71793294,0.7383924,0.003604286,0.08028247,0.0006618864,0.52814394,0.004973438,0.0006707887,0.35553816,0.13236049,0.10604348,0.18554886,0.0038538333,0.4217682,0.6509912,0.0014554826,0.40527052,0.038064897,0.12259946,0.20832978,0.58437955,1.0819379,0.12837546,0.0054176524,0.11501909,0.15204364,0.21598446,0.05144201,0.14372388,0.5300499,0.065703,0.6412365,0.54259455,0.8073351,0.07209238,0.28931138,0.027305357,1.065,1.2038581,0.31861418,0.4311595,0.003786153
187345,0.15920512,0.120893545,3.0000813,1.5611601,1.8220675,2.9463544,0.09379091,3.5170069,4.8287463,1.0336828,5.083786,4.749248,3.084923,14.241274,9.506183,11.560426,0.7055377,0.010385175,1.4349437,16.273287,1.1835345,8.573019,9.157863,4.4490848,2.6254067,21.450274,2.42358,14.366698,5.5691595,0.061532576,9.759497,0.7921414,0.12582934,3.2017462,9.356486,7.3423104,0.58519745,3.9850128,9.932717,1.0318586,0.95885074,0.3920846,1.124427,3.8182366,3.1326287,1.1668047,1.0678344,4.087065,1.3096082,0.49257433,4.8313465,15.315604,0.17400618,2.430083e-05,0.1146652,0.72158897,0.123619325,3.6032915,1.2431607,6.1927576,0.16141966,0.03154946,8.445391,0.86838466,2.6215897,9.119843,0.38833046,0.3044643,2.6944928,0.29383656,2.9340625,3.0474126,4.63307,8.536813,1.1533538,4.793257,10.3456745,10.085046,4.7320304,0.110845104,1.047889,1.2772174,1.3758324,1.6235248,0.49219757,2.8138607,0.91436505,6.1180267,0.0697202,3.860526,0.8467428,3.5298152,3.1576886,3.3085082,1.0222038,7.7962523,5.5727463,13.234778,0.002033395,7.869233,3.0734835,6.4635715,5.523973,0.0013424801,0.24689743,1.7206851,6.9812007,3.8384583,22.308825,12.606436,11.142775,1.2644429,1.3112022,0.9580394,1.9472867,6.9863873
187547,0.8047936,0.26847026,5.5162196,4.308613,5.9288507,12.712528,12.485036,14.827319,7.3491664,6.6126995,26.71207,25.142931,4.0356693,85.03929,41.351086,52.93881,0.16224195,0.1571268,4.008915,62.85952,9.252237,33.10302,23.743788,28.563284,8.962945,68.57032,7.3475986,55.59832,38.4325,0.18867299,46.104797,7.3272657,0.13466817,21.1916,55.492523,67.374176,0.18709889,35.891182,47.12633,10.399039,4.7910995,0.16731335,1.9327943,8.524885,12.771304,11.707652,4.686103,15.36384,3.6386683,4.767238,22.759447,67.236885,1.7868254,1.5661057,0.6830555,5.8002496,0.618462,15.757572,2.5315952,31.694023,0.030786812,0.0500227,66.2967,2.4601183,23.468512,34.74499,0.006190755,0.28622293,21.959127,0.5780502,10.510388,9.500658,46.54991,78.229866,24.546463,56.834797,66.870865,67.47955,39.64231,7.1027217,11.6479435,0.48730844,7.6304083,13.346697,5.798896,17.397308,5.3429523,20.325869,1.484903,21.2941,9.956105,18.198454,11.783048,8.111109,3.5364125,11.17521,23.59243,70.34892,0.20520999,33.786095,11.386338,18.489563,19.347355,0.49672407,0.26735762,12.8232355,11.121605,24.472342,120.616585,30.07157,25.267656,2.2332673,5.4436507,0.1512953,20.457804,33.944
187850,0.9240442,0.14905171,0.40399483,0.4232222,1.0280237,2.4920425,8.827026,2.124291,1.3083982,5.7206373,6.694747,7.098286,0.73522145,40.23866,11.572636,14.810761,1.045477,0.0043199332,0.87969255,19.45667,1.7472936,11.289588,7.1708384,7.44553,1.1329607,23.02138,1.0876755,14.042481,9.922333,0.22866265,12.320781,0.8549976,0.548721,5.4872613,15.465511,17.275583,0.3333073,13.068718,17.629122,1.5148438,0.73155606,0.033735726,0.9870207,2.1840909,10.260068,2.0958464,0.5236535,4.706492,1.6776345,0.6670116,7.1914086,37.290577,1.2802227,0.00057040126,0.6840012,0.8503615,1.9827037,3.6451132,0.16949393,8.723113,0.6298149,1.444155,25.761116,1.5031372,5.7907057,22.435518,0.47617295,0.000574988,4.4448743,0.0011765421,3.4794586,3.1087344,13.1202135,25.95897,5.9131556,23.3372,22.330658,23.550856,13.242675,0.6544357,2.1188502,1.2600071,1.9587201,2.8058145,1.5125273,8.019316,0.8503055,17.533587,1.4707284,5.3675117,9.53075,3.8202896,2.5605984,6.7456903,3.1224363,1.6773322,4.933342,18.4127,0.93506056,8.132778,7.9681077,10.82972,9.860411,0.13444379,0.08322553,2.2989457,2.062788,12.000497,36.535725,12.630209,10.229463,0.49058896,0.1716374,1.0735357,5.855011,5.8601465
188145,22.952118,25.96689,8.203142,0.17115197,68.47188,21.66865,5.60695,16.642633,5.6125145,48.847813,2.042921,2.020976,3.223276,15.44539,0.20419347,11.2958145,1.278769,21.965174,0.003925078,6.433012,24.509111,10.598199,10.783614,5.4145656,0.15946685,8.255364,16.720129,49.74774,2.119493,7.9359813,0.19540618,0.021171778,12.641131,1.3536332,0.47700077,9.623947,5.131247,4.700955,14.054159,1.5454601,3.9739485,0.35012957,63.76278,3.4980695,12.739825,1.0243539,24.683767,1.9449501,4.571404,4.12594,99.51745,35.94605,1.8043822,3.1101658,5.3465204,2.4157758,26.083582,0.67264146,21.934393,90.700455,18.404898,3.0795949,51.291325,38.908623,14.603728,16.195303,0.15885173,0.64034665,5.2357626,10.242457,0.18802202,3.8555937,2.150093,4.196238,5.711599,10.548887,8.391841,7.738556,7.50737,38.59685,1.794538,10.930792,13.506599,11.862179,22.644062,0.011280094,7.3237567,25.651352,17.832554,1.8689865,26.291712,2.2158175,1.6039573,27.82445,15.101705,32.808037,7.571438,1.9468632,18.09354,5.7944965,0.30870414,3.8380513,4.8048334,13.281569,5.544992,0.019030219,0.010504947,6.1834292,9.712502,1.7905709,0.4911462,4.8025155,22.603252,9.0615225,79.92907,0.9150504
188347,4.746849,6.654907,2.5617974,0.051028628,12.558962,4.3383117,0.5806631,5.4099984,0.056734614,12.819144,0.13210766,0.08932271,0.011765099,4.0579343,1.9312567,1.1262563,0.020581774,4.567605,0.12218981,3.3153212,7.6492143,4.1998963,4.9138913,1.6638533,0.47867063,0.31267083,2.4290955,11.976952,0.23761971,1.3104331,0.07203988,0.06487607,3.6083481,0.34329146,0.3204059,1.5264467,1.2586962,0.84322757,8.7317705,1.2476366,0.4485793,0.24723761,18.670849,1.3923796,1.4485216,2.0776343,4.647495,0.751061,0.5091681,0.46845666,25.796978,7.0628004,2.5250793,0.47770736,0.41751853,0.06489851,8.15224,0.14019895,7.6259475,26.25158,3.9388735,0.9560184,12.8523035,8.73733,4.5505695,4.451461,0.3127775,0.26333955,3.2827442,4.195113,0.062776305,0.2732512,0.31781054,1.1581628,1.1638091,2.313757,1.8161793,1.9277842,0.9156633,9.316864,0.0106895985,1.3555475,0.6987316,2.3681307,4.094639,0.52193695,7.7190824,3.605077,10.655682,0.049996905,12.235733,1.3245893,2.2199857,4.42403,6.769976,11.257553,2.2799037,0.27818322,2.9830487,0.24113116,1.2308303,0.03582869,0.11066864,10.704278,0.99442106,0.21948668,0.21416776,0.033710234,0.028254364,0.14846462,0.21535534,1.9318901,1.4068449,8.996308,24.028458,2.0276518
188448,0.39387962,1.0024685,0.33909684,0.29801735,1.5564429,1.1652209,0.5749816,0.2883263,0.11515514,1.8353153,0.700876,0.23854345,0.26169172,0.6397149,0.008444107,0.87456244,0.00019707455,0.707051,0.087628424,0.4406033,1.6041998,0.4177474,2.0238342,0.038132515,0.10057176,0.3262421,1.105008,1.2668333,0.79468817,0.6250454,0.027332982,0.050249502,1.0718505,0.006313081,0.019497337,0.24877407,1.9133977,0.32115453,0.061569277,0.088508494,1.9968054,0.37472123,1.1976347,0.13904035,0.6200562,0.050997153,0.69435966,0.00087446853,0.12350996,0.09614367,2.6746886,0.5051654,0.054286517,0.0027468589,0.26318443,0.01453234,2.515057,0.9880116,0.003440146,1.1626062,0.41196293,0.0038926422,1.9173576,0.27977306,0.31431878,0.17155787,0.052275904,0.020677622,0.93667483,0.024785422,0.0894459,0.20145252,0.11133986,0.08048345,0.024971288,0.46781835,0.002811566,0.02137722,0.66973734,0.77839494,0.01352247,0.33270663,1.9280385,2.046537,0.8480915,0.002930375,0.086349785,1.4145923,0.11631516,0.5015429,0.47101757,0.39991683,0.027239515,2.4576616,0.00020140568,0.27482674,0.76796234,0.4469827,0.71732134,0.5372931,0.17604426,0.36938548,0.13262807,0.01282095,0.15140219,0.22602896,1.4865571,0.30788416,0.53163236,0.174422,0.9007757,1.8857425,2.201583,0.19491076,1.3102599,1.0339398
188549,0.035822712,0.17918508,1.0052155,0.76129496,0.38570806,1.8813956,0.09081602,0.20780216,1.9672751,0.2686103,2.3828492,1.1113011,0.3365032,4.8567996,4.731334,4.135125,0.22129375,0.0018967958,1.0579693,7.2819533,0.67051744,4.4763966,2.892702,1.1869621,1.2641845,8.40729,0.00642529,3.3380315,1.267568,0.25097865,2.1736593,0.2575661,0.16233845,1.5734704,5.159067,1.4129725,0.68534654,1.7264172,4.3169193,0.1401698,0.63847536,0.011000231,1.1375142,0.6231926,1.1627407,0.92492783,0.027681835,1.8741537,1.0547818,0.16397004,2.0432873,4.6138396,0.13134834,0.05943913,0.007624288,0.35547304,0.39346397,1.6519634,0.33236566,3.8946836,0.0009109714,0.0018086539,5.2633777,0.8568061,1.5539742,3.5334,0.01779408,0.6672265,0.95873857,0.11563606,3.5194995,2.4783044,2.4883683,3.4377973,0.6834414,4.2113156,8.5513115,6.7848725,2.7685406,0.32302886,0.12279693,0.9888723,0.9116152,1.743628,0.23262103,0.3927212,0.9262221,1.2253109,0.07790829,1.0745474,2.2874935,0.3377061,0.6433144,1.8167979,0.32969528,1.8076462,1.0393913,2.644994,0.02123557,1.7529223,1.4205387,1.5755684,2.054423,0.14372487,0.20715313,0.8711198,1.3110572,1.5818113,6.208736,8.04596,0.72134924,2.4347448,0.392236,0.5284423,1.1065267,0.9650355
188751,9.510813,15.765077,7.185083,4.1772327,15.530288,9.067162,2.591508,12.545847,1.29926,33.677814,0.25781208,1.6821327,0.11833172,10.817981,1.0508945,3.99963,0.15787348,10.087649,1.2096497,9.433885,20.845625,5.1231494,12.115768,5.519228,0.11381094,1.677556,4.6890388,18.622929,0.8713874,3.0105407,0.28695402,0.11751488,11.1419325,1.3946369,0.46966818,1.4147732,2.0723429,1.0910915,14.7085495,1.0481948,0.7825359,0.19656621,24.467182,3.4935324,1.8280693,1.8318461,6.8454456,1.271469,0.49524295,0.7089951,37.71585,9.115647,3.509698,0.19927654,0.80327785,0.0041246694,12.339996,0.31283417,24.003534,60.44872,9.820591,3.6255217,21.696764,17.480356,3.9757981,5.3803635,0.92359,1.699859,4.077556,6.712707,0.48652562,0.84852475,1.3091879,2.1775696,3.8483734,6.3352947,6.265779,5.4029536,3.8201027,9.945229,0.269985,4.499332,5.440218,5.64282,10.81602,0.0027103173,7.1539946,12.112932,9.771874,0.04326178,28.243473,6.1960154,3.030935,6.2507954,13.488613,18.284172,1.3542523,0.089345954,3.4828584,0.045086637,3.95519,0.21347447,0.013253736,14.752408,8.041625,1.1377438,0.9641655,0.05407443,8.529128,2.8103247,0.41025805,0.5739345,4.4378037,13.258023,52.08814,0.557493
189349,0.06664911,0.007387513,0.5452324,0.8605745,0.5844149,2.2642024,0.09180669,1.5836389,1.4078467,0.12687384,3.2709858,2.697889,0.39508492,4.815959,3.399352,3.84188,0.11644908,0.23035625,0.7094934,6.822316,0.26554096,4.342329,2.386737,1.3128756,0.7715972,7.858985,0.23769026,4.3037,1.648358,0.0007843604,2.9565747,0.47778112,0.16306585,1.5169003,4.8436265,1.747563,0.4878182,2.354027,3.2061956,0.70849836,0.39331937,0.007766718,1.0265723,1.6950979,2.0257053,0.6515615,0.56086975,2.0757086,0.18044059,0.17883858,2.0052543,4.2008286,1.01195865e-05,2.1885867e-06,0.11624567,0.91559076,0.113231905,0.9398985,0.015906267,1.954917,0.10137664,0.7418957,4.3023577,0.015652101,1.5250522,2.0380197,0.48989293,0.9682104,0.16658087,0.033076394,1.5502497,2.6158845,1.8561556,4.931102,0.5996613,4.612389,3.2613785,4.639854,2.94984,0.5606476,0.8702887,0.342396,0.19090559,0.933777,0.16170911,0.5578824,0.5280792,2.733955,0.0018899709,1.1358254,0.11301894,1.6520658,1.701872,1.0656743,1.7583638,1.1168247,2.0182824,5.007436,0.17600848,3.6297653,0.77641916,1.5195819,1.2196739,0.18331799,1.0558624,2.869239,0.23997188,4.1275673,7.33619,1.0768201,4.5852585,0.29861513,0.55354,0.07767535,2.822105,1.8740251
189450,0.50715244,0.00044358594,2.0943696,1.6857835,3.027562,6.216282,6.818691,5.02127,3.3532991,3.0546553,9.435851,9.672467,1.5011877,41.753,16.622423,19.512949,0.58902335,0.004185228,1.060238,25.196465,3.2164612,17.64632,8.941081,13.241555,4.153421,33.60311,3.1002617,22.401775,12.206731,0.37228408,19.187075,2.582473,0.3669391,7.087923,24.532701,25.296705,0.00032100527,14.095084,24.191286,2.34058,1.4105806,0.03619288,0.58601063,3.4932795,6.8450937,5.3916254,1.8137167,6.7319636,2.317284,1.0452945,10.238127,37.913883,0.63806516,0.029279679,0.65273356,0.9891361,0.57776296,5.137464,0.75484365,13.483125,0.0010073602,0.75413996,30.79677,2.8873792,10.2505865,22.198746,0.00029950123,0.043540094,7.2528596,0.06633603,2.2988048,3.630963,19.05826,32.031544,9.543616,22.638231,26.727545,26.94257,13.84584,1.2676318,3.9260948,1.1192943,0.007529312,0.34311184,2.270948,10.598587,0.5068471,35.71336,0.5800909,5.483023,6.4571323,8.25266,3.0797677,7.5641026,2.5499403,3.1251593,7.2632236,23.88138,0.4301296,11.794214,5.384899,14.380781,10.23095,0.07820924,0.14877968,4.0553823,3.4497035,12.901416,48.642136,13.449483,7.09015,1.3147678,1.2261302,0.23263538,8.39898,11.178958
189652,0.7757504,0.41076437,5.57147,4.7319555,3.952129,11.377291,8.73692,14.6693125,7.3673267,8.10866,18.675608,25.93536,5.778181,76.52982,30.670734,51.814785,2.222648,0.10777298,2.2232041,49.56961,6.81827,31.0427,21.566254,24.56883,7.285985,65.732765,8.988056,48.33256,31.347055,0.24976277,45.497906,4.5226536,0.039303496,14.840483,51.81822,64.93954,0.07831372,26.450333,36.925022,4.120346,2.4629686,1.4553199,1.7678808,5.8342805,9.983522,6.9724774,3.9916105,16.374222,2.886503,2.9401348,17.177334,70.0036,3.3747342,0.07462616,1.5221505,1.9081275,0.89679515,12.364299,0.7939896,26.851564,0.0029022763,0.18040952,56.03537,4.193643,17.800068,40.397644,0.00021174912,0.048505504,8.969063,0.08015555,7.409186,6.000808,36.070606,58.296177,15.640021,35.10331,48.63168,47.200478,27.434061,2.1418867,8.385276,1.6567591,10.152364,11.038493,2.9666631,20.70425,1.5324266,25.49533,2.1094518,17.212996,11.177692,23.690605,5.058162,8.955726,6.6297436,8.75037,18.43348,57.36824,0.6706387,25.901602,18.904877,22.063637,24.93727,0.11584985,0.69819653,4.924205,7.268279,32.65994,92.11841,23.063835,20.500744,1.4571654,5.1048403,2.517319,11.717225,12.554449
190031,14.098704,18.038101,8.023877,4.3168507,24.488207,11.827857,4.649809,13.339845,2.4555721,40.473892,0.42050102,1.6647485,0.23847009,12.363391,0.37674114,5.986731,1.2806659,15.627989,0.47147715,8.80588,14.601102,12.275926,12.590809,8.274356,0.018908624,3.8402035,10.022559,24.881428,3.084191,5.955497,0.9946475,0.6735834,14.660699,2.9738767,1.7983394,6.0437,3.0179675,3.692222,13.414484,0.47680014,1.8070111,0.31307885,38.356495,1.2828672,7.975413,0.8900731,13.051867,0.6361172,2.9855602,1.8124168,52.781998,13.422859,2.3681564,0.21668759,1.6268877,1.0265744,20.508139,1.9026313,19.773943,43.575577,16.409096,5.822344,38.64114,23.244686,7.8887935,7.180627,0.13089015,0.46765342,6.4646034,3.6820529,0.1883261,0.13164975,0.08239651,0.51597065,2.1570742,3.6908383,4.1839356,2.9708533,5.8507314,19.284216,1.4137545,6.2490597,11.473257,6.7066894,15.528733,0.28217843,4.0177617,15.796865,7.305302,0.0139239505,28.929298,5.5475526,3.9846363,6.311378,16.498405,23.5694,1.2477777,0.0016480577,5.51702,0.8483108,2.4130669,0.005194577,0.01329442,13.44047,14.225062,3.9075713,1.2872161,0.8226305,9.927386,5.124954,0.6287328,0.52344036,9.777663,11.104947,68.51346,0.1665778
191235,3.602033,0.24561065,2.178086,2.4109092,0.9635501,9.104827,25.809156,11.533819,4.8259773,17.667618,13.998987,24.385353,1.633525,129.11005,29.696127,57.916218,5.8873463,2.4379568,1.3930054,42.07424,4.7761245,26.091116,15.003628,21.830484,2.898311,63.484016,6.627972,50.473682,33.395027,2.163457,47.047703,1.4656731,3.511325,10.670854,47.738354,60.523254,4.8077636,24.362442,40.368347,4.0184617,1.7990441,2.8517656,0.18659468,3.0019803,27.139023,7.208322,1.1656692,17.364738,0.5747809,3.248402,16.919369,107.10764,7.4615593,1.2099246,7.082488,0.76968145,3.8199005,8.85926,1.0987385e-06,19.603813,3.0749106,4.0177255,52.773876,9.03919,10.178224,70.35428,5.9898515,3.4163706,7.0344934,1.2571914,3.2066376,1.4310539,33.036716,55.97388,11.31876,31.256828,51.735836,52.967278,29.386894,1.679173,5.9079957,3.3635616,11.591562,10.917701,4.6986547,36.957333,3.458123,34.69616,6.950532,24.777912,15.985848,20.739683,10.532169,7.918732,10.146276,10.028393,20.608301,70.64581,1.2641052,26.798426,27.04707,29.994675,35.98423,0.23680785,2.4239502,1.0510544,12.012167,29.832678,127.55079,26.711514,15.547043,0.033888344,4.368471,2.358913,11.967786,15.754542
191336,79.279526,86.79875,61.4277,14.540907,112.16737,54.19378,28.713814,81.91027,13.3873205,218.93721,1.2790594,9.193944,5.933315,75.16785,1.2820809,48.248688,0.27671623,64.60915,0.08037726,24.193321,97.647606,16.864735,35.646866,25.149368,0.26726684,10.159724,52.853844,117.06924,1.7244303,17.677702,1.5195613,0.007432773,52.243,3.2191782,0.18275315,9.755445,4.96539,2.5117285,74.56832,9.837852,7.7568336,0.17891712,177.42351,6.8268204,21.464666,16.81714,40.551727,2.1036882,1.7120981,10.024475,218.76404,71.76302,7.801571,4.930886,4.651305,3.0530303,62.740314,3.1188946,124.78247,245.37068,46.877876,23.032673,98.89556,104.895294,8.162715,50.75004,5.0393724,19.755785,0.8628207,60.638012,1.9089454,3.6548645,12.5195,18.252884,38.50209,44.53629,52.213818,47.277695,13.095499,58.20435,1.8494174,28.195679,41.67262,32.088226,63.744617,1.4822707,29.486177,107.74876,51.761208,0.34170312,152.6009,23.772135,24.525948,53.926826,117.74275,131.7607,0.3038994,0.21300168,27.750479,3.579308,14.067664,0.750992,0.11717076,60.75073,42.3889,9.688037,26.740808,0.5626058,53.19238,41.15094,0.63199556,3.3253994,60.037003,65.03714,331.64963,11.36696
191437,1.0315307,0.067737125,2.7385168,0.67073464,3.1103358,6.5739293,4.4655514,5.666518,5.0087185,4.0465555,10.360397,11.573916,5.10059,34.787926,19.325146,31.433336,1.7754288,0.39638495,1.4165921,27.274036,1.8373637,12.141781,11.095125,5.94921,4.320109,37.26546,3.126729,24.829763,13.8012,0.3288716,20.628956,0.705894,0.06746979,4.606548,20.29193,25.03612,0.011018208,6.5555773,19.62819,0.41526243,1.0405337,2.4425213,1.3379458,3.1523623,9.134996,0.71423113,1.8691019,6.950644,0.37984183,0.27548644,8.684594,41.332767,0.7932576,0.018817918,0.23473473,0.19052987,1.8614876,1.3968205,0.020293625,4.4955015,0.249461,1.7129433,20.071383,6.7002015,4.388413,28.53666,0.6816285,0.20411968,1.5283755,0.7835923,3.6948519,2.8687782,13.660396,21.85308,5.2879896,16.355356,21.549648,19.273748,13.681087,0.044835955,2.3452137,2.8763793,4.7596693,3.2934222,1.0876769,9.792692,1.1734608,16.8963,0.35167733,9.044541,2.8580189,7.90754,5.1114426,6.6229434,3.9272358,5.589381,11.661203,33.180645,0.12343994,14.981485,8.462045,13.840454,14.563674,0.013445616,0.18164647,2.4183488,15.529111,15.851227,52.380035,12.441925,15.011507,0.046208944,2.2252312,0.6929042,5.438701,10.093181
191841,0.068018675,0.3201942,0.295845,0.45734128,0.1798708,0.021474771,0.07035687,0.11870504,0.006724086,0.036789376,0.009854017,0.1116259,3.9049814e-06,0.029122125,0.09356834,0.4026094,0.084616825,0.07134773,0.033256244,0.045924243,0.5999144,0.2630813,0.71020335,3.89647e-05,0.016084846,0.0073776697,0.026458334,0.08535477,0.20367198,0.04778227,0.03610465,0.035182614,0.6903716,0.073792644,0.03770391,0.12517807,0.3964962,0.13162588,0.00062947563,0.030032368,0.20023696,0.0022906442,0.02394826,0.040155143,0.09524283,0.036997978,0.048917893,0.010962993,0.0004767119,0.03349934,0.14350028,0.289846,0.011807849,0.0026158264,0.0050520445,0.012377507,0.5177142,0.16446984,0.031248424,0.0930755,0.00059951923,0.3340796,0.097324386,0.27860224,0.051270045,0.044127934,0.03008641,0.003266985,0.007647571,0.12079105,0.1375755,0.0057948357,0.0027865418,0.008292468,0.34385192,0.015141597,0.0055091316,0.0054473346,0.27673203,0.016344318,0.092145465,0.00010002868,0.124511026,0.043674838,0.006487484,0.083258055,0.03691729,0.16988856,0.12301663,0.08850738,0.01079874,0.2788602,0.011242342,0.34003443,0.049206477,0.18245573,0.074409775,0.056260895,0.033032432,0.012166721,0.006777611,0.069487154,0.0053248075,0.057213016,0.08579777,0.019856494,0.39780203,0.3391873,0.29594278,0.0071895905,0.21084785,0.05546047,0.90597135,0.24610233,0.094538696,0.25289413
191942,0.013359045,0.07347416,0.14452352,2.111567,0.096969664,1.5601269,0.40849417,0.44603026,1.3166882,0.14230548,1.7499819,3.0009522,0.000192015,2.932825,1.8660079,2.1055043,0.60648006,0.031213664,1.4956069,6.2645283,1.608159,6.419906,2.4161377,1.7359092,1.748584,7.5039067,0.33959,4.5601287,0.8871581,0.91649747,1.9490424,0.57284635,0.4789302,2.675239,2.7825515,0.06033733,2.4733827,3.4462683,5.9053326,0.70930684,0.852279,0.82480425,3.733587,0.15092552,1.1387061,0.17469895,0.076428905,1.8707865,1.3936746,0.12733075,1.4006277,5.0759907,0.1262805,0.07994784,0.09041881,0.7135628,0.003930517,2.324811,0.34461108,2.2004433,0.011260137,0.12665848,4.274752,0.0014275841,0.34966645,1.804026,0.5204715,0.48033816,2.4079678,0.058683716,2.0646167,3.533551,2.281967,3.1262763,1.5010515,7.160275,7.452507,6.8917117,1.0571659,0.26593062,0.24112414,0.21458094,2.4258676,1.7025421,0.91173524,0.02883829,1.5429348,1.0710322,0.37861353,1.48151,0.36194572,1.3293488,0.511871,0.35755324,0.0366505,1.4145005,2.6829038,1.5906079,0.5670726,0.57153344,0.9417203,1.0487285,0.6276161,0.5606701,0.113363154,0.20633005,0.6543923,0.5055832,3.333508,14.381769,4.9501176,0.061622176,0.20720467,0.41219518,1.7460757,0.15991926
192035,0.10168994,0.38877103,6.6631284,2.9996188,3.2025867,6.7215557,2.0334206,9.390436,4.280552,4.1703973,13.024318,13.684168,7.4837265,32.080173,17.674349,37.389206,1.1474421,0.20623676,2.2556982,26.973131,2.5225453,15.759342,9.325767,7.43335,3.0294302,34.222477,4.87569,27.802078,17.862074,0.81682646,24.190159,1.1711338,0.05795935,6.183791,26.632685,34.475964,0.10746582,6.8673954,18.388712,1.0159115,0.87184805,4.010289,2.0263324,3.8661258,1.8135834,3.6515589,3.8137288,9.925805,0.52822787,0.5505501,12.465629,36.341007,0.053108502,0.0013965456,0.3549605,0.27988398,0.028158028,7.020356,2.8922749,5.436145,0.45916876,0.10481081,20.967438,2.8774977,5.582064,21.392883,0.0064282645,0.020101717,4.4932866,0.05922282,2.9596543,2.4046159,16.327572,24.74188,5.7043138,15.721419,18.626373,17.144665,14.806473,0.019621063,3.7800333,1.1426147,2.5603092,3.2557552,1.6018236,10.068061,1.8291304,14.086695,0.8002428,11.122518,0.9521749,13.053206,6.467243,7.103694,3.677391,5.7768435,12.429536,38.62245,0.029361876,18.50699,11.224249,24.168898,17.240185,0.015509076,0.0020655538,2.0368934,11.787562,26.175243,43.467392,15.64707,11.355553,1.6587938,7.458965,0.363123,5.689368,7.511477
192136,0.7948084,0.22427356,0.99943274,0.16069634,0.55062765,2.1841817,1.2948359,1.3702481,1.8842983,1.3985242,3.2502897,2.5881062,0.7435953,16.18869,7.7106295,7.118575,0.71913505,0.0143143125,0.45853448,10.831012,0.6699838,6.879772,4.115652,2.8926187,0.8325352,12.622847,0.6266449,8.807974,3.7481625,0.0003515501,5.154329,0.4617836,0.09104792,2.3711476,10.684779,8.299619,0.056861468,7.1440578,9.016735,1.1134012,1.1755887,0.0013169872,1.7455012,1.850162,3.8341937,1.1877495,0.94971865,3.6910641,1.2319632,0.04489564,3.7263734,13.831695,0.014322992,0.010772673,0.009672029,0.6704947,0.87799174,2.4634888,0.019110132,5.1253266,0.020635856,0.19139683,10.340491,0.7836405,2.9197707,8.095071,0.014482292,0.27176973,1.1207631,0.65429723,2.497262,2.743951,5.9363294,10.518665,2.3861861,9.696917,11.330957,11.91727,4.178125,0.008482886,0.79274166,1.0776153,0.47867176,0.74747103,0.59479153,2.532612,1.580384,7.873046,5.8568836e-05,2.6575563,1.8643893,3.0651991,0.93352836,5.664574,0.4728301,5.156831,1.4852539,4.568398,0.3138741,4.8967876,3.6923757,5.090115,4.5074706,0.11508233,0.119598836,1.1273584,2.8802707,2.3639984,19.115795,10.380839,6.6262927,0.7547327,0.5252435,0.35356933,1.158153,3.9971867
192237,0.12529773,2.1153088,15.910804,10.959562,5.5733137,16.142347,5.2546163,23.867332,9.596239,9.185614,27.019972,35.47693,13.463511,82.275,44.107414,89.06271,2.2100523,0.060875252,7.056647,66.36435,4.3970647,35.839058,29.367165,29.12718,9.936507,84.41599,11.58416,61.031574,42.012688,1.0189288,71.57134,5.748321,0.56587607,21.596876,65.75338,85.00594,0.13831142,28.069359,47.18132,7.331603,1.1657103,3.562835,3.1394548,10.977417,6.295274,10.631892,7.088615,24.790422,4.0613575,3.5367832,27.280212,80.700455,3.8051865,0.13444833,1.5319744,1.3129617,0.058257934,18.82257,1.6320642,16.165073,0.2475819,0.25050887,58.00158,5.7416563,17.334644,51.14013,0.12582387,0.031166177,9.199595,0.00061432045,11.4704275,5.542753,38.808342,58.939133,13.605728,34.058655,57.785652,49.173943,34.228954,3.4154232,9.149524,1.1147217,18.568838,17.431526,3.693624,27.557768,4.8548565,23.995686,3.6871016,24.849075,6.824989,26.274736,14.0314,8.467565,7.6639404,9.917162,26.781599,98.46881,0.1076713,38.590122,21.335676,32.003586,30.45395,0.31073782,0.070354134,5.7360945,21.524532,41.035862,110.938705,24.948828,40.325195,3.1772554,7.994122,0.68750685,19.217268,17.65773
192439,18.737764,28.845518,11.825712,6.6088805,38.374264,24.33311,4.429726,25.506794,3.756688,72.62134,0.3530092,3.5371397,0.30816066,21.946432,0.46438906,13.839439,0.65869904,28.61881,0.046671506,15.422461,28.156002,14.140436,17.881445,14.243546,0.3603835,5.5945444,18.516363,51.86893,2.6584387,12.220511,1.842275,0.3850137,22.406225,3.2160387,2.1447318,5.6474957,2.523122,3.5715778,26.631554,1.6124909,1.66019,0.05879461,57.98478,5.105296,9.323196,2.5813196,16.619726,1.117885,1.6474352,3.2263637,83.83408,22.414726,3.396464,1.5567918,2.0989745,1.3194422,22.95351,1.7665689,48.253124,96.6914,19.017897,7.926337,54.91571,41.517464,8.978279,13.535631,0.9018487,1.515751,5.395161,13.780105,0.5390983,0.14969397,1.0110041,1.345717,5.5433125,6.4790945,12.601479,8.058658,6.955588,27.300394,0.98353934,11.843197,16.513407,21.476019,25.68121,0.44820127,9.448668,31.12761,20.074951,0.027769709,63.56941,13.973799,14.646078,8.841271,35.57899,44.07213,0.85506266,0.040735926,4.809557,0.1486616,9.518492,0.48839405,0.283383,30.786123,18.849382,3.6998708,11.845037,0.628275,10.253976,4.2526307,1.3634535,0.32003906,9.472489,25.480127,120.50006,0.005707283
192540,0.033772953,6.409996e-05,3.3967328e-05,0.002573045,0.0079016285,0.007356565,0.0048282277,0.005062848,0.0006872986,0.028457109,0.008847838,0.06242994,0.0030482635,0.09557062,0.029534398,0.0020623638,0.0134123685,0.002799062,0.027499259,0.11754011,0.0095508145,0.04315811,0.009973615,0.008232127,0.010597771,0.006146031,0.0010554667,0.0009845322,0.010661053,0.01423251,0.034069467,0.12496432,8.6545595e-05,0.06704238,0.04752577,0.033046763,0.0014415805,7.895957e-05,0.10749779,0.002862335,0.025960388,0.0076908893,0.020522028,0.003258407,2.196996e-05,0.06821483,0.00041209412,0.00023642578,0.017972022,0.08451711,0.047419857,0.06565285,0.018644769,0.026253542,0.003859053,0.009642287,0.009589582,0.00051517657,0.008404825,0.0005909399,0.016573159,0.0015247255,0.0059684035,0.00068422564,0.0020986905,0.0016711246,0.0038081587,0.102323204,0.026268803,0.044794075,0.1340718,0.0020821071,0.002439162,0.0016125863,0.09442723,0.037186038,0.07500259,0.0053860494,0.002587178,0.08447708,0.031376265,0.0037301031,0.0022754527,0.0017266523,0.0065816995,8.2178856e-05,0.1458481,0.016322596,0.017561216,0.015362252,0.17966458,0.048783105,0.7464086,0.20008707,0.05626866,0.09445938,0.045225106,0.0044631604,0.00045433934,0.004631741,0.06878468,0.24059385,0.081336945,0.13372584,0.08884104,0.087544754,0.00025937404,0.03665908,0.3621185,0.001122967,0.011731014,0.7948403,0.032894976,0.02204508,0.08471192,0.14240484
192641,6.8020735,1.2025045,7.1416035,13.925385,5.1482606,34.014835,57.58032,53.064526,12.596239,36.121937,60.36707,84.39025,7.9108295,307.20786,86.07997,175.2933,5.499573,2.084389,7.121934,148.15143,18.458532,74.51054,53.214485,88.107124,13.926937,194.56107,21.028408,153.08171,114.05532,4.368223,164.98065,13.6326275,1.8962475,48.514374,188.72615,241.37767,14.037599,65.714874,122.44169,19.839773,3.3619864,7.294573,0.03359409,12.034409,48.905777,24.418306,7.946679,46.227726,2.6886327,12.616462,56.253548,262.93143,21.652729,3.546289,12.931356,5.3145466,3.5975637,41.196793,0.4017896,62.22268,1.884821,1.4542527,183.22136,13.445653,59.233315,158.28555,4.9075694,3.4917243,41.29799,1.8763803,17.02087,8.033664,118.13055,180.37096,51.25673,100.36389,162.90051,150.0135,93.0713,23.567743,29.145351,1.5225735,29.742813,31.578579,15.440855,98.19143,10.35199,76.31363,18.09988,71.368835,29.38337,78.35607,38.7369,9.777537,19.337248,11.281619,73.286896,236.31573,1.5318416,82.67527,53.65435,75.54374,89.2222,1.5083972,1.9457216,20.63983,28.731262,93.02486,360.9113,56.81556,54.33227,1.842423,25.053429,2.009697,58.18381,66.89966
192843,9.219056,12.714341,2.1130388,0.088322856,20.07857,9.506821,0.6232151,9.10137,0.5715065,24.628574,0.414137,0.6750161,0.047504313,8.184547,1.2873533,4.316891,0.31174177,8.316878,0.006889253,3.6147475,13.303184,6.7266064,6.1187577,2.7213395,0.14229794,1.5996671,5.896983,21.59105,0.46539718,3.0544274,0.0005119806,0.008748669,5.925965,0.60804445,0.002283849,1.8182395,0.8176527,1.3070216,11.130589,0.9132858,0.24845871,0.9191392,25.704964,3.4354866,3.2939804,3.5382967,6.380745,2.4919446,0.83611816,0.8272809,42.472008,10.760693,2.2563703,0.7152257,0.78497535,0.028619323,11.282758,0.22595257,19.812754,47.550735,6.722855,1.6357533,18.871773,14.976567,6.7924895,4.334435,0.48122624,0.49121523,2.7510262,4.497439,0.0012754467,0.91541725,1.1054884,1.6450186,5.2800255,6.04547,4.315241,4.6924863,2.3899133,15.490721,0.09001535,2.3091984,0.0002537477,5.6761775,8.174895,0.78546023,20.323633,11.7928505,14.471061,0.040125955,19.654022,3.0168939,3.974123,7.907474,3.3238695,10.213361,2.6719875,0.12726095,5.042579,0.4282242,2.6388068,0.109799676,0.21753293,13.989328,2.182965,0.13659173,1.1286448,0.08582433,1.0923488,0.013501117,0.055230692,1.790694,6.7866635,9.365069,35.924553,1.003264
193239,12.184477,4.786457,2.972651,28.47452,9.522716,78.34065,151.08156,116.105034,26.257914,55.380737,131.46346,203.73328,6.5111732,604.26715,171.03047,328.26703,0.7385047,0.25923866,7.9369473,294.52267,44.906776,151.15631,103.337,214.45724,30.059444,412.91797,51.327454,331.50327,282.57846,1.2534904,353.87506,48.2071,4.825257,111.3671,402.06152,506.7809,42.07091,160.28473,247.2301,74.276924,9.398555,2.0401006,0.49847534,19.124657,108.4386,63.91551,16.572138,89.937126,1.5514979,37.07518,118.68529,488.73474,40.13539,26.937927,23.702782,24.195333,3.4503305,105.35688,0.23483573,154.81705,3.2417374,0.9352973,417.08243,12.535368,167.30296,321.45816,6.465674,6.26291,129.56056,12.249416,31.445047,20.458803,276.53397,431.06036,125.84756,221.86212,354.65085,331.82355,242.6574,111.40294,87.21052,0.2787315,68.76686,92.60492,47.95655,186.24084,23.298954,111.39515,32.205772,166.52995,53.974102,177.33841,84.29557,7.175965,17.961803,21.07864,187.07387,514.7989,1.3915316,171.08096,64.37327,108.39732,141.34843,7.4221606,0.9696636,76.98515,37.741177,127.79182,750.8112,103.21632,62.259087,25.176579,58.486008,0.26729938,150.93588,177.42046
193441,26.606247,45.169376,18.580416,11.870346,39.598053,25.25873,6.135874,39.646736,2.355949,116.020744,0.037504274,4.2084904,0.072054505,30.626179,3.6692195,21.877054,0.04131147,33.323414,0.7923611,22.827803,46.791775,15.552082,29.472378,20.596375,0.38542005,2.5082328,19.145733,48.226246,1.3952825,10.360619,2.2217863,0.20646583,33.067375,3.4608688,1.2516663,3.3829575,1.0473069,1.927811,49.389854,2.6623588,1.7064703,0.45972034,89.158554,6.352288,9.938654,8.794412,20.217573,1.269911,0.89531636,4.437404,114.94939,24.405466,5.4019065,0.44082844,0.92528486,0.39093843,32.674244,1.2532113,87.59713,149.30872,24.882055,10.224868,65.70025,59.400383,8.426436,15.054184,2.3142154,7.826921,3.6852808,22.219797,0.43501124,0.47390026,6.676269,6.0014944,17.354486,16.69014,17.88959,14.523144,6.508154,25.825233,0.870735,16.231972,18.784504,21.955069,32.6762,0.46733367,24.859032,51.325245,33.386574,0.0055720313,99.73195,20.077332,18.52881,17.467535,54.38644,72.239265,0.24774365,0.92085737,9.013333,0.008888211,13.359316,0.117509075,0.49536595,40.708385,37.004482,13.80983,15.557759,3.9802358,27.276617,9.51329,2.1683965,0.25603223,14.237094,44.047516,198.47987,0.85686785
193845,0.0016474915,0.0007834732,0.10720282,0.011763606,0.016676348,0.112942405,0.0064783525,0.08274742,0.06306607,0.20766068,0.026132723,0.11227593,0.0005353028,0.020285381,0.15226726,0.041786868,0.024584427,0.07321397,0.0030192472,0.0006211522,0.012291396,0.0064478223,0.04640101,0.052600984,0.36621487,0.3277642,0.1008908,0.22633535,0.015464141,0.004663778,0.021795236,0.04273844,0.004996764,7.531142e-05,0.019974768,0.1810362,1.5906206e-05,0.0010942227,0.03610296,0.118048884,0.009260233,0.42165062,0.005158036,0.04762203,0.0039896397,0.077420264,6.626017e-05,0.11468583,0.08211745,0.15800026,0.026348397,0.054816246,0.0017269929,0.2372037,0.0677677,0.0855352,0.008819017,0.0014784022,0.19740959,0.19345264,0.013949512,0.02540048,0.04968328,0.011046296,5.2869706e-05,0.024034891,0.034478623,0.08800385,0.0036326593,0.14255863,0.0036477777,4.606092e-06,0.0027896026,0.015731683,0.08980287,0.005620921,4.1705418e-05,0.016573016,0.05304344,0.19051501,0.0059526735,0.07579347,0.08921498,0.08777032,5.5882947e-06,0.018382676,1.4602003,0.5004613,0.002400147,0.02159352,0.2225277,0.04832261,0.1608416,0.02584751,0.035324972,0.026258746,0.0005651148,0.07312577,0.0039188378,0.041875903,0.078663945,0.08236051,0.05823073,0.03803865,0.00012873572,0.050231747,0.11821246,0.055619475,1.1882428,0.11357212,0.021637341,0.02574783,0.0009339775,0.083815664,0.11126038,0.009710687
194140,0.14909424,0.02083329,0.68852377,0.007823753,0.23017411,0.31433502,0.029725736,0.21822888,0.39177352,1.0512695,2.2900317,0.477523,0.5296785,1.7794794,1.2783358,0.58286494,0.012072193,0.00026515083,1.1245263,0.50236976,0.3197757,1.3258337,1.0384961,0.65618527,0.42362776,1.8620301,0.28979778,1.5519607,0.35448694,0.07569185,0.6305869,0.00051759864,0.03683582,0.20073323,1.7158097,0.7683413,0.13535976,0.22090736,1.1013782,0.031228282,0.49494183,0.03997756,0.0049435375,0.28943348,0.1759809,0.00012507867,0.0073918016,0.38600567,0.011669868,0.14047632,0.1877174,0.5020115,0.16168156,0.029868443,0.13255899,0.18165348,0.12300735,0.26302665,0.13879493,0.30312365,0.008443177,9.778742e-06,0.36650586,0.06787799,0.030164061,0.5542741,0.027947519,0.0216279,0.008374603,0.01628009,0.17289075,0.34357858,0.9668594,1.2556356,0.26206976,1.4450709,1.3134705,1.8816702,0.0755848,0.25683725,0.011123469,0.14429234,0.3695744,0.29158214,0.04295607,0.16110925,0.60658544,0.5655735,0.124106966,0.12909941,0.0006671443,0.7450337,0.073711306,0.24543792,0.1304428,0.9966154,0.8006885,1.9265532,0.0052162576,0.34155777,0.19866519,0.3114052,0.5677223,0.26022622,0.2131733,0.70113057,0.024952998,1.5407575,10.410967,3.4488134,0.36274827,0.7947256,0.104233965,0.30959713,0.5598777,1.3772717
194443,0.00095279625,0.062396858,0.04549117,0.0012847868,0.087335914,0.08143168,0.17739087,0.053800214,0.0014220044,0.17995724,0.05510605,0.068733834,0.0067048864,0.10919702,0.21007052,0.17212708,0.0009183999,0.015919052,0.03290974,0.4265745,0.012104888,0.0028234296,0.1291169,0.1486735,0.003714033,0.024355294,0.014559538,0.14039005,0.07163139,0.029888878,0.09856756,0.05695685,0.0063039986,0.06514615,0.25120398,0.0476457,0.371577,0.2207616,0.19511683,0.29387358,0.0025556986,2.8163973e-05,0.02493692,0.028584475,0.30686367,0.08019871,0.0027441743,0.25843385,0.000237851,0.061262403,0.1850871,0.01777722,0.00015649103,0.040913273,0.018270135,0.067056306,0.059245676,0.02507457,0.046039,0.0056359,0.0035631352,0.09421466,0.14254896,0.0050042,0.16623756,7.276863e-05,0.00025735656,4.951967e-05,0.02751126,0.025350513,0.0029110427,0.030757625,0.055668544,0.12170731,0.11721965,0.10626392,0.20790114,0.5813277,0.007740481,0.00015604711,0.057259776,0.0035996386,0.25502193,0.01576311,0.3660934,0.035106495,0.046591286,0.029654942,0.023483021,0.0024438307,0.39492,0.017764883,0.005385961,0.00015722202,0.0041509173,0.35174733,0.02160918,0.1146691,0.093044676,0.0025630742,0.08237651,0.056602858,0.013313893,0.09971604,0.22817473,0.6413412,0.19288273,0.5701319,0.21968198,0.65507495,0.2233224,0.1915444,0.3109272,0.06584125,0.41132328,0.7813064
194645,8.077811,7.4193006,3.7390614,0.0366694,19.391254,6.2253194,2.4707816,5.093132,2.0873652,10.313675,1.3634945,0.29663604,1.8632009,4.451838,0.00066482776,2.5090292,0.8941893,7.0200872,1.0913583,2.7642717,3.5752103,7.7492485,7.2885957,1.6936644,0.17412232,2.1902766,4.6682806,15.854901,1.7424476,3.6179585,0.032246698,0.0828982,4.600761,1.0698314,0.6888024,5.751966,5.1554613,2.5957465,1.020651,0.12247402,4.288592,0.12014102,15.989939,0.8514272,3.5846121,0.098752536,8.450563,0.19080664,3.4951704,1.670274,25.22405,11.2971,0.5230599,1.8236171,2.4102712,1.2373214,8.989102,1.0306609,0.7548595,6.9742956,4.855632,2.3121314,15.881241,12.428668,4.1130457,7.2645683,0.09106731,0.054262385,5.202946,1.4517668,0.07883163,0.23654021,0.020615136,0.0574487,0.14766294,1.7548374,0.667305,0.5869601,2.050925,12.651494,0.47225064,3.894771,1.7355847,4.0741878,5.742143,0.42736048,0.3045216,5.3714457,2.0391748,1.3152455,1.2913995,0.15593658,0.78851193,13.208079,2.489756,3.6553986,5.1624393,2.0317993,8.241442,3.4057813,0.3136807,5.266548,2.1445024,0.28832227,0.040735625,1.9752518,0.31377447,0.55242646,0.05319137,0.54874694,0.04655645,4.2020297,9.1031475,2.2363327,9.906983,0.4674018
194746,0.9522755,0.43749076,1.8535914,0.9979821,3.0346627,6.1267753,13.715623,5.235986,5.6155787,9.930175,17.222296,17.730371,1.7522302,84.94521,26.06643,28.77117,1.2701255,0.009374225,1.1715729,41.5853,5.896394,24.909702,19.179907,14.349606,6.7209005,57.304493,3.6950746,39.76079,21.84701,5.9178812e-05,25.324268,2.1095066,0.2796694,14.068005,32.605488,35.238613,0.35033938,20.825357,40.4611,2.0712597,2.7420435,0.13821153,3.9603155,4.1701546,16.372446,7.118659,1.4441084,12.054499,2.7863224,1.1540622,14.027428,69.358284,2.8977566,0.02873444,0.67362,2.381413,2.029394,8.282445,0.9334084,25.352007,1.3048991,1.007687,47.882862,4.0328593,8.508898,45.70846,0.59479976,0.013231328,13.687842,8.4855215e-05,4.1007285,6.609042,28.627815,51.525715,11.899395,44.420456,51.670933,52.83466,23.956259,1.4062581,5.7366805,2.8888593,4.005896,5.1407623,4.6052427,15.086572,4.432265,23.501444,1.4485148,12.254199,12.681834,9.361028,5.5258436,11.873408,4.990788,11.472139,14.090357,44.073257,0.5471772,19.269081,10.350893,18.433094,17.57722,0.33853915,0.05748159,3.3436167,7.1169367,18.64327,80.58466,29.926334,19.37281,1.1229861,1.0052944,1.9306196,9.150706,10.589807
194847,0.9917059,1.7455846,2.1171184,0.9831575,1.6102238,0.6993782,1.0910951,0.5381423,0.27799606,1.474214,0.3427163,0.2078566,0.06428558,0.053306147,0.07976751,0.030333191,0.0030105708,0.8043259,0.15580739,0.24987863,0.98751885,1.4888841,2.6893733,0.32283795,0.16301267,0.21261163,1.6732571,1.6511707,0.79848224,0.172907,0.1507889,0.23457843,2.3844368,0.08872124,0.60079527,0.72376204,2.8772433,0.5077118,0.54158825,0.18342774,1.8241442,0.32152176,1.809705,0.13362595,0.34855166,0.11414613,1.7302564,0.021167697,0.026179865,0.017642172,3.7682557,0.9907323,0.04484628,0.05140892,0.024946066,0.22040424,4.784832,1.3311032,0.41913143,1.8605118,1.4413866,0.4715879,3.9238777,1.5476341,0.39916492,0.14053166,0.4402038,0.08903972,0.53099847,0.0051213745,0.16663137,0.055064846,0.006222423,0.032705374,0.735072,0.34140646,0.1558734,0.04210302,0.8969944,0.23061515,0.00013488557,0.023566104,1.8070016,0.2199811,1.077866,0.27930018,0.3197249,0.12351645,0.30313194,0.12699471,0.85588396,0.0005933102,0.3601365,0.85893387,0.4835281,0.04982574,2.5806873,0.43493837,0.75488085,0.118716456,0.014580973,0.38488248,0.0022773955,0.3633363,2.0398805,0.20152517,1.5739298,0.035566207,0.061054505,0.35012054,0.55608135,2.7463217,2.0163546,0.3087562,7.5038075,0.053833123
195041,5.0477138,4.6676016,0.1258301,0.83300793,16.904964,5.316265,0.37915984,1.6309484,0.12959068,5.983609,0.45252216,0.09780226,0.19153564,1.6338791,0.9892338,0.17226106,0.62036985,3.6539013,0.20556733,1.2707139,7.4958067,3.41482,3.3897896,1.1072432,0.04303426,1.1426069,2.1944633,11.766289,0.620092,1.9765619,0.1619848,0.05419985,3.0724988,0.11861341,0.26546305,2.077518,2.0900931,0.207945,1.4133179,0.23313436,0.6158477,0.8502328,15.502136,2.113918,4.3275356,1.7434593,5.5056477,1.0964952,1.3032204,0.6340091,26.02392,6.933943,1.0283139,0.44297647,0.7084222,0.02855141,5.4274244,0.25079075,3.198252,19.318062,2.170663,0.5466354,12.363933,5.907511,7.656488,2.8866694,0.17394789,0.00467004,1.9066528,0.8594043,0.35749656,0.8650995,0.3950255,1.4181306,0.74645185,2.8885486,1.0202394,2.3115385,1.538971,9.914787,0.14761965,0.43620324,1.0435886,1.2037843,3.6735036,0.73764014,2.021002,3.7010427,4.7425933,0.41562417,4.5532227,0.06880605,1.0738649,3.7741737,1.079243,3.0618641,5.0043683,1.7797894,3.7242541,1.09489,0.7451829,0.35895658,0.40432563,4.332425,0.01987248,1.6417494,0.72288775,0.014268097,0.08633105,0.041351043,0.3258611,5.0948853,5.366978,2.03379,13.942501,0.9086437
195445,0.0012643036,0.027719203,0.008597039,0.0052121775,0.014351819,0.02610637,0.0106519535,0.0015841363,0.0004437071,0.0040788837,0.005569925,0.0149239255,0.010876592,0.0037985446,0.024628943,0.017299635,0.007481454,0.0065076943,0.0025935364,0.026477603,1.0354151e-05,0.04555853,0.028405456,0.005254384,0.012262623,0.0039678765,0.017750733,0.004428066,0.0036793144,0.000268421,0.033959307,0.00034472006,0.046953086,0.018152818,0.029616658,0.13209683,0.08118314,0.023490086,0.03217362,0.0803806,0.0105920285,0.055162814,0.005523691,0.00889897,0.10222686,0.024214119,0.0022321206,0.012093671,0.08112224,0.083313994,0.031428,0.021167636,0.008929941,0.07442171,0.021795059,0.013279531,0.00067554717,0.006005944,0.038512632,6.760059e-05,0.051932078,0.010236765,0.013253114,0.0044860374,0.04850177,0.014303133,0.05904823,0.114277564,0.10341404,0.22380416,0.084136866,9.547282e-05,0.0006510877,0.000100239566,0.038390372,0.04771669,0.00191613,0.11866502,0.018608427,0.00031302267,0.0043513454,0.0014614784,0.46643767,0.021237187,0.01313687,0.0085428385,0.22763233,0.14136007,0.015478072,0.04858367,0.0029346389,0.0054063657,3.720526e-05,0.054619927,0.095345154,0.0840828,0.14759968,6.310552e-05,0.005776422,9.862709e-05,0.028689144,0.22037384,0.06235328,0.15089224,0.043755524,0.048294667,8.2971535e-05,0.08230305,7.781794e-06,0.00428891,0.16258338,0.00021851668,0.02383494,0.00020995257,0.0002914702,0.0029903217
195647,0.14122316,0.0003235573,4.3667903,1.7225486,2.1995864,3.0179667,0.07588129,4.118043,3.1611674,1.0165652,10.212905,8.231884,3.2066927,11.398683,11.620393,13.567331,0.24152774,0.010920508,1.3490816,16.298105,1.1635957,6.5309057,8.946839,3.8782704,2.0813298,17.70671,1.6106904,13.627235,6.461122,0.009048191,8.190154,0.45496744,0.114412285,3.4812582,12.846677,10.963736,0.6194258,4.060039,8.581743,0.95485014,0.42444867,0.29284206,2.12706,5.157785,3.039676,1.6983887,1.501322,5.850857,1.168518,1.1946251,5.996393,12.353603,0.012637719,0.09705413,0.08186276,1.2796664,0.28336614,2.8184738,0.9881044,6.602417,0.10419831,0.052470114,9.517943,1.1280457,3.1272924,6.698761,0.49636966,0.9898167,1.6950896,0.0006752802,3.0981455,3.8751736,8.117029,12.44806,2.5154977,9.794751,12.34135,13.371473,7.699677,0.22559404,1.8908082,1.1959006,1.7166258,3.3661432,0.49134222,2.2717423,1.5698782,3.846895,0.015853507,4.167903,0.21167953,5.549653,4.2525306,2.2960453,0.15542689,6.453873,6.980567,14.836725,0.03280054,8.8930025,2.2631562,3.9252539,3.9847987,0.22459693,0.9774805,3.6290677,11.045177,3.1421034,25.181948,10.7540865,10.172805,0.16497461,0.75073564,0.23731229,2.5053103,9.100811
195849,1.3484429,0.27886942,2.1653485,3.7395616,3.37863,15.044443,18.702044,16.888308,6.4514422,7.9729366,24.555204,25.138689,2.3850627,96.20821,37.513317,55.391335,0.31813595,0.00044265873,2.734955,56.12568,7.741363,33.618156,18.181093,34.280468,7.9822097,70.83282,10.362782,55.076336,42.99792,0.02003708,51.752617,6.748519,0.14499235,21.076782,64.50985,65.01826,2.2244265,33.01435,42.837368,11.650736,3.1843278,0.060686704,0.41385674,6.4660788,15.693701,10.168659,4.026031,16.19684,1.6255562,5.8292403,23.63975,74.08016,3.854002,1.1927923,1.582511,4.7343736,1.4966334,15.998949,0.324991,24.141632,0.09828482,0.0935535,75.66494,1.6802921,31.701271,48.840946,0.15641682,0.018550532,19.934795,0.9770154,9.218552,6.175754,44.60066,80.2498,12.829387,37.70419,60.43794,62.760612,39.26374,10.022692,14.406767,0.18392533,9.114199,13.66942,6.005163,22.61613,4.012611,19.41409,2.4486618,26.165817,11.846211,26.989492,13.848181,4.2201233,0.60480237,15.685169,35.538036,85.24702,0.2603023,32.776657,4.5684876,10.911135,15.918363,1.2295488,0.01582059,12.248393,14.967142,15.354706,118.62983,29.657602,19.942959,3.5940247,10.373462,0.007904339,17.796364,29.208141
195950,126.52199,159.5366,100.45152,23.491238,180.69707,93.754074,35.07684,141.76373,8.539714,429.3097,0.00560034,12.4035425,5.973897,124.95633,12.240458,81.79812,0.15923592,100.25892,2.312603,41.23552,216.68361,25.041508,56.980206,45.721516,1.5272506,11.210995,78.106186,190.3563,0.06905571,20.692709,0.8402692,0.6759031,89.024216,3.6851223,0.0017951025,5.3707848,1.5015343,1.035869,181.09723,34.905838,7.314747,5.3658705,332.3908,22.975122,35.29782,47.410213,59.152237,12.898295,0.17170995,10.670985,419.8534,118.64649,30.489649,4.430997,3.11689,0.1291599,101.81033,2.4701693,334.53168,543.328,93.15655,37.74538,175.57967,200.67694,15.379598,84.88568,18.167353,53.387493,0.16817579,130.41037,6.891246,6.7431107,32.319588,45.4748,111.29506,109.25317,103.96845,95.04797,17.405886,99.274086,0.87629473,43.443405,49.267193,46.49068,111.55086,0.08354135,88.096886,182.89275,126.24419,0.13151509,347.9359,67.45036,70.1926,83.191864,241.47554,335.6941,0.01243287,3.2809327,45.97751,2.5452006,48.696926,0.08177006,0.56674355,171.63002,101.2855,34.93815,79.92746,10.941527,170.13943,66.06309,4.294181,1.4143677,91.14987,148.26091,726.11926,28.707539
196144,70.67296,93.677925,49.382965,25.471155,87.91189,48.742638,21.167664,81.249664,7.601542,224.51323,1.5121969,13.520554,2.1990058,74.05314,2.865076,45.817192,0.059113856,66.10983,0.049082085,29.011557,108.67924,20.532373,44.962875,31.42528,0.06350167,6.7861466,41.51514,104.07321,2.5571003,19.20815,2.159778,0.12799545,59.924175,3.8288777,2.618249,7.5634456,3.86956,2.699192,79.48404,8.951636,2.9578013,0.07606008,178.36528,6.818462,22.551525,12.879621,39.633125,1.253867,1.1381805,11.953649,221.66911,64.7854,9.050126,3.7183526,2.135844,1.7559144,62.63601,4.476369,152.26659,268.99182,55.003178,30.574474,114.824326,118.92678,11.13758,44.331547,3.5924234,17.191689,2.6560292,48.93632,1.9680588,1.5859368,14.903355,17.433144,43.44942,41.98647,51.099724,39.253216,11.143603,45.81689,1.6140922,30.279537,43.062847,31.851938,66.571266,2.7150745,26.255562,101.48051,52.44559,0.1231803,192.4989,37.700787,36.18336,36.077724,145.01352,163.09157,0.28337857,3.5421908,21.295713,0.3823493,26.191494,0.0046687066,1.2947634,77.63396,53.299297,14.899179,42.25646,7.705885,88.51425,40.346775,9.081751,0.16642623,35.803974,89.687645,362.3697,10.538762
196346,0.045695204,0.0004446637,0.025627175,0.023406738,0.016937872,0.01080997,0.04840746,0.0017032193,0.0012980939,0.029679088,0.016746253,0.01410351,0.013074483,0.00075371657,0.011380007,0.43982872,0.009869245,0.00034652182,0.075238645,0.0036548171,0.25785446,0.097495794,0.012498637,0.004930768,0.022487665,0.0070184576,0.103698604,0.093466416,0.00029743096,0.025490472,0.0025026274,0.0050859894,0.13802429,0.08773642,0.010361564,0.056069504,0.0021271138,0.024710363,0.039057985,0.010975917,0.022649622,0.02010607,0.054035474,0.11875864,0.08383705,0.122592576,0.029736362,0.054825507,0.00068199326,0.08955395,0.00046656936,0.06417898,0.025741145,0.026444657,0.20091096,0.03251244,0.10067257,0.011524488,0.0013793097,0.34759402,0.0063458006,0.008145953,0.0027558098,0.0011143399,0.035175744,0.013381713,0.13324422,0.10002207,0.18145505,0.13994688,0.0052982406,0.004248965,0.09194864,0.15562513,0.15720743,0.090680264,0.00093206123,0.0024358013,0.12587768,0.0050118263,0.003934617,0.006870995,0.30110142,0.061344855,0.02029062,0.0005141681,0.54437286,0.18716843,0.0015319058,0.0042888825,0.021447502,0.14801697,0.055839617,0.21618168,0.06950771,0.03204503,0.022198696,0.009417999,0.094713576,0.07326447,0.053863164,0.23850913,0.045160294,0.03351681,0.14938335,0.1838945,1.5545561,0.057428356,0.048746027,0.028592246,0.07093955,0.3144756,0.3442151,0.0013202099,0.01954191,1.4959174
196750,1.6114154,2.8494248,1.49662,0.600714,4.1623645,2.5089843,0.6266425,2.0661821,0.15613915,6.74072,0.105276786,0.049126294,0.10367319,1.7586547,0.9672659,0.18342932,0.06869709,1.3803834,0.0007344793,0.5869387,6.9335246,1.3435317,3.2359335,1.0193288,0.08764801,0.19948411,1.636584,3.2968576,0.62974507,0.52637947,0.002750246,0.07135173,3.080942,0.07111457,0.29845828,0.48710766,0.82515275,0.3663697,2.518951,0.38020384,0.056947775,0.10905811,8.051329,0.5412583,0.774684,1.2158831,2.3026345,0.16568148,0.115261756,0.03230829,10.478969,1.3357521,1.497375,0.02834858,0.042535257,0.5579916,5.386353,0.0015445622,7.805211,17.007805,1.0334053,0.02256434,7.9290476,2.1172981,1.9198691,0.03041111,1.425901,0.62380654,1.5001911,2.6543224,0.25050905,0.08494416,0.51385707,1.7931527,0.8010201,2.2442806,0.036488485,0.19006501,0.73433834,0.46889386,0.084385045,0.10747154,1.0223022,0.6520763,2.694043,0.5644901,2.0945768,1.096392,2.3224545,0.1700862,11.896666,4.61044,2.8597927,0.008908061,3.7219825,5.4065423,1.6486704,0.0015936471,0.54799795,0.11920654,0.59527236,1.0634062,0.18324709,7.204312,3.7626517,0.64957726,0.22100963,0.34974632,6.330699,0.17484908,0.06687161,1.3460388,0.059099372,3.842764,20.98698,1.3331621
196851,0.7811063,0.5736917,4.99958,5.2234406,1.964108,11.863105,14.059162,15.798399,4.9084525,12.761559,24.842155,27.569775,3.449281,99.72504,30.127857,51.411922,2.739818,0.36098424,3.790319,52.626026,6.827143,26.872532,22.279902,24.101263,6.1914153,61.832108,5.3976283,46.18119,35.602997,0.5537998,50.19454,3.832915,0.37108332,17.2223,63.27307,69.40932,1.8299402,24.493544,42.966797,5.3895273,2.1129534,2.465547,1.6621764,5.2018304,16.636234,6.788818,3.7920747,17.213604,2.6894603,3.6032891,22.929867,85.086555,4.1014876,0.33664152,3.417235,1.3432183,0.8809128,13.816811,0.37753192,20.114614,0.25362977,1.0202563,58.293106,5.840934,16.088915,53.647835,0.937113,0.4138279,12.934086,0.003428448,8.05417,4.9362197,35.392784,59.216263,15.54178,35.455566,56.081142,53.32054,30.287348,3.8195477,7.588725,1.7847111,5.0979066,6.4476266,4.5054116,27.858934,0.28693026,39.001156,3.9256022,20.746933,13.975998,13.288058,7.6052537,11.204986,11.320975,8.634053,22.632538,72.71566,0.74422497,25.667341,22.053814,34.285404,30.560486,0.008237722,0.2740896,4.986433,12.204914,30.112282,110.53004,25.7335,19.895369,0.07403963,4.3482513,0.92361164,14.659535,20.704733
196952,7.9579988,8.018373,3.1721263,1.0611011,21.998592,10.354575,3.284494,6.710423,3.688307,17.097115,1.1486837,1.3940625,0.90102834,6.4649754,0.52362067,2.4111373,1.7964504,8.98838,0.052965313,2.6191344,4.5755877,7.5898376,7.611851,4.6439075,1.2202865,3.9424498,10.93584,20.764782,3.481796,6.9316216,0.52363205,0.3717284,7.7237797,1.1668937,2.603207,6.546348,4.353051,2.4368422,2.0361543,0.53420115,2.3988361,0.22578049,26.912872,0.008311243,6.415573,0.02821138,12.498105,0.09284268,3.0795217,1.2072253,40.446854,13.302669,0.007868377,0.25918138,3.8214467,0.81856674,7.8737364,2.3519402,12.339402,35.14751,10.715384,2.4255934,27.61608,17.592678,7.451575,6.159353,0.30378744,0.0077648372,1.8438624,4.360489,0.13010383,0.006948326,0.01230506,0.09470088,0.00081407663,1.2353967,2.3207507,3.010647,4.011913,12.036087,1.6668962,3.4674506,9.650865,5.131474,13.459908,0.56599665,0.66238797,11.699232,1.3462148,0.21590596,11.407075,3.548235,1.4433168,2.0342512,7.444696,10.455607,3.0787628,0.11694808,5.5959973,1.102561,0.31996828,0.0041881893,0.20258412,6.0081735,7.6080656,0.21566868,2.5282733,0.91549224,1.6409128,2.3018734,0.0075859996,1.1223806,9.642144,2.1099536,39.183987,0.0226664
197348,0.05665094,0.008537708,0.013734698,0.08463196,0.09268772,0.06416243,2.4468747e-05,0.0016088497,0.059292015,0.0010489344,7.8890735e-05,0.16962683,0.0006488251,0.0054787705,0.10430422,0.21111254,0.00043505823,8.2629296e-05,0.0017623528,0.020283744,0.19303906,0.19401549,0.15184179,0.028116591,0.1606972,0.0054446585,0.20869613,0.25789824,0.001654275,0.035760216,0.21762712,0.17030378,0.0115768565,0.16135126,0.014582738,0.19860406,0.09698158,0.0039950083,0.0121903885,0.06895075,0.013318443,0.08440815,0.021649415,0.11399126,0.0099888025,0.09079192,0.0026308633,0.09682394,0.014345922,0.015280527,0.5401324,0.09124316,0.06221937,0.016599523,0.0005717188,0.07198978,0.24292403,0.03989023,0.0014208179,0.11855762,0.006058523,0.10296596,0.15874921,0.004336131,0.34514475,0.0030388508,0.324886,0.093747176,0.30290803,0.07451846,0.03639291,0.004207993,0.049213976,0.032989245,0.021513378,0.090778954,0.015019951,0.013986998,0.041020803,0.066002086,0.010674814,0.12374392,0.006928268,0.07767731,0.032694746,0.30727598,0.06458984,0.03175301,0.15889825,0.01594798,0.060291365,0.0005105604,0.027413234,0.2741824,0.3430705,0.04257394,0.5526531,0.17153795,0.012324243,0.06276083,0.052199233,7.4757636e-06,0.009160709,0.03296684,0.0014384552,0.09095295,1.270037,0.81013817,0.08042492,0.15265316,0.16048884,0.4573499,0.0059984345,0.1896949,0.15640998,0.0087582385
197550,4.967231,0.00011388084,2.024932,5.456302,2.2242255,19.928106,41.99234,25.50022,8.861016,25.22329,32.96815,50.901417,2.6606722,206.05371,52.70921,82.169914,3.1659925,1.7613926,3.0451236,85.48814,13.113133,46.79715,34.2013,54.070404,9.4033575,122.40246,13.0179825,92.66253,69.83113,0.86047435,89.70179,7.0373063,2.357437,30.617128,107.81848,128.00372,7.2073016,48.469284,78.67011,13.888913,1.9093477,1.9479544,0.3326926,4.9818063,39.504375,12.480037,3.9502048,26.634161,1.3511394,6.2836623,30.267511,186.47832,13.731413,1.757541,7.21054,4.1640525,5.839144,19.27592,0.04555427,40.53842,2.8839414,3.0617406,114.12797,9.688006,33.69507,113.25365,4.385768,2.1719172,27.056158,1.1228393,10.921488,5.6277175,73.020615,118.98328,21.707666,61.324463,103.165825,99.99949,55.815388,11.954187,17.782135,2.2134116,16.356424,18.182688,12.364558,61.44923,6.018303,49.645115,9.004917,42.239746,24.017506,43.3304,18.991323,12.67455,11.244848,12.733592,42.178383,132.97954,1.9193901,45.641533,34.6171,46.870644,53.781067,0.0031093268,1.0493724,7.914105,14.147194,47.440006,212.42462,41.238018,23.489851,1.9798417,9.014917,2.7345593,29.861135,28.996244
198047,0.002422083,0.006619442,0.40573493,0.08002302,0.0026671456,0.05325388,0.00012485746,0.3870794,0.45411807,0.21358654,0.83381367,0.28171116,0.04190998,0.68898356,0.61548907,0.48885018,0.029710868,0.03505653,0.29716492,0.15423395,0.07212686,0.4731814,0.47817746,0.11965576,0.027503725,0.5901536,0.0060305237,0.33764622,4.8669684e-05,0.03912383,0.014813483,0.056416392,1.919082e-05,0.037090197,1.0496782e-05,0.6063034,0.017946297,0.03309123,0.738589,0.0026143193,9.3305345e-05,0.10145515,0.15968457,0.18769984,0.19435799,0.0031102973,3.279777e-05,6.3032625e-05,0.017390428,0.10493811,0.16941357,0.1390613,0.01223466,0.13038242,0.049670544,0.05143678,0.11221049,0.32980967,0.011960674,0.55260074,0.0010444432,0.019848133,0.047241364,2.95887e-05,0.14391416,0.24039999,0.044140868,0.002669056,0.13655494,0.0107048685,0.0029710636,0.11524034,0.05402091,0.3195332,0.07020067,0.16967873,0.07304785,0.2788452,0.048358675,0.24185054,0.00038631275,0.053907137,0.08523902,0.048619326,0.10353681,0.0386661,0.45937318,9.158609e-05,0.19585715,0.2677052,0.0002585671,0.11372156,0.2602562,0.0005008802,0.74909925,0.15173632,0.027391173,0.3782388,0.046945892,0.011164891,0.0052746735,0.05324483,0.00559885,0.2838984,0.44952425,0.89297396,0.13511632,0.08932932,0.016004892,0.020947067,0.08887688,0.024802625,0.21623942,0.086802796,0.15845114,0.025545096
198249,0.644162,0.018563125,5.0555906,2.4426053,2.0070372,5.476942,3.8364727,6.0345435,3.9975982,9.329193,9.546375,8.602973,4.8365903,47.44325,15.599252,28.119736,4.012755,1.886219,1.583559,25.168406,0.4648371,10.655352,10.007043,7.5868115,1.940089,29.132708,2.6843016,18.892164,13.790826,3.129109,19.24977,0.10531353,0.17119078,4.092453,19.994385,29.831093,0.5902318,7.0575843,18.887644,0.06606951,0.8455621,3.471944,0.9373163,2.61871,5.792061,1.9883786,1.2160709,7.411885,0.93316215,0.33041808,9.461723,44.812428,2.0801635,0.43991452,1.2244028,0.05387379,0.94133836,3.6239538,0.23742287,8.621333,0.00018811182,1.2671098,19.868643,8.075113,5.963218,29.37683,0.7091179,0.7684416,0.913711,0.51738286,2.0593238,1.0067335,12.075856,21.293488,4.3320937,15.003185,16.473965,17.10045,8.6427355,0.49684674,1.1683122,4.4801745,5.4832435,4.303505,0.31420463,17.75994,2.058767,16.711092,1.7357271,5.914627,6.0295653,8.210412,2.0439935,9.255286,6.8871007,3.4793198,8.43891,31.15753,0.47540382,12.290435,16.327923,25.977077,21.690466,0.20754477,1.7105421,0.118676186,14.150162,26.064695,52.88653,12.509201,13.49219,0.038231816,1.7553393,1.6612694,1.5708008,10.296669
198350,0.1250909,0.0012860295,2.2132013,0.8841459,2.252049,3.527807,3.3302515,3.535119,3.3320093,5.139422,7.7893744,7.724054,2.1844754,35.901436,11.093722,15.176822,0.6341764,0.15405796,2.6062474,23.459835,3.2985418,16.204638,12.385244,5.5459948,3.760261,27.338259,2.0078607,18.37654,11.0200205,0.07429393,13.799965,1.224684,0.09901092,7.4743814,18.3871,15.297852,0.2181082,10.013404,18.60409,0.94083256,2.0835476,0.10967599,5.2975974,5.6567826,4.4211316,3.917917,2.2103827,7.4740243,3.8013148,1.3450986,10.555391,26.105703,0.14473273,0.061776865,0.089204654,1.2773337,0.14721327,4.2007756,2.2047198,14.416999,0.15034844,1.04342835e-05,27.241808,1.3919891,7.841176,13.595637,0.36376166,0.24748668,5.7111716,0.01835422,7.7794657,6.254218,13.939777,23.675335,6.6396666,20.541485,22.62572,21.106329,14.852901,0.6236402,3.3381617,2.0563266,3.5985157,4.142444,2.5188982,6.973288,1.7169245,11.749114,0.09078509,3.4030917,1.7559569,7.84686,5.379273,6.5460677,3.6866548,5.816626,7.750024,17.882223,0.013317164,11.079742,7.3705072,11.268206,10.256459,0.38722178,0.22926816,2.6886933,1.8424938,11.023458,25.088617,17.94623,12.713425,2.595707,2.3811822,0.5646266,5.382871,9.685439
198451,11.344497,13.532975,4.7088933,1.2130448,26.77217,11.894095,3.5508902,9.918869,2.4250896,22.313482,0.65390503,1.3952518,1.6735489,10.050237,0.06566105,5.6980643,1.2892202,10.731774,0.000101094745,4.175736,7.9047527,9.061847,8.933593,5.9473343,0.50210357,4.4642186,10.464425,26.184895,2.9807205,7.0616856,0.7370086,0.5794604,9.876023,1.7010734,2.0035543,4.318874,3.2296596,2.7793806,7.559976,0.6368492,2.1764522,0.12837699,25.308132,1.7580129,4.665104,1.0895008,9.77927,0.7861872,1.5312492,2.0915341,48.1042,15.9001465,0.8795589,0.043683015,1.9932877,0.402171,16.692734,2.3056068,11.394061,34.09611,12.051595,2.772604,26.969248,21.196892,9.574591,8.681552,0.23969819,0.24304703,3.675479,7.8253336,1.0518161,0.035461362,6.910102e-05,0.12105297,0.57492924,2.1267192,3.3041499,3.2762349,4.694922,14.340104,1.5441551,3.494796,6.8137984,8.351119,13.271938,2.2661536e-06,3.285686,11.821361,6.344549,0.015730873,31.431448,5.2466183,9.263044,3.1521904,12.087667,18.391226,2.5549264,0.062135253,2.362352,0.4282771,3.7004578,0.17480946,0.035830423,12.954368,6.644625,1.2482754,2.1302938,2.6393938e-05,5.034662,6.0089192,1.7715968,0.1315371,5.176658,9.951403,49.589645,0.063604645
198653,28.682068,30.573856,22.462725,7.213053,43.602364,23.433033,14.237861,29.333979,6.28959,61.58312,1.3208408,4.5562005,8.26574,30.119442,0.049896453,15.312885,0.4616471,26.008,0.0024695352,9.148966,20.79039,8.733594,15.330958,9.799954,0.72407484,5.84262,21.575493,48.236122,2.41409,12.00563,0.9157715,0.123443015,21.595938,2.9688907,0.4707692,6.3546305,8.700084,3.338622,16.117624,1.1009263,5.419549,0.023391621,68.01612,0.7420755,9.11412,2.9744136,21.774035,0.24051352,1.4809433,3.0383549,78.676865,25.577234,0.98060566,2.9341855,4.2647414,2.9841688,24.759075,2.2296355,22.77232,74.2172,19.940842,10.157451,34.029934,36.389393,4.043124,20.06631,0.19307159,2.8928304,1.5668505,16.629353,0.0023277365,0.55931216,0.9199945,2.6219113,3.8743424,6.3001227,7.4219217,4.7842197,6.7539186,33.907696,1.7800633,13.89529,10.525075,12.930022,26.882622,2.2704349,6.0657363,37.07618,9.66089,1.374297,28.688002,0.82883126,1.4677517,29.254866,18.265562,28.26665,3.4356828,0.99419296,15.506272,6.6351557,0.65981865,5.9516506,2.1070619,9.364379,15.351286,3.6930323,0.041677695,0.8650531,16.527626,11.034708,0.18249615,2.2069771,20.15814,12.837388,93.40815,5.4451017
198855,0.6735504,1.130847,3.1490564,4.9220815,3.2355068,10.654303,12.446413,16.22443,7.660064,8.4186125,24.510769,28.70675,3.5187402,77.89486,33.59775,52.18867,0.0050985795,0.0587218,4.3560514,52.432587,6.6395116,27.931517,21.918142,30.285814,8.210306,59.20568,8.5707445,47.42247,38.830196,0.0016839345,48.211437,6.2707295,0.0015599767,18.823343,59.058292,62.540867,0.9957396,28.675919,39.296738,7.6143312,1.0233283,0.7949627,1.5248234,7.0809784,7.1909895,10.812704,5.1903677,16.558893,5.116677,5.2875795,21.75351,60.092564,2.2471628,1.4876026,0.6993011,4.051235,0.050971445,18.13568,1.1814184,26.244993,0.36873356,0.012853311,69.79297,0.9068995,30.783573,36.695744,0.12257544,0.2301737,27.546957,2.3420284,7.067451,5.364267,43.419605,63.366695,22.41795,40.50842,56.563847,54.605213,38.490013,11.175307,14.412711,0.04914109,10.086679,11.918081,6.087809,18.192827,3.5148284,20.90625,1.6708802,19.62369,6.303449,25.994482,11.444328,4.8354454,2.8918202,7.053026,23.71062,68.01046,0.24523051,29.190475,9.707282,18.131823,17.037071,0.84592026,0.043407984,11.656834,7.2067475,23.940353,106.556335,29.825005,15.728731,4.145636,5.768839,0.04459157,20.071379,24.734186
199150,2.2304664,3.4986537,4.1606717,2.1606035,2.9431443,1.7561688,2.1463358,3.0316541,0.15146776,5.6479197,0.55155194,0.30667648,0.35817987,3.2597783,0.2462211,0.030131513,0.10746916,1.8849189,0.53052753,0.6703031,2.9264882,2.2079198,5.764944,0.60072833,0.0877809,0.2802911,1.7912827,2.662516,1.9700618,0.7909079,0.044237383,0.2812247,2.8469183,0.22907151,0.16300511,0.36193094,1.8754177,1.3515867,2.3873127,0.26325732,0.38426372,0.03778414,5.584747,0.5775678,1.5630031,0.12842001,2.8388195,0.04075578,0.40724915,0.39958394,9.141347,2.0034392,0.2655655,0.11871627,0.020651126,0.00058924116,7.6922703,1.4611613,0.38758996,4.0223737,2.1297286,0.75258243,7.462126,2.2367551,0.7773594,0.7586949,0.072444394,0.14954567,2.6367052,0.74388695,0.0152838575,0.15981667,0.27196524,0.7063775,0.06155255,1.948431,0.026302885,0.05353771,0.71382076,0.40942803,0.35666603,1.1812415,1.462628,0.9618574,2.5836952,0.0064811194,1.415369,0.9531389,0.6816982,0.031457696,2.1834579,0.013522305,0.04288522,2.2060504,0.2326966,4.1643386,3.3787596,0.5074271,1.5555668,0.46172065,0.002329591,0.143027,0.0014410708,1.6684023,3.344658,0.41860422,0.14590912,0.20988446,1.5577648,0.036062613,0.5598836,2.7908735,0.59869426,2.3920407,12.473684,0.6949229
199251,3.1657896,5.520615,1.104468,0.52480274,7.7173324,3.343918,0.9209672,2.961932,0.36922663,5.987276,1.1359586,0.0027289116,0.34831664,3.315132,0.41190943,0.23494157,0.26099014,3.1076453,0.71932864,1.4503111,4.769899,3.0427306,7.713028,0.7497082,0.24253623,0.635196,2.0963397,6.0169826,2.379518,1.6849238,0.063356556,0.038188834,5.1457334,0.36887127,0.86164445,1.3859471,4.064335,1.8090816,2.0964355,0.23445386,0.62099004,0.14813372,12.660846,0.1591102,2.7388358,0.14553934,4.244146,0.043005623,0.92715216,0.22264904,14.652334,3.6241834,1.0612627,0.66798174,0.28386945,0.040051002,5.231682,0.3792427,3.026626,14.430606,2.5129569,0.7107482,11.478065,3.207061,1.8244872,1.2518237,0.052416652,0.11192272,4.8163137,0.68180853,0.32181546,0.04818368,0.17274989,1.0877955,0.5046592,2.4796486,0.019865515,0.050993018,1.4597921,3.596188,0.4229989,1.6781307,2.362091,1.6097975,3.018851,2.7501757e-05,1.7293471,2.8208904,2.6474357,0.21102566,0.9257406,0.54799175,0.070653535,10.045022,0.18825544,2.8634079,8.408847,3.265148,4.820335,2.3316014,0.12332008,3.9253304,0.93840486,1.1070828,2.0804684,0.0050122696,0.19472678,0.3462681,0.57334155,0.010110426,1.7619249,8.299884,3.5395937,1.5626726,11.924731,0.13430771
199352,0.0074589825,0.0038689154,0.15744838,0.0066958116,0.022232678,0.008227426,0.1849931,0.011567501,0.02678912,0.082190655,0.00032733902,0.29947165,0.00023756198,0.00085977785,0.008492535,0.002333123,1.2152455e-05,0.004370116,0.09872261,0.0039666826,0.0047158683,0.06476845,0.12946005,0.010941088,0.04732221,0.0331284,0.045045745,0.042190954,0.010438865,0.031072082,0.003912265,0.0131611675,0.0015273112,0.00997001,0.0020745245,0.08366664,0.005354757,0.0058996985,0.07768635,0.034417935,0.12977044,0.09807878,0.09440917,0.011255899,0.025860706,0.0059083593,0.008107217,0.004626386,0.007535323,0.0024321256,0.0023180123,0.15983541,3.5090834e-06,0.08754137,0.038497802,0.029920239,0.0012629888,0.035505015,0.076531634,0.24254392,0.0011446918,0.024586773,0.01130955,0.009882538,0.051176276,0.06800924,0.06633642,4.4971228e-05,0.024623096,0.004471542,0.012113106,0.05649434,0.06494618,0.05039514,0.28157634,0.07966102,0.011629376,0.037428103,0.025204306,0.2319785,0.017041411,0.022146314,0.002804008,0.1579221,0.009209527,0.01806644,0.006133793,0.07110408,0.001710459,0.027844364,0.13087049,0.6027018,0.42591974,0.13107762,0.010304556,0.009491808,0.0048608202,0.045054894,0.030019721,0.053219777,0.31228745,0.028540475,0.055144418,0.0022945262,0.022596898,0.011040706,0.11052609,0.7680649,0.0074864146,0.39900368,0.06298998,0.08174377,0.17899676,0.06462359,0.0014306012,0.03208551
199453,0.18839332,0.006343066,0.006201199,0.027584704,0.1261086,0.060012735,0.19625984,0.16781305,0.16254671,0.5353042,1.8012235,0.5924686,0.103809424,1.0854526,0.62365144,0.18296705,0.06789883,0.00036040886,0.32250234,1.0848066,0.008053981,0.46093872,0.47291493,0.1402297,0.0989589,0.18322699,0.4871268,0.023547309,0.04907267,0.36282668,0.3362709,0.0025541259,0.06672394,0.23672646,1.035719,0.7779907,0.06472125,0.29334593,0.73765343,0.06827964,0.051771097,0.013184728,0.75544333,0.3402722,0.008912585,0.66191256,0.32008913,0.56160486,0.20628726,0.0039124214,0.3882678,0.22136743,0.007798604,0.006894731,0.31749508,0.068859845,0.030711453,0.40965462,0.19023162,0.47341794,0.0049344017,0.13358483,1.7644804,0.0036412666,1.5168551,0.12410911,0.5740204,0.4329956,0.16693231,0.033515215,0.011489306,0.38767695,0.43320954,0.95573133,0.71874505,2.4817352,1.1947495,1.189922,0.026889501,0.12630549,0.09775507,0.020038107,0.04280448,0.094031796,0.10640691,0.059602376,0.20650505,0.6097201,0.15242113,0.18830852,0.001413512,0.8639764,1.1486888,0.065573506,0.92522824,0.019893307,0.07937513,0.066741206,0.07880087,0.5885973,0.13806346,0.6721344,0.61206126,1.7959714e-07,0.004992336,0.19493644,0.03428561,1.0392364,0.32922733,0.12917165,0.29847565,0.30202308,0.3149377,0.075102784,0.1025142,0.24602723
199655,6.887287,4.9486513,5.5212197,20.542353,8.379265,51.558285,84.542496,78.10698,18.589546,44.63086,97.165474,140.85619,7.2005315,389.51526,122.603745,227.31943,0.76494986,0.031744026,13.251352,226.51892,35.293827,109.68649,78.64239,140.655,21.363203,275.22305,36.440178,228.96646,185.94016,0.4822841,235.01796,31.68489,1.22991,86.128075,274.9898,318.03915,22.81714,112.69954,163.75308,47.51207,4.6881986,2.4085505,0.07312044,13.116302,69.677444,47.682735,11.884649,62.967327,5.120966,28.745531,89.731575,330.36707,23.305122,12.835842,14.372381,15.320326,1.4157642,72.16433,0.71872425,100.51834,1.1905434,0.3564925,290.21707,6.30756,129.85582,201.30743,1.9586613,0.7955867,101.426254,10.964887,17.212152,13.981452,193.8383,309.9526,81.523056,165.02304,238.67188,228.99252,161.04153,64.76474,61.937634,0.005295204,47.86755,61.461185,34.175037,116.83609,18.879633,77.208595,20.644712,110.809006,35.243977,106.86461,65.048744,9.485279,19.973234,19.699858,114.82572,333.4047,1.0725517,116.56967,44.100616,70.435844,92.39556,4.415616,0.29785377,46.351208,33.11566,97.12102,508.9485,76.02924,62.21216,14.731332,43.641262,0.23043887,99.633804,112.920906
199958,24.36569,8.230604,5.7760572,59.49735,7.449524,126.53847,248.49648,205.3198,38.53594,101.919136,199.54501,335.80264,4.9137115,1034.5522,266.5285,521.43994,2.6804495,3.1174161,14.26324,479.05936,63.602154,230.97668,152.85495,348.59726,37.115345,652.86444,66.76996,523.75073,451.24478,4.807655,614.1827,72.57348,4.932683,184.20546,654.38214,821.2514,79.312355,267.42075,378.9861,105.55265,7.657222,8.067286,4.1799154,22.084682,195.39008,117.544334,21.703001,149.47823,0.83556104,67.88273,206.64424,838.59436,77.729004,32.326218,54.904438,28.261026,8.532413,180.25862,0.45381504,230.87758,5.581097,2.5094945,688.29346,25.294407,268.75488,560.64606,20.228191,12.486869,185.8976,17.845455,40.596455,23.59494,435.30795,670.14453,190.76492,347.71158,561.7651,524.5184,389.2412,154.26477,144.28409,0.004070825,128.39214,164.3232,84.37175,348.8894,37.603138,184.80879,62.04429,274.5851,113.78114,269.85825,108.07501,21.101522,44.877098,21.990631,271.54965,845.6942,6.3079658,259.66696,154.73186,245.07973,303.18494,3.2545507,8.640511,81.20478,49.904335,303.08612,1264.4333,137.84056,111.16046,22.644331,92.98886,2.910193,210.74878,247.37189
200008,2.858124,5.4366107,4.5512624,2.6468148,7.554637,5.8858294,1.2112364,4.511135,0.8017277,15.855153,0.3133186,0.03518218,0.017639223,3.9496996,0.0905982,1.8867056,0.07459365,2.9332438,0.042497035,1.4884577,4.2440066,4.7181325,7.106326,2.9895773,0.20288593,2.000962,5.292632,9.399683,2.053958,2.0587742,0.1278858,0.010907939,4.038853,0.10289494,0.28400773,0.53060555,1.7309254,2.1130834,2.0794442,0.046058934,1.0840439,0.14320482,13.074366,1.4311041,1.3868055,0.9462058,4.6863165,0.028543536,0.06899015,0.33559394,15.853437,2.5112624,0.67330843,0.26618242,0.067903556,0.08946834,9.260686,0.43864948,7.669713,16.025576,3.3126636,0.96841216,14.667873,4.5151196,1.3986863,0.7518659,0.9896348,1.0564941,2.0773118,2.9243023,0.0030126872,0.019755514,0.21401733,1.2167398,0.00077675015,1.6340241,0.3008559,0.29905272,1.16683,1.3107733,0.5178979,1.2926621,5.3874044,3.812446,5.177831,0.016300479,2.0364888,4.803714,2.7450325,0.009163555,9.453037,2.283224,1.5424751,1.9339818,2.2868693,4.053032,4.151755,0.16148217,1.5770388,0.00037212134,0.5074636,0.03444711,0.0040555373,5.542028,10.783197,3.3711352,0.25224927,0.09196339,0.3017455,0.09326429,0.039585236,1.1168275,0.6751289,5.0138035,38.569206,0.24707362
200109,0.052774783,1.2554451,8.249297,5.2074046,5.4607773,10.463977,5.4008026,13.7255,6.817707,5.048775,24.499552,22.428526,6.788835,59.29515,32.397102,45.59967,0.09619311,0.21378605,4.7256637,52.068054,6.5232687,25.943583,20.776125,21.595835,6.9371614,53.793938,7.030261,41.10739,30.542294,0.021599088,39.332233,5.0594354,0.08599386,17.277002,48.5212,62.44543,0.21859117,28.827969,37.02052,7.25339,4.422417,0.36323214,2.564626,10.683222,5.234181,10.641267,7.6567125,19.69439,3.5387192,4.424802,19.839182,45.499226,0.81121296,0.995763,0.00065114704,3.855055,0.0028008528,14.4115095,3.173926,27.403515,0.37095827,0.009023748,54.8358,1.7756175,22.638477,24.242966,0.64566034,0.8063845,16.38792,0.59025705,10.58122,7.2598853,40.0182,60.271587,21.184788,42.381866,52.76453,51.614616,31.074095,3.0615635,10.558011,0.33163694,6.547782,9.28883,4.669853,13.048923,1.8269045,16.574257,0.3120315,15.802923,3.6023633,17.261574,9.334971,6.4169526,3.698686,10.463148,20.890402,62.560184,0.0024002956,28.318787,10.191359,16.98975,12.890876,1.1465137,0.04677546,8.642193,8.853114,21.193783,85.16555,19.927387,21.782356,1.6069133,5.6060987,0.011663249,15.771685,23.50297
200210,0.18732221,0.004270918,3.1284857,0.86234146,1.3450184,2.557438,1.0286528,3.9152477,2.7222738,1.7603384,7.5842137,4.895276,3.9410079,18.32433,10.007916,17.479595,0.4078743,0.00438284,0.8904417,17.027039,1.0276786,8.949802,6.101085,4.105247,1.4761316,14.875381,3.2992234,13.548378,7.874218,0.489742,11.012292,0.43002686,0.031395257,2.3070583,10.881279,14.248977,0.038096365,5.2348027,10.934599,1.2021602,0.67007893,0.70050794,0.63034236,3.3251755,2.6018991,1.4537939,1.6344963,6.1252527,0.38151705,0.5225774,7.0404882,16.631882,0.01631571,0.20146962,0.05343268,0.63577527,0.4257941,2.5513241,0.9428182,5.636268,0.011137385,0.31370363,12.51572,1.466822,4.0872273,12.993495,0.012618791,0.0027673608,0.92823696,0.048696287,1.3807162,1.9971229,9.413694,14.796029,1.5173638,5.9368987,11.487195,12.526154,5.843481,0.23295097,1.7708299,1.1139842,2.264427,1.8730376,0.73710835,3.9464216,0.0006160368,6.4470077,0.15826824,5.716057,0.07255292,6.7688384,5.890786,2.408333,1.1211091,3.0894442,8.816995,18.879068,0.0005898222,9.302872,2.8431928,5.0140996,4.415606,0.53810394,0.32913095,3.3083613,8.360796,6.9920588,28.988968,9.728063,12.818748,0.47690544,2.6565351,0.13861424,3.4398572,4.2836504
200311,56.887386,63.49176,32.617764,0.09824769,131.20702,45.57704,10.378323,47.87883,4.3027167,128.19691,0.38499343,3.7467837,6.5858426,47.872364,1.791201,24.262653,0.44635266,45.764675,0.18550475,17.883247,56.42836,18.459373,20.163532,15.509021,0.2662077,11.190703,42.1172,111.73872,0.88470626,10.583804,0.13310635,0.17961255,28.354841,1.3469079,0.033953305,14.308553,5.8199363,4.3466563,48.126167,8.400918,7.266835,1.972041,138.34727,9.69049,17.839388,11.737251,38.4659,6.147709,3.9149132,4.0994368,201.04253,64.095604,8.354672,5.5628867,6.489276,1.2330757,47.8404,0.3480888,73.63943,224.55353,34.83811,6.515949,77.30905,84.21141,19.378048,39.16437,3.3439765,10.512726,7.894291,37.445095,0.4211114,6.833039,5.5961733,13.119423,24.754154,33.401634,28.342802,27.08842,10.563092,74.076614,2.076637,20.876583,8.625738,7.980306,51.79904,0.18000229,56.114353,47.03475,46.163486,0.66075635,79.90985,4.921598,8.373263,61.297256,45.089703,100.43229,7.8886275,1.0409708,33.220875,8.900603,3.4313197,5.0223265,7.234888,42.03843,19.463907,1.3588156,1.1876851,0.5152535,23.75841,12.600976,0.02620154,2.669529,58.8518,27.296225,227.7004,6.5040293
200513,0.07805216,0.062460966,0.035245176,0.01179368,0.46213877,0.17695194,0.42820877,0.0030636562,0.25954583,0.31247315,0.017681427,0.0067948434,0.061025538,0.059029143,0.0557625,0.24279086,0.00015676123,0.0047918796,0.036491513,0.15454787,0.09692865,0.0047691474,4.7756697e-05,0.0028798855,0.001319686,0.19278727,0.2999278,0.32681715,0.02870338,0.011852891,0.1053814,0.010888046,0.047879834,0.085822165,0.020595936,0.0010740316,0.04929406,0.22576185,0.01832104,0.0064829383,0.09156959,0.3279372,0.06369853,0.10226023,0.0698347,0.0012338338,0.011959579,0.030371623,0.06016457,0.16114758,0.46739218,0.3939851,0.0033877813,0.04901702,0.02833991,0.02663631,0.12890768,0.27008107,0.047296125,0.15472855,0.06733835,0.020925583,0.0003051135,0.07026095,0.037217747,0.011342561,0.00075366424,0.0067452514,0.4387005,0.010911443,0.08804999,9.799296e-05,0.17469539,0.19771855,0.008030504,0.1809236,0.1576563,0.32126614,0.017040664,0.05776744,0.024646025,0.16410427,1.1201463,0.68348604,0.11888408,0.05096929,0.78704727,0.4330001,0.073227756,0.28709286,0.24983743,0.49588105,0.3950581,1.939747,0.17626786,0.5641307,0.15155578,0.076299444,0.2453049,0.4565424,0.17530698,0.11912325,0.14500819,0.061546147,0.05650236,6.7389476e-05,0.5876533,0.051052004,1.9638754,0.53339094,0.6930786,0.27637982,0.107291065,0.57287985,0.011575035,0.708385
200614,0.7028386,1.9371302,0.049126398,0.5121842,2.6632667,1.3023396,0.31656587,0.5857866,0.07050387,1.9352754,0.29122928,0.0072584464,0.014343337,0.3490519,0.8223892,0.096996814,0.01109206,0.52121264,1.1772693,1.3145232,2.7878933,0.7571415,3.2784827,0.26914728,0.20138861,0.21949707,0.8614032,1.6997312,0.32834616,0.0019551,0.071630925,0.120211355,2.2068114,0.0211492,0.087323464,0.13568392,1.999358,0.39973035,0.5118086,0.18153085,0.63294,0.031131553,2.7242725,0.06525118,0.70145935,0.40601456,1.4960432,1.4700826e-05,0.018024275,0.00767726,4.7547364,0.6931531,0.0034905402,0.17607245,0.07354134,0.03773369,3.900718,0.32825613,0.19804335,2.6375346,0.5846084,0.0061291633,3.854479,0.14447051,0.98101556,0.03716838,0.04211465,0.06853961,1.5267127,0.0005710844,3.592794e-05,0.46625498,1.189546,0.77643037,0.0678037,0.9272148,0.0047856844,0.15732111,0.8349056,0.2817961,0.1630947,0.19479297,1.3324459,0.28614116,0.6913996,0.12333092,0.021983542,0.00651292,0.3667995,0.0012697482,0.15747747,0.005084132,0.048633397,1.1652517,0.004502883,1.9535245,3.2605386,0.7577934,1.0034822,0.35291117,0.14375588,0.05622161,0.0016868024,0.19695075,0.5146586,0.04902672,0.41000092,0.06549669,0.018991215,0.0002952086,0.60541457,3.26885,0.692252,0.958525,2.2496939,0.25472155
200917,0.0007461071,0.0066773877,0.0021527398,0.043505076,5.455166e-05,0.039849494,0.0043319874,0.13498564,0.023842542,0.10614865,0.032949526,0.1407811,0.00305266,0.34917057,0.047798928,0.083479084,0.002134146,0.0070816767,0.04689772,0.4902593,0.06038592,0.006010905,0.042294852,0.009708007,0.01506115,0.03514617,1.2516689e-05,0.0022716965,0.00016324947,0.0066637667,0.00084368564,0.013910535,0.0051286626,0.013509554,0.14918695,0.08015245,0.00038371052,0.024254741,0.012721817,0.0033236153,0.004338702,0.033933412,0.006525028,0.0007002384,0.0015438877,0.029522251,0.0391961,0.0033552384,0.008747671,0.010777706,0.007849734,0.011020749,0.111635424,0.009543147,0.0003429925,0.123305425,0.060938165,0.051387947,0.032810967,0.4234808,0.00049661257,0.14733665,0.013190006,0.0056197336,1.4559647e-05,0.026018672,0.02759001,0.0019699133,0.021663414,0.0013262419,0.01564674,9.695047e-06,0.003746289,0.0010379368,0.009836598,0.14135553,0.007264497,0.0004219332,0.0009561385,0.068144105,0.1441631,0.022794617,0.67722493,0.5219752,0.0021513766,0.00055077585,0.010114689,0.01162683,0.0360971,0.048672307,1.3338168,0.9607972,1.3676524,0.66274256,0.08037197,0.020480432,6.2371796e-06,0.053948965,0.15751576,0.38134828,0.06365876,0.26367947,0.22954828,0.19181165,0.13772902,0.019978635,0.014668071,0.74757224,0.02057183,0.6327205,0.0988359,0.023056934,0.2519153,0.004205179,7.741609e-06,1.8795068
201111,0.058607936,0.4802093,4.7341185,2.424904,6.3119125,6.656075,0.41643044,6.358028,5.8026695,2.9162765,12.787813,10.352713,6.7622423,18.481613,15.917597,19.766333,0.00085325027,0.22088619,2.629425,26.257185,3.7105842,13.023418,9.983368,8.9292965,4.4258943,29.384645,3.495588,22.774855,14.380133,0.029814335,19.19288,1.9083157,0.39325216,7.6134405,26.278017,33.595947,1.2748166,9.508836,14.405593,2.8603349,1.4113351,1.3627696,2.2678132,6.7424493,1.4440576,5.104154,6.0282326,10.351263,1.529279,2.5700161,9.500013,17.082201,0.07119208,0.17936598,0.19320841,1.050344,0.010101835,5.3822494,1.2561983,6.5395093,0.7551053,0.1934359,23.260988,0.5587731,12.260944,9.829747,1.5785155,0.2766068,2.130892,0.10268507,4.9082885,5.1301317,18.952301,26.319029,8.61497,17.667078,22.482494,21.299152,12.477915,0.27603975,4.371767,0.5757484,1.1154885,1.8880613,0.7395705,4.183344,0.76178086,10.485178,0.020203093,5.4808483,0.09229585,7.8436265,6.0184503,4.9505544,1.1318239,8.157361,12.016892,26.471235,0.0059960526,13.527477,5.8335123,10.420533,5.648147,1.0813926,1.66837,7.210751,4.063483,15.8005905,50.630997,14.402029,8.0323715,1.5583322,2.5089445,0.0029051397,7.4427214,15.642454
201414,1.6814628,3.306033,1.12421,0.5515797,6.9968424,3.9958055,0.81300294,1.5919275,1.1203706,11.535359,0.29309306,0.23130731,0.29100525,3.4503849,0.08477778,1.133989,0.21211515,2.2206037,0.08005794,0.7421008,2.2784903,3.3489068,3.6885238,1.3535091,0.2941708,0.7386625,3.4210262,4.972375,1.281984,0.71352714,0.08435717,0.00196279,3.374911,0.27037475,0.3072214,0.8212085,2.3443115,0.91389847,1.5626422,0.26518747,0.92057484,0.10300445,6.4944286,0.2600094,0.5984987,0.398092,4.1735916,0.043568343,0.0022190565,0.08312392,13.37097,1.6435273,0.16418296,0.0042601894,0.09399514,0.15221637,4.4864917,0.38546023,6.9099183,14.437867,1.6095359,1.956313e-06,9.739982,2.0636845,3.268459,0.1955245,0.55821574,0.326244,1.0833539,2.1138532,1.0413537,0.04960871,0.01337132,0.44603154,0.1520011,1.6562814,0.058729902,0.07166732,0.66564405,0.65691906,0.36227334,0.5965182,0.11733187,0.2233411,4.2229986,0.03129286,15.917918,1.1436074,1.9610331,0.057474144,10.338469,4.2418623,2.214165,0.02637504,0.32824814,5.453725,2.988432,0.013171229,0.44136629,0.039004456,0.46645606,1.8172816,0.3725256,5.5018353,6.8844967,2.1332123,1.6981786,0.023759514,3.5258086,0.042137127,0.095795535,2.4129999,1.4896644,3.0755026,25.964756,0.57030296
201515,0.0012940448,0.037347615,0.026454331,0.04341771,0.0007529084,0.01403047,0.041076027,0.05055913,0.010231523,0.0010451542,0.035166264,0.17331016,0.01319171,0.02884079,0.041592047,0.012528248,0.014947297,0.09875377,0.0084655145,0.0057545803,0.000112452275,0.022220006,0.11760564,0.17557643,0.26962104,0.1824138,0.013056101,0.0039395653,0.027685534,0.06961574,0.03166113,0.05735045,0.020191759,0.0043524033,0.000517897,0.0021501519,0.016610445,0.03514341,0.15700617,0.005504053,0.0009591432,0.07830595,0.129815,0.0030421703,0.00734891,0.02439313,0.05510569,0.0034664404,0.007709703,0.0012912545,0.06607411,0.0001396438,0.3053079,0.07685417,0.0049407594,5.0691193e-07,0.018392978,0.0837951,0.035623703,0.06899126,0.008909738,0.16679889,0.013032377,0.03399308,0.15696828,0.019504558,8.310569e-05,0.07198182,4.939423e-05,0.0095514925,0.1697108,0.015768498,0.016311942,0.0020402865,0.39095512,0.16434568,0.0001069718,0.019882202,0.048866406,0.08056311,0.00953814,0.07960874,0.00010372337,0.099236414,0.0066900672,0.022667082,0.001481769,0.01356779,0.0019319031,0.00024113616,0.41484308,0.062881425,0.27384531,0.020490745,0.43361387,0.021360623,0.05609647,0.04519516,0.009734206,0.016047569,0.040167086,0.008258196,0.01664372,3.0275452e-05,0.0020155953,0.006297732,0.0034112567,0.027778639,0.010790179,0.5321355,0.10380066,0.092856176,0.0054552937,0.012658251,0.03543472,0.02549602
201818,0.05665728,0.5518365,2.2742913,1.9437327,1.7485557,2.7004602,8.994726e-05,3.762956,3.2692683,0.7069754,8.188125,4.103231,3.6534061,4.9990544,7.809423,11.256761,0.0015295075,0.0016873361,1.4407526,7.980608,0.5234525,3.2801375,3.9066494,2.359185,1.7602556,10.484591,1.4904212,7.039758,4.325057,0.23780175,5.072804,0.23269223,0.18135814,1.5847912,4.1454797,6.119671,0.14189371,1.214249,6.3485556,0.7164023,0.19222121,0.9210181,0.45277447,1.6775128,0.40461516,2.5751166e-05,2.2499056,2.1567807,0.21743172,0.25457945,2.7401311,4.488383,0.13637972,0.57214683,0.33535898,0.5542871,0.010849507,2.4277067,0.17692411,2.1089463,0.40070486,0.10413269,4.873052,0.23454492,1.9653592,3.5775125,0.24661028,0.0069879508,0.18323515,0.3861448,0.13804482,1.2997198,3.184071,6.3957267,1.9285145,5.251388,2.758587,5.185407,3.3811493,0.0045307684,1.0180234,0.09673575,0.6706243,1.1767458,0.3191211,0.44061896,0.3643789,3.2518952,0.18146399,3.377228,0.009575777,3.038458,2.23417,0.72512287,0.40397444,2.6934876,1.8017209,10.641382,0.04976346,4.5675397,1.1205631,0.94527954,3.2757938,1.3105959,0.104336284,2.1084573,4.6652255,3.935293,12.938794,4.199347,4.344419,0.49836475,0.9371251,0.23471962,0.7821409,6.2246103
202113,0.0027713657,0.015632996,0.01783595,0.022230634,0.004587782,0.02785884,0.0041438295,0.16394165,0.028148202,0.024794282,0.02314953,0.08881596,0.010015034,0.035183277,0.008580968,0.02349746,2.3385965e-05,0.07233286,0.021324502,0.0032673036,0.08919873,0.06237263,3.9065035e-05,6.1739396e-05,0.0013478206,0.0030851844,0.007896858,0.0011993918,0.0056017097,0.001157077,0.0047134086,0.011578178,0.034796774,0.0012000751,0.0065236846,4.936952e-05,0.06842333,0.020494996,0.017308645,0.119264975,0.000448787,0.090952694,0.124330044,0.0008140613,0.22709125,0.066605486,0.22649284,0.01169186,0.0012878951,0.11681838,0.008724969,0.010902794,5.4920758e-05,0.003087042,0.03214764,0.020542527,0.0123158,0.19945839,0.009503315,0.0693793,0.0009363954,0.0150846625,0.1267397,0.054659538,0.00072212087,0.083714716,0.011544953,0.00082070386,0.073771484,0.032294463,0.5005245,0.06751917,0.050759897,0.0009677443,0.23293337,0.12358301,0.17032464,0.063395076,0.24420059,0.010100086,0.00024218134,0.056510635,0.026940096,9.8349265e-06,0.04752724,0.0680376,0.00075103535,0.020490728,0.010145465,0.10724488,0.09399967,0.14363581,0.037680157,0.15398325,0.03662271,0.3729805,0.0680154,0.00011268626,0.050226282,0.09672094,0.00015939875,0.14181873,0.0002065417,0.023512483,0.0165535,0.028988868,0.070228815,0.046894997,0.007681449,0.016460603,0.018345436,0.3101214,0.05323765,0.14901379,0.07850404,0.0052877767
202719,285.6809,271.08078,250.25127,27.335556,409.13403,153.23766,145.58833,236.00955,41.876442,600.2315,2.937979,20.885973,86.943085,231.5395,0.35572997,171.93787,0.02512541,155.5517,1.0409608,42.548706,236.17006,32.145798,76.68525,57.826385,3.1994967,36.348984,186.0526,351.8073,4.39142,31.29386,4.112534,3.230556,121.13301,2.969578,0.82706773,28.502903,35.383327,4.2765503,120.87004,33.32538,65.995,8.65779,527.73224,17.051788,82.67444,55.467293,137.41034,7.535645,9.460726,25.193922,664.4019,243.37224,6.0562344,17.275227,27.095102,7.2090764,192.71829,6.891849,238.07173,637.3367,148.75403,51.345036,217.98997,309.31873,21.124327,198.26393,15.663931,68.313286,0.09734506,188.30397,4.98906,21.730484,30.506403,67.44272,108.55987,156.25395,117.73124,113.33473,38.77374,152.61052,4.5593815,79.94644,126.77377,72.53266,183.37509,6.6174064,71.98837,314.2979,101.53979,6.054704,265.1929,13.381312,31.805452,247.97392,217.0531,315.22244,19.227207,6.4854236,147.58163,45.548306,12.55586,24.279346,19.833542,103.12187,97.225784,18.254301,7.906648,1.4637706,120.18738,89.93092,8.54188,11.152947,241.25198,98.5918,888.12555,61.641785
202820,69.303665,85.93954,32.58776,2.1539435,158.93622,70.86496,8.400549,71.56918,4.2252655,253.69913,0.0003233697,2.6331463,1.0765815,61.03009,9.226345,35.779747,0.069435254,61.40306,1.3024126,24.100742,113.98092,23.512703,26.751501,30.52805,1.3837029,9.163601,47.26575,128.36551,0.086446956,13.147166,0.13785385,0.29492337,42.26073,1.5086339,0.03171816,12.542414,0.03963123,0.32608074,128.1839,21.146622,0.66501814,4.3276296,194.3559,27.482529,20.070559,28.91062,42.07865,17.910213,0.6242273,3.6980243,281.54895,72.209526,27.240812,1.1409503,2.6648831,0.11850533,62.821514,0.39570257,225.1879,430.03738,54.1947,11.784576,142.26588,123.22737,23.217607,44.521965,13.580268,24.444233,5.279734,76.305,4.1930857,5.9711585,18.311962,27.143206,65.607254,73.85465,68.555,62.21506,12.395481,87.180176,0.6628941,21.724257,25.230349,25.124767,71.02531,2.435777,74.6192,89.51111,100.75775,1.5982847,258.9228,56.20971,65.021545,31.32498,126.024895,200.81541,0.025240505,3.2183356,21.670422,0.2751244,37.95995,2.471801,0.45764834,146.1492,46.255787,9.675989,40.60128,1.6831441,84.227165,31.454899,6.1089315,1.0768303,41.63761,99.85268,423.13712,12.006125
203418,3.9052246,6.8531637,3.3369408,1.1040726,7.8866,4.343266,1.823704,4.4757214,0.8790778,12.768692,1.3716593,0.17674713,0.27500948,4.9502554,0.238462,0.9378588,0.046745002,4.5776954,0.44497558,2.6159763,5.698491,4.267741,6.616266,1.6394267,0.1561076,1.1539359,3.3486476,8.495108,1.4247682,0.93495655,0.043651987,0.025858551,5.282571,0.43162286,0.6449967,1.4054917,1.7864544,1.0377189,2.0461674,0.21598224,0.45502406,0.03551872,13.469714,1.1165926,3.4307258,0.75992167,4.3960166,0.20381299,0.85275507,0.6319188,17.883724,4.7378564,0.56754965,0.29987618,0.28912777,0.005499773,8.020515,1.1969324,6.0876865,14.864858,3.6860747,1.505842,13.2309885,6.1339784,3.836002,1.892333,0.19193232,0.310178,4.401546,1.9370626,0.10898868,0.082128316,0.015867336,0.48184955,0.360336,2.3372626,0.95870614,1.076856,1.4082396,4.627791,0.2862761,1.8141508,4.183925,1.9974747,5.1683946,0.0033631243,0.5136831,5.2517486,2.8259277,0.07326465,6.101739,0.39157724,0.46521804,5.153999,2.1569066,7.0196514,4.093217,0.44177344,2.692837,0.65696186,0.28687498,0.3739865,0.018871717,4.386513,3.2453432,0.110420816,0.32625878,0.0073957453,1.6019958,0.30520213,0.71896863,5.870837,3.3348093,4.4308825,22.40414,0.46206278
203923,0.006430054,0.29059333,0.1229105,0.37971762,0.4490691,0.10196726,0.059991054,0.17577367,0.0035038553,0.17854464,0.12198782,0.007725603,0.015944766,0.23994024,0.0009666932,0.0491684,0.010734929,0.32668665,0.02230484,0.0014942422,0.13164137,0.30235547,0.70674765,0.06520818,0.06764318,0.17289037,0.5327031,0.91244304,0.2249608,0.1713187,0.0025910889,0.0058486415,0.18140092,0.00072906655,0.13212441,0.0010236914,0.32045254,0.09933178,0.012642714,0.005266306,0.23159914,0.07211543,0.117181815,0.15752247,0.060096666,0.0091201,0.06521977,0.000930686,0.031687036,0.066436246,0.5330464,0.029686688,0.0030987367,0.14191027,0.0061410167,0.0040708515,0.2584784,0.18713063,0.012190248,0.078819945,0.0010338008,0.039204963,0.26655322,0.066601366,0.0342338,0.00030374594,0.0006583213,0.0019213583,0.00060123525,0.015337849,0.0004342679,0.13731703,0.07075069,0.07311754,0.05656443,0.1307941,0.019091362,0.036397588,0.005286325,0.016813187,0.0522229,0.16342406,0.4450754,0.45240098,0.059881788,0.011427978,0.1602728,0.37406942,0.013030135,0.06053286,0.004575953,0.010603478,0.00010894863,0.38522884,0.452656,0.49005213,0.19758478,0.12162236,0.424198,0.1551981,0.18784316,0.06893516,0.058138844,0.015396897,0.48778582,0.07943697,0.08940652,0.3419688,0.00027967143,1.7671546,0.00036510418,0.4737029,0.530793,0.03122037,1.0367665,0.5621443
204016,0.016707947,0.05959853,0.097079575,0.025100352,0.0008332602,0.03547205,0.20970029,0.0010543544,0.04754071,0.034293193,0.22322972,0.037290946,0.000749845,3.399663e-06,0.026961006,0.07232137,0.013835822,0.0041801212,0.0050290637,0.004596828,0.09032669,0.046557423,0.04221627,0.065083496,0.10382312,0.14706174,0.02546197,0.0011620873,0.0009945695,0.01907377,0.017913193,0.14929353,0.09511488,0.01891578,0.09854288,0.065821916,0.01009604,0.012810985,0.023933006,0.11087471,0.042991266,0.003427686,0.023944728,0.013878026,0.08978381,9.423055e-05,0.17850968,0.00025520366,0.03204219,0.03368929,0.32726198,0.008010281,0.0009219652,0.02746713,0.003802585,0.00083945965,0.22841057,0.06558364,0.122477695,0.011132856,0.012583478,0.02372103,0.05648836,0.012101255,0.0021489945,0.03047072,1.8937944e-06,0.03701807,0.011693186,0.00055488065,0.0045206915,0.0065432186,0.038956277,0.010150448,0.00265879,0.0011010864,0.002087696,0.005831741,0.10069856,0.0045727277,0.015947092,0.045186955,0.18976068,0.0025986629,0.0073225503,0.09138524,0.14030975,0.038355995,0.14346996,0.00883357,0.838267,0.10006983,0.028158264,0.033688825,0.11518732,0.0057137376,0.012735918,8.223317e-07,0.0029250053,0.0006346042,9.6646345e-06,0.07941959,0.008943556,0.00023578736,0.0012328929,0.018146737,0.014828846,0.22078484,0.075078115,0.108811416,0.016535822,0.13643077,3.9466704e-06,0.106996246,0.021150885,0.16293333
204218,0.01390016,0.09408697,2.6231892,1.7965753,2.5729334,7.2044654,4.537775,8.728746,6.8981047,2.823536,9.22448,13.724977,4.141081,45.682217,22.946722,42.74692,0.9712173,0.026745582,0.5679265,28.111143,3.6613972,15.258275,12.652886,14.848331,5.314128,42.114117,3.7686195,27.983788,17.146477,0.00015580522,29.051512,2.4738698,0.06742793,8.869181,29.845217,29.716251,0.19910036,14.272037,33.67357,3.4575167,2.423644,0.6649464,1.830543,5.989159,9.015967,7.195101,3.1381671,9.171837,1.2727393,1.7585956,14.405739,43.29815,1.6442492,0.8518745,0.23114644,0.9039528,1.0305902,10.759248,0.76426405,18.61052,0.006734466,0.14992818,35.602604,1.8004719,6.9788346,28.879734,0.006102519,0.0019937013,5.0844665,0.0052539455,6.576744,4.28,18.340254,35.20316,4.3301845,14.561512,40.817738,32.260067,16.862877,0.5153773,4.6157303,1.4631635,7.4900727,9.136158,3.1961412,8.28309,3.3821046,9.768748,0.0683835,13.190905,3.6999304,11.130138,8.207898,2.7064133,0.47526392,9.051175,17.684708,43.77002,0.054963175,19.928827,7.6010504,6.7296333,11.147095,0.0014186187,0.00044458703,2.7247503,6.1643634,22.507032,60.999043,21.61554,14.979865,3.28897,4.4489026,0.9983362,6.419243,9.232804
204319,9.958699,13.040723,6.7395387,4.370781,17.159575,9.478371,3.51506,8.222274,2.0806284,28.353495,0.90085113,1.9569203,0.2778912,9.21701,0.2361274,6.564258,0.28312492,9.46054,0.3680792,6.510069,9.166622,5.9473367,11.523801,5.1351795,0.77887535,3.0406003,8.329056,18.217005,2.7722447,5.4260936,1.2367905,0.311645,11.624485,1.42899,1.2409303,2.4069028,2.1673446,2.2761235,7.6346474,0.753674,1.3862413,0.34088364,22.352295,1.4171685,4.135736,0.79415596,9.4695425,0.034603935,1.1468775,1.4238107,37.469177,9.814757,0.9540945,0.3752482,0.5742788,0.26645875,14.788737,1.3752749,17.237432,41.481327,8.448216,3.3586316,26.647545,15.383299,4.5186167,3.2334945,0.17716889,0.7644995,4.2931695,6.625612,0.74186385,8.904478e-05,0.27183396,0.5594539,0.7800617,2.3094335,1.8919969,1.5860127,2.633632,7.001713,0.9033619,4.7833896,10.510737,9.868868,10.634878,0.24254352,2.7523882,11.338186,5.5352836,0.03837797,21.57491,2.6771832,3.6171477,6.824848,4.849271,12.257179,2.0784535,0.17125343,3.1024938,0.54870933,2.3842883,0.03667399,0.24938448,10.928011,9.841869,2.2504292,2.1432695,0.8481637,5.3681393,0.8175754,0.0028504631,1.9314349,3.1124134,10.830582,51.305428,0.51915175
204420,0.18819194,0.00077208114,0.014892883,0.0021844935,0.15399963,0.99818957,0.8503593,0.22457908,1.9232025,1.324615,5.2364087,1.9347852,0.73137355,7.068272,3.1044242,3.218919,0.2690634,0.026550967,1.3087367,4.7529845,0.25669262,3.7324474,2.0079303,0.7005233,1.6300336,7.131177,0.35007358,5.8706303,1.3532584,4.0607763e-05,1.9164419,0.024687983,0.00014567196,0.8883894,2.7091532,0.4721458,0.11824341,0.91823083,6.5271397,0.41966897,0.41929227,0.1175863,1.4694073,1.0452752,3.7336168,0.09499058,0.03901467,1.43116,0.1375292,0.4166051,2.0504045,7.3691998,0.014974848,0.029563302,0.018013846,0.9346374,1.0657073,1.3069082,0.33352414,0.23443232,0.047221582,0.18918446,3.9418423,0.1921258,0.21651715,5.2036448,0.6554058,0.071798414,0.005876286,0.10139642,0.20736624,1.9236846,1.6462997,3.6724005,0.15493925,1.8529143,4.7836742,6.458182,2.697228,0.52956045,0.06314506,0.42527595,0.4772741,1.3691599,0.55091405,0.22074021,0.34185344,2.228417,0.09159975,2.7352645,0.8014576,1.3093177,0.54566944,2.5331748,0.27047363,2.982237,1.7886622,3.2013814,0.030736778,2.3338227,3.3042557,3.2251809,4.4902577,0.39388052,0.035411026,0.083929874,1.6993333,2.4494367,9.744785,7.2727137,5.7939444,0.021374075,1.0268589,1.3163894,0.34495384,0.028594665
204521,25.21736,40.30509,12.3349285,5.1764464,48.370373,31.232111,1.411313,30.32301,1.4074755,113.928734,0.026924836,2.8357208,0.45811418,25.824387,5.7998857,13.757045,0.16037977,31.036037,0.021621097,20.552221,55.839493,16.63117,20.987658,20.106655,0.7878724,4.827952,18.042288,55.547054,0.80245465,9.875852,1.3616036,0.27929142,28.049622,2.8810465,1.9597409,3.022091,0.0008409576,0.7595164,59.799892,6.395547,0.061838154,0.25171933,90.732574,10.386208,9.370582,9.009607,18.125097,3.1728141,0.9143921,3.5460622,128.8493,26.086714,11.996721,0.4368104,0.66437435,0.04151572,30.82012,0.2814179,110.699326,189.71056,27.468943,8.272049,76.164276,59.61989,13.881018,14.093347,2.6902843,5.772493,6.5101914,24.780214,0.23456775,0.41183937,6.146491,7.9277105,22.221632,23.745369,26.293804,23.097198,8.055145,28.844976,0.71901727,11.168257,10.983656,15.061791,35.689514,0.18234074,25.06663,42.4584,40.079185,0.29681748,135.63797,37.19995,39.71461,6.1368084,68.75242,89.755974,0.10642161,3.8397236,5.1068983,0.681547,25.046814,5.60265,3.6005974,75.70858,29.4444,8.631131,46.09449,11.86494,34.390354,13.315554,8.65921,0.0018624325,10.529503,53.97588,218.67226,1.1229507
204622,2.2081387,3.6146479,0.57995117,0.016356612,10.392321,3.0205667,1.3239305,2.3541791,0.7636563,2.939591,0.48614576,0.1817668,0.20783955,2.7072687,0.03686708,0.43610963,0.3623104,3.1097724,0.39635628,2.167181,2.7926605,3.7982483,4.8280916,0.6208991,0.16014178,0.88291055,4.3463902,9.465729,0.60907733,1.8717555,0.01178449,0.009459762,3.7597067,0.4319328,1.54678,4.611619,2.9082346,1.6486081,0.28051507,0.0051057152,2.675212,0.11787952,8.921952,0.02639667,1.856324,0.08045758,4.262111,0.010821847,0.96421117,0.21829459,12.788484,3.5213413,0.050172117,0.41620693,1.251031,0.71959716,4.8859677,1.2610482,0.57324094,5.139487,4.812939,1.2804546,10.8534565,5.0460534,2.2556365,2.4714925,0.005340896,0.07227412,1.146033,0.28609347,0.45548502,0.1920302,0.39572072,0.2531935,0.0008857323,0.6658667,0.18765397,0.30167368,2.181369,7.4277997,0.10017682,0.65283227,0.9699559,1.7797729,2.6503236,0.0015284178,1.4259751,2.2107627,1.0127846,0.4407774,0.54875517,0.16828223,0.0007392572,2.4424386,0.5834756,1.3659238,3.1073058,0.86100453,3.1751764,1.6522566,0.0020978283,0.09452997,0.47079375,0.48205653,0.01413805,1.7159415,1.7055793,0.7052094,0.05764755,0.00019535462,0.40077853,5.4373846,6.1562977,0.51807976,4.0550423,0.07997374
205119,0.023415985,0.20584881,0.0032167954,1.1571313,0.000636369,1.8437442,1.0419112,0.18150085,2.4904823,0.7194325,1.5381144,0.8078344,0.049588867,5.2959523,1.8016574,1.7153716,0.6394428,0.12617919,1.3534946,2.6267245,1.0162431,4.1018314,3.1174998,0.9673384,1.6773019,4.7265124,0.6962832,6.7695775,0.93668604,0.6089058,1.0995101,0.08586764,0.011346916,0.56520456,0.91193354,0.02184162,2.51229,0.70191455,4.561861,0.006146941,2.4308553,1.3709097,3.1069791,0.019114016,2.637817,0.0070875767,0.10369586,1.3694512,0.71064174,0.53165287,1.0146128,7.0566406,0.20679493,0.33825558,0.012198159,0.4668305,0.5677563,0.8997666,0.100309886,2.104453,0.9763438,0.14939718,1.6659845,0.29076293,0.3569847,3.050773,0.74956816,0.043927252,0.23166512,1.1387687,0.5773198,2.6343133,0.8783509,1.756895,0.90453947,4.1813016,5.3380685,7.6832232,0.9387335,1.1016752,0.062689714,0.6348005,4.231689,0.9448705,0.8566319,0.0016844458,2.90805,0.36898246,0.063044265,0.95811456,0.94602376,0.063047126,0.106713675,0.8230808,1.3473498,2.6551344,1.9144822,0.8525822,0.3013522,0.028229581,1.4345741,1.0848755,0.74164927,0.106869265,0.8314806,0.15554766,4.322011,0.0010820593,19.619242,11.723787,5.9225826,0.43748894,2.3095915,1.6119766,1.5584933,1.4780034
205220,3.870078,0.03581917,1.7125477,3.4593966,0.8763198,12.274017,30.739765,19.420296,5.5893116,21.50824,20.797379,37.478848,2.4449518,160.93565,40.631294,81.539536,6.479868,1.7997766,2.3898005,60.734352,7.5566106,35.375237,25.814781,34.083588,5.836127,93.31895,9.449673,69.67989,43.16564,1.0207984,58.252796,2.7823238,3.5953672,17.828394,69.44682,88.936935,5.842923,36.4549,58.966015,4.9465737,2.1648777,2.5967395,0.82794625,3.1917803,37.69484,10.834396,1.8045704,17.991081,1.0114876,5.755371,25.015638,146.4377,12.741105,0.42243567,8.8067875,1.560886,4.119908,15.617323,0.6998281,34.913357,3.5598984,4.0264874,75.2779,10.422245,14.29444,85.92244,5.269224,2.1293104,16.335135,0.01569958,6.9876075,3.0530531,45.13589,78.06491,12.7164955,42.374634,73.42103,74.52591,39.401764,3.7654188,8.942392,3.924544,13.93638,17.251013,6.783094,48.892193,5.0674334,40.765793,9.505399,31.27855,18.473139,28.795769,16.094913,8.708152,6.576107,10.047356,32.326263,98.42201,0.9001291,37.785767,29.872293,33.09806,42.020073,0.2874979,1.3668506,3.2975676,10.1055155,48.249023,192.09436,42.13016,33.190495,3.2281115,7.422462,3.6026103,18.855722,17.910086
205725,0.03859575,0.14719732,0.028085915,0.005439514,0.22943209,0.0008770191,0.069559574,0.06783765,1.2243218e-05,0.02276439,0.034432046,0.06658054,0.03761756,0.004799656,5.239426e-07,0.007947161,0.004838659,0.06966472,0.2512504,0.063705765,0.14022784,0.178447,0.31993032,0.0048337635,0.032081764,0.013345697,0.0015989958,0.04356027,0.11315857,2.5004125e-05,0.0017035096,0.009275126,0.2274025,0.08865527,0.016263226,0.0034047742,0.16883944,0.0068418854,0.002699116,2.4375373e-05,0.23745811,0.0015779814,0.37508756,0.0009846968,0.062186085,0.06568885,0.41333604,0.07492978,0.00078629464,0.0052907546,0.5042939,0.10852702,0.06845272,0.0018042004,0.21653761,0.0011535963,0.38899055,0.05334729,0.07062027,0.4370271,0.16044372,0.021512136,0.16414101,0.04822558,0.00060689874,0.00017856668,0.00018440734,0.012744974,0.449894,0.0010565018,0.10932018,0.0043841433,0.010105921,0.0060222414,0.12834814,0.10016011,0.097738855,0.017930962,0.04427445,7.5371136e-05,0.00018914246,0.05264746,0.20444864,0.009667292,0.1632545,0.0014042095,0.20632312,0.23080862,0.029533435,0.015108273,0.03225475,0.052192263,0.043917645,0.20110063,0.045328636,0.026183221,0.24307783,0.0017436609,0.15841399,0.033671305,0.022752179,0.07613015,0.0003133138,0.096099265,0.20704868,0.0105827,0.01693149,0.007839451,0.046893474,0.15849124,0.003168722,0.15633106,0.4224555,0.1291503,0.23565409,0.3640123
205826,1.7662388,0.1910012,1.6041799,1.6288369,2.4686346,6.5892525,15.451657,7.2129583,4.7509193,7.647302,17.883837,16.469374,0.9334111,81.385635,26.471712,31.934238,0.46457252,0.049994573,1.9660645,39.549076,5.5552,23.630531,16.787153,19.201147,4.6074505,50.912903,4.0076675,36.75138,24.08392,0.37565973,26.186243,3.4282255,0.7181475,14.880137,42.39732,35.83594,0.15295985,29.45323,33.248207,5.9700704,2.0332894,0.21891594,2.3880217,4.7635784,13.713721,9.588267,2.5144322,10.620113,4.264693,2.6558955,15.008152,67.55448,2.0690172,0.2961142,1.971329,3.2770095,2.177324,10.035796,1.1938758,31.648672,0.3270014,0.93073726,54.193085,3.5258431,15.603043,38.654938,0.0006843332,0.051869705,20.171913,0.13699049,8.721869,8.3422575,30.583992,55.090973,11.724255,40.59606,59.03642,53.499306,26.959686,4.81778,8.532114,1.1774315,3.6637566,8.699732,4.9479365,14.0751095,0.09364001,23.543507,2.0338953,14.17036,12.734842,14.948735,6.758664,7.81942,3.8762567,12.534071,11.908664,43.485188,0.7395637,20.423935,7.8649387,15.0800085,16.911757,0.020131823,0.00077615055,4.0788655,2.0801415,19.770567,98.99471,32.036213,12.482714,1.2696743,2.247355,1.1873442,9.608363,25.905762
206222,27.016779,38.40401,31.333286,19.87505,46.51886,29.297132,17.46211,34.927692,11.386294,85.675896,1.6569979,8.812427,4.7452583,33.62069,0.051859286,23.584297,0.9838989,32.9673,0.15199015,15.6135,27.143995,16.27177,32.7481,18.377737,4.6688895,9.328654,29.154322,59.676315,6.7723136,13.438317,3.6974137,1.2861638,31.046925,4.689839,2.653527,8.336228,6.4568806,4.503901,18.020737,0.8938819,5.9451656,1.8956716,72.16039,1.4204302,11.146856,1.890389,21.575764,0.13327122,1.8558494,10.221812,89.564186,32.377518,0.80238694,2.4596188,4.4284196,2.892529,34.145546,6.7927914,32.533936,69.93478,26.309538,15.414517,55.025524,47.316414,4.85397,17.559542,0.8004534,1.845746,3.0186057,13.220813,0.06840722,0.028045276,0.2619626,1.0022168,7.818088,9.157,10.350641,7.878977,9.809809,23.060877,3.5302906,15.788683,24.70333,21.896814,34.569344,4.8435655,3.423377,40.264442,7.7566967,1.601231,44.854843,8.672945,3.7263803,21.823408,25.965487,26.026169,2.8142102,0.18191488,12.020793,3.3024504,2.82701,0.42911828,0.0028988528,13.390095,35.238216,13.250807,11.976545,0.015188978,8.3521595,11.206224,1.2764472,3.2244232,24.816479,20.201328,152.30585,0.059108905
206323,0.2751563,0.71954614,0.34328756,0.00967088,1.3686937,0.8978719,0.24446003,0.1745822,0.00034107224,1.1432058,0.20024675,0.50601757,0.01844054,0.11550747,0.57819766,0.042342085,2.6095306e-05,0.063246615,0.016153226,0.050565485,1.3529757,0.984046,1.9950492,0.024522701,0.04240429,0.055995516,0.42985037,1.2210253,0.36409286,0.017724156,0.20095986,0.49007142,0.72368264,0.105063,0.011075129,0.03317654,0.82575583,0.33282682,0.47455946,0.10702076,0.23112167,0.04700342,2.1229842,0.14038415,0.03846526,1.2146331,1.1022874,0.088616624,0.03391754,0.045163613,3.4456134,0.52649534,0.070606835,0.18298417,0.0061913175,0.36536923,2.1970303,0.0023285532,0.82419133,4.255614,0.35801607,0.008820719,3.9011543,0.16581503,1.0286362,0.006512862,0.5170279,0.37430224,1.3645183,0.37555197,0.1708924,0.36561194,0.14763705,0.5319883,0.04544683,0.7436553,0.0022892358,0.05863723,0.036382835,0.08366888,0.008321702,0.015176903,0.017143026,0.028739927,0.71728605,0.36218908,0.56536144,0.036664832,0.40449423,0.009333552,0.6728019,0.09760045,0.005072651,2.0619755,0.30106074,1.3534001,1.4945204,0.19744067,0.9014853,0.22454609,0.059143197,0.21621162,0.09703723,0.24744768,1.1833496,0.009891475,0.5152622,0.28946778,0.19399317,0.010516949,0.15315382,3.1145017,1.6018809,0.59463406,4.410926,0.08832913
206525,0.07843961,0.6145576,2.3334467,2.2310815,1.6373405,2.195982,0.25946584,2.883475,2.4124215,1.0235786,8.350889,5.3314667,1.483778,7.826038,10.630511,7.013446,0.52884614,0.73327756,2.2362876,14.791918,0.8417109,4.192616,5.9607196,3.6345253,1.5723802,10.059418,0.6780862,7.8071165,5.5603724,0.024387844,7.723251,0.8402115,0.70875627,3.452351,10.897248,9.667083,1.41644,4.0520864,5.960681,0.73353696,0.6167518,0.46832883,3.3462148,2.8795526,0.3081946,2.426767,3.559733,4.558272,0.2594948,0.5103614,5.56064,6.697763,0.020161789,0.045880064,1.2455775,0.8955009,0.11830368,4.3129373,0.021731116,4.635847,1.4995887,1.0744603,13.597048,0.008446112,5.896375,3.2872353,1.8641241,1.0946745,1.799956,0.05159141,4.109224,2.0571275,7.5532136,9.680336,3.4370255,6.4415426,9.647491,8.115779,10.009768,0.39191547,3.0715072,0.19560279,1.2999653,1.3402374,0.50809103,1.4158744,0.17176881,6.5447817,0.07850446,1.0120354,0.39636403,1.2473888,1.0826927,4.8058767,0.76536465,4.3861947,5.132467,12.265483,9.52336e-05,4.9696884,2.300677,8.248468,2.405505,0.35276914,1.0749167,4.6060543,4.747149,5.863764,11.747006,12.871662,10.879634,2.11278,0.1816571,0.05317625,4.0584636,6.7734776
206727,0.00046205102,0.006213958,0.045833923,0.06511683,0.17844394,0.08480996,0.0050681476,0.110141724,0.09295123,0.03369849,0.04617819,0.35978392,0.00013058075,0.03224488,0.06613823,0.25761887,0.0006086356,0.0024787944,0.0005514573,0.0041426737,0.05757267,0.008561831,0.06596869,0.059111036,0.11730321,0.0029902174,0.0011932667,0.005246867,0.011389642,0.0042096945,0.026282087,0.0008391747,0.0005946096,0.008881758,0.07298041,0.03282414,0.03955965,0.00033344075,0.42978433,0.21349126,0.0026482388,0.0256516,0.048565462,5.5724075e-05,0.18696861,0.09179835,0.1527934,0.018787384,0.009054622,0.012061639,0.020817712,0.004162681,0.009903832,0.00238324,0.0036609853,0.015758896,0.011264223,0.11168418,0.0039725597,0.081064954,0.048015844,0.054424066,0.13675502,9.780979e-06,4.1402793e-05,0.07831643,0.21952382,0.13626291,0.22228034,0.68618476,0.01817376,0.052084647,0.019622916,0.011380789,0.023898045,0.056024067,0.048312537,8.336454e-05,0.009404595,0.15553698,0.0020269547,0.026779901,1.0670102,0.6285279,0.02307264,0.061430685,0.4335795,0.116725765,0.03590126,0.036428962,0.012020362,0.10270773,0.00802101,0.0010677314,0.8178635,0.73177296,0.003168524,0.12525204,0.0004517605,0.026405744,0.0023198493,0.024084369,0.00420937,0.0028752526,0.21215847,0.102897555,0.1698177,0.009040918,0.44964,0.64505434,0.21193406,0.0655924,0.0045387084,0.024717305,0.04488077,0.012443813
206828,0.0035773553,0.03933145,0.0015388518,0.0009352412,0.09333737,0.0048246137,0.0019210095,0.09226391,0.036898147,0.05875235,8.448391e-05,0.050796926,0.054875467,0.082102664,0.046236522,0.4584448,0.009750573,0.004352529,0.0032675676,0.003387462,0.012092124,0.03042978,0.024634087,0.0007150507,0.1061131,0.056290433,0.0025944137,0.0017567823,0.00037895466,0.0028417185,0.035757244,0.00032834918,0.0060143806,0.005896865,0.45587087,0.19421701,0.12223663,0.2674538,0.012057175,0.017126907,0.07446744,0.2755664,0.24644788,0.1299442,0.27106056,0.10484047,0.23658428,0.05721196,0.0019602268,0.00075576676,0.00018950907,0.0024430668,0.021003325,0.004413567,0.03693392,0.09547339,0.05267148,0.003194657,0.121476024,0.27577615,0.06772378,0.005696175,0.029711299,0.03403395,0.0069697564,0.05942794,0.05228381,0.055162273,0.0788155,0.008961652,0.26216507,0.06935957,0.038778298,0.016939323,0.31495517,0.11140192,0.07750341,0.09836395,0.33379248,0.22760418,0.008173644,0.01677492,0.16883758,0.1852489,0.027249796,0.06765998,0.23263179,0.089867696,0.004876895,0.00033453002,0.22747982,0.016631562,0.037161194,0.18157905,0.191624,0.29227582,0.0106832525,0.0029506795,0.065506816,0.02924039,0.00190519,0.10677135,0.0047214366,0.0091541605,0.044380967,0.08835964,0.091376916,0.013256936,0.001351782,0.03550607,0.027701365,0.015537994,0.00136945,0.0007101723,0.01955141,0.047283113
206929,843.66943,836.13043,680.83704,68.52654,1139.269,409.452,356.15842,714.87695,75.106766,1970.3888,1.8240566,45.207657,168.62817,672.3511,18.34795,480.2151,1.378902,444.11105,19.546118,102.35953,925.2658,54.8173,185.51604,152.67947,9.879586e-05,63.174328,508.22595,985.0555,1.8628469,73.157875,1.7254562,23.314548,325.32886,1.2061183,10.831888,41.63481,43.910793,0.5888567,563.5351,170.70396,144.89713,39.815815,1638.7444,90.69105,226.64404,266.30502,345.49548,52.368786,5.0769577,55.55559,2027.5524,704.40533,52.834534,42.90079,41.87233,6.473339,548.0718,10.9564295,1105.7284,2249.2285,390.38336,151.216,636.31085,962.4185,45.12,528.2443,81.937065,333.68454,6.3855333,719.8479,43.32906,91.94802,160.12117,289.0118,554.47284,651.68054,491.49225,466.58176,94.899254,454.57077,4.3301654,241.60403,300.1367,175.2201,547.48846,6.6651373,334.67722,992.4519,446.32333,5.94895,1183.2649,103.98878,180.03912,692.7955,1004.8255,1380.7854,10.39318,0.07588439,382.09122,76.73152,99.829384,45.857643,26.44943,466.9004,321.60016,76.76895,149.81796,3.109426,618.06323,374.7275,4.485787,28.585438,693.6256,462.78638,3153.1162,260.9159
207123,24.459417,4.179319,0.09375721,26.436508,10.128416,102.31351,251.43333,141.40067,30.99143,87.64709,192.41222,262.7358,2.3764257,883.7515,231.04347,393.04465,0.0828866,0.011127831,12.203534,423.02698,64.5149,203.77513,132.6478,294.07452,40.529457,557.92267,60.328922,449.27466,389.97925,0.01196915,465.53104,73.21106,5.6639853,169.19498,518.7344,640.64087,78.33603,254.23633,334.9775,122.33452,4.4600263,0.27939826,2.8960874,19.235512,186.26167,99.71833,14.802354,103.091736,4.2148657,63.159622,164.7929,692.75964,53.264977,36.714146,30.921335,48.60584,8.657555,155.63136,0.03420594,237.0448,3.2101436,1.1534617,615.85925,9.725918,272.27417,444.75568,8.286701,3.5539503,264.47656,33.046467,31.981869,22.182371,399.5024,644.05725,160.38586,328.64914,477.53906,471.89542,358.7917,195.40218,136.01393,1.4845552,82.49983,134.82332,79.40152,252.94023,40.88858,138.47983,41.732635,228.81447,76.33066,240.63075,124.41028,12.567594,29.51834,19.304382,230.72198,676.6152,3.777563,219.68646,65.29272,147.453,174.50755,10.9511,1.3542434,103.57378,33.96371,184.42319,1078.2551,128.5588,71.43859,35.888042,64.69153,0.38862634,210.92459,275.92822
207426,0.9252314,0.79150593,11.172183,6.4022427,3.890732,12.0746765,4.5295086,15.808101,5.269525,8.141967,18.009912,19.063356,9.563363,63.99755,24.39359,54.919277,4.656429,2.214975,3.3246307,41.378864,0.8417205,16.38203,17.754435,15.477387,4.5174127,50.73074,7.6554985,35.367603,28.501379,4.927584,44.599453,0.8791922,0.022988524,7.39064,35.10616,56.51756,1.0490972,9.11304,31.62795,2.1844108,1.9524087,6.8224816,0.20051143,4.447725,5.9036365,2.5828211,3.320949,14.799241,0.26847124,0.99056166,13.589921,62.156475,2.8820353,0.0012393505,2.253749,0.0056216996,0.3561643,7.586256,0.7762964,12.8959875,0.018578136,0.7266143,27.799704,8.169065,8.914442,40.87975,0.8482936,2.4663022,1.2520021,0.62754726,2.7726152,0.8192602,23.355871,35.255928,8.150887,17.892202,28.78358,23.114109,14.772827,0.0083253775,2.5856738,2.6800132,12.661725,9.088632,1.117027,26.565351,3.2006607,19.077091,3.5658967,16.162807,4.9515243,16.32983,9.517776,7.1693344,7.1255445,4.768396,20.901554,66.228294,0.32443926,21.466972,21.744856,36.38429,29.12789,0.23979041,0.9795596,2.061911,25.85775,31.88524,83.11603,13.106776,21.661757,0.119477764,7.270017,0.73079747,6.4946423,16.698774
208024,26.885435,35.64612,8.818898,0.08599449,75.49665,30.655209,0.93150324,27.1723,1.788471,88.07322,0.0022880496,0.6844192,0.18205371,22.608162,4.2678685,13.756073,0.38214803,26.676594,0.00481776,13.768295,46.596123,16.802462,13.426252,13.556056,0.87425935,5.5726056,18.955208,60.861935,0.36943057,8.094907,0.004322977,0.051677193,18.817593,1.6981407,0.7885838,8.121089,0.40229383,1.5617539,46.297443,4.312426,0.5347352,1.1609557,86.85244,12.626591,12.360323,9.037428,22.150316,7.399346,1.3876086,2.3625655,133.35432,35.899803,10.476022,1.2070127,2.7904823,0.07887183,31.850166,0.023387883,77.56782,183.75647,25.333763,2.3628812,72.25624,52.640438,21.289593,18.483744,2.6964529,4.421759,13.8639965,23.136063,0.13724577,1.6075562,3.2080624,6.2264175,14.747732,17.003767,19.553793,18.652054,6.591043,50.812214,0.4370534,10.240864,12.194811,11.83197,31.93447,1.7840519,30.957481,33.802837,46.183582,0.11666033,92.75406,18.712566,23.811758,13.71418,40.85781,69.3148,0.62431204,0.92894036,6.2045593,0.06947132,11.987746,0.51945907,0.05607882,65.13545,9.542924,0.6887261,14.885757,0.13110973,28.015911,4.782693,6.215817,0.13870746,10.740807,41.565784,157.32332,4.3224444
208125,0.14488229,0.00040486336,1.359909,0.75757366,0.73746127,1.8383046,0.059135836,2.2100163,2.0266058,0.22337638,3.6621253,3.1674883,0.3520536,7.8784604,7.253201,7.888461,9.9089e-06,0.41016352,2.3363755,13.544638,0.87812704,5.0166507,7.9798427,2.9986687,2.3679752,11.835049,0.27014837,6.2764783,3.9777198,0.62168884,6.084267,0.9247648,0.61965305,4.484778,8.912205,4.962556,1.9074775,5.327967,6.2846055,0.7025692,1.998759,0.0049814866,3.4905047,3.7354774,0.6340748,1.95189,1.7143534,4.2688704,1.3129044,0.29574293,4.2067227,5.753884,0.061893895,0.000181844,0.4905726,1.1885949,0.10744161,2.2196248,0.15931103,7.6782794,0.9683003,0.20615837,10.384711,0.46501568,3.9179995,5.6667204,2.0797565,2.282608,3.7585616,0.41204748,4.0418406,2.998387,4.763488,6.128959,1.8054833,6.966075,11.946967,9.432525,7.7794094,0.32164776,1.6919159,0.5710178,2.1053846,2.9383743,1.186886,0.9661998,0.77948296,3.4686122,0.056186285,1.7757272,0.1672124,1.954856,1.5772388,3.3137,0.7300036,2.7480896,3.8676288,7.1586823,0.09836556,3.7733831,2.1051476,4.3446536,2.4005232,0.0002944185,1.0411936,2.848816,2.2913067e-05,4.606456,13.941152,15.759832,9.145267,1.2234362,0.2837357,0.16700129,3.31786,6.1228776
208226,0.001372298,0.0014807435,2.9959142e-07,0.00615493,0.010994202,0.10518293,0.008364057,0.0020725378,0.002160033,0.027395207,0.0009256832,0.027982874,0.041196946,0.022626452,0.07780308,0.0038617114,0.00013974242,0.014979232,0.19503137,0.02406296,0.0021817058,0.0005149726,0.07140316,0.0010653178,0.00025169723,0.011921972,0.04249767,0.0030538358,0.0016954549,0.01857751,0.022538759,4.6443227e-05,0.03372209,0.00038933766,0.0069023594,0.073497236,0.0067740367,0.013706673,0.0022819021,0.0007803725,0.006908474,0.0013083491,0.035860367,0.0045022564,0.003926441,0.014573393,0.01786106,0.013428036,0.013435423,0.04656249,0.014216269,0.013749244,0.14883743,0.02897324,0.007357359,0.024377838,0.010087127,1.7103752e-05,0.06047979,0.2241643,0.0036248446,0.035684165,0.014257917,0.07872501,0.046629027,0.052393205,0.0032484967,0.014676724,5.62195e-07,0.11884,0.0042617572,0.0026838942,0.041312,2.0905534e-06,0.266282,0.17156717,0.029669166,0.017882532,0.044545356,0.017186163,0.037427414,0.0015803962,0.08092335,0.01613677,0.011495999,0.0037665642,0.040735792,0.03604343,0.0158442,0.030203423,0.0024631105,0.027128546,0.00024320415,0.034356423,0.10006187,0.021690242,0.13279405,0.0019281362,0.003698757,0.004155986,0.0022537152,0.04855297,0.024398716,0.0042727324,0.07340038,0.0015766522,0.124679066,0.107717186,0.008747975,0.08780871,0.35829988,0.353463,0.70557815,0.0063819024,0.010553909,0.03942899
208327,217.99568,218.02711,151.53036,19.987698,299.01688,120.075134,81.74505,189.87141,19.655151,526.23584,0.59270316,15.339993,31.076073,171.52707,5.787118,124.85045,0.0038828976,138.49385,1.5227482,41.40059,241.42903,25.826412,59.22581,48.533043,0.008144985,17.429388,119.58969,267.9161,1.1199409,26.306976,1.6080613,2.2619843,113.036804,3.6519084,1.5468514,12.898614,10.70488,1.6565521,157.84367,34.08569,28.68153,6.097497,441.39325,22.427927,54.99491,59.494904,98.84588,13.154149,4.0496364,16.493176,551.3569,182.26465,17.504488,11.206571,12.622504,3.1716735,148.90253,6.102706,284.0831,607.3195,119.37614,43.569656,201.36125,273.3456,22.666174,140.4695,13.811421,62.06877,0.0052947137,155.38374,5.7067056,17.62913,35.51872,63.016857,128.31296,150.04204,115.60612,115.444855,29.658295,152.16872,2.4272738,65.64698,97.23549,64.53771,146.75,2.1565354,76.64253,259.57034,134.85767,0.85497487,317.88654,32.941975,44.24172,177.34525,249.85547,368.5077,4.9357634,0.0077787307,95.40556,19.249468,27.28611,10.580071,5.806186,141.59521,85.37314,18.02777,41.92361,0.38551944,160.26248,86.30511,0.12346792,5.3075376,163.49553,130.94179,804.0676,46.17217
208630,0.5779127,0.039273098,2.1026394,0.5247192,1.4738613,2.2785683,2.5106673,3.6675618,3.5563185,4.1165595,8.99929,7.7469573,3.9770172,27.223522,13.771305,24.03831,2.1051,0.4092437,0.67706937,17.036642,0.40417632,7.705054,7.1567435,2.8212428,1.7526405,20.049257,1.8357701,13.398911,7.450117,0.7597194,9.434955,0.005532071,0.4356473,1.6639483,12.659759,12.803234,0.027683768,4.704908,13.662724,0.564956,0.44111803,1.4891105,0.71090233,2.7167244,8.550418,0.3443215,0.6888428,3.8437934,0.288615,0.028940693,5.2203093,31.086147,1.2490246,0.001923053,0.5407201,0.3186443,1.2183135,2.5257893,0.05743287,5.9448566,0.4353317,0.29111427,12.102447,4.413861,1.3941123,19.566147,0.44880155,0.27203026,0.14532813,0.78527766,0.2551419,1.1805321,6.7274127,14.902101,1.8683149,10.018646,13.309875,16.009771,6.309348,0.79992247,0.77672327,2.149179,2.7970147,3.914744,0.28749925,5.295417,1.0807045,10.977664,0.35742345,7.597803,3.2217274,4.576467,2.1694233,3.9764276,4.7370424,4.7848873,6.5413985,19.352894,0.033626914,12.923224,6.5302844,7.5572176,12.359387,0.044862248,0.041479927,1.2058209,8.783443,9.423976,32.685577,9.03814,12.080611,0.029815795,1.3508052,1.371834,1.6128458,2.400411
209127,9.180709,11.680783,4.503235,0.91075295,23.541393,13.511213,1.0928285,10.270491,0.8074423,34.572617,0.0722068,0.14422873,0.0008018139,8.408855,3.1460416,3.2850223,0.038656935,7.3186345,0.07256496,5.1574426,18.233263,7.7824154,9.503748,5.4514413,0.11337774,1.992138,6.3064137,23.532402,0.37097216,2.479037,0.064016126,0.003544313,8.226832,0.18735045,0.6497041,1.640535,0.4503463,0.41413534,16.14128,2.1180928,0.12435226,0.36659905,29.600035,5.3086805,2.6918023,6.3109255,6.726018,2.6821702,0.10294389,0.36705637,46.467575,8.989632,6.19173,0.08246945,0.2122956,0.22301723,15.171764,0.10167014,33.000538,76.29577,7.7026463,0.5287195,27.769875,13.388971,7.6966286,2.9416144,2.1754384,3.2227752,3.737245,9.0949335,0.027897121,0.53165615,2.0116909,3.859299,4.450688,8.316413,5.971014,6.5794334,2.669268,10.843803,0.06611622,2.1512442,3.672416,3.2547076,9.48498,1.5944064,13.232602,10.568791,18.994535,0.3438128,36.45935,11.711422,10.188551,3.2133255,14.742477,22.030792,1.2339901,0.11610939,2.2198493,0.112860896,5.9068713,1.068378,0.19127204,27.570656,9.8178835,1.1215739,3.2436333,0.28993654,12.986049,0.6851868,1.0453844,0.27184564,1.5002066,19.650885,68.06066,0.11246159
209228,64.98387,84.86915,55.10223,26.24681,91.556076,54.914543,20.291624,79.50811,7.7012515,230.16655,0.8358777,11.253482,2.7423806,68.35914,2.4979603,51.02991,0.0011844676,61.40977,0.11199035,26.731924,105.57744,21.145565,42.712463,32.3323,0.042954292,9.44994,47.947063,111.72919,2.3045673,19.604248,2.0997627,0.17910017,59.760654,3.2335567,2.198406,6.8424115,1.4834385,1.3986897,77.27379,13.600705,4.3325214,0.08401513,174.66377,10.551156,19.10216,20.736517,36.363266,2.3473215,0.5126857,9.820233,220.85368,61.59951,10.890818,2.597273,2.779382,0.79218686,62.99271,5.3343143,171.2858,254.45784,53.621475,23.77326,114.32175,110.20883,9.211554,43.173023,7.6348567,20.369467,2.2803714,59.02765,1.1736397,0.8291723,11.490751,14.341782,42.254272,43.48163,51.75894,41.084717,11.729202,45.73279,1.9661778,27.257748,51.054363,36.91533,68.0465,1.857321,30.956692,104.43723,52.366405,0.0678228,208.02327,47.237514,46.572987,30.529325,132.72652,146.52956,0.006262077,2.9794717,16.89867,0.2260961,28.726831,0.80643517,2.0312374,80.833984,71.27935,25.429394,59.36642,8.545223,46.21939,42.580025,8.12787,0.16690198,30.197775,83.7802,429.0228,5.083225
209329,8.138746,0.364629,1.1008946,7.9994726,7.4539027,38.469982,81.37614,45.529552,16.369278,29.839554,66.72974,91.25125,2.6213422,332.8767,96.31922,161.53113,0.5029713,0.09684679,4.9304934,144.69269,29.120453,86.144684,51.696377,101.72467,18.426805,220.71567,21.349628,178.63773,125.9179,0.08799533,151.5546,20.014568,5.1904044,58.701935,155.6555,210.74823,15.514368,101.53308,140.57683,36.79767,5.1175017,0.017770879,0.2429399,9.398706,72.66946,33.219574,7.1271663,40.667545,3.099936,17.528145,56.94709,267.95645,20.121023,10.884624,10.653788,15.870493,6.695264,48.416393,0.65297675,106.56756,3.2136247,2.0907474,213.23657,7.2434406,69.72127,157.58678,6.0473638,1.4167516,74.60095,4.820051,15.562883,11.985415,139.22139,228.02951,49.582333,128.7629,193.27548,192.24911,121.27765,50.214207,40.08649,0.17329864,32.46986,44.374336,26.821466,83.22807,13.7159,63.475147,12.278097,84.963745,33.512024,75.580894,43.277473,9.651989,8.6229925,16.11406,78.40078,230.646,2.322102,84.51326,29.541727,46.224426,68.90088,1.2726947,0.44695267,28.84667,14.632373,66.58565,446.284,69.54716,38.18541,11.144481,20.698492,1.0972114,63.090942,87.55381
209531,0.018091597,0.013831427,1.4493539e-05,0.020701466,0.054218948,0.0012071824,0.015483218,0.00076409726,0.00030857467,0.08439677,0.00023747471,0.0017039967,0.007992567,1.0402347e-05,0.0005695012,0.0027868487,0.0020496207,0.01485012,0.01255115,0.053709794,0.32467225,0.06397539,0.049368657,0.013853468,0.04381103,0.008038718,0.0006346537,0.012823783,0.010883665,0.007912719,0.00019370734,0.004470049,0.0027647456,0.0100651635,0.022668796,0.04754649,0.008983709,0.0077800555,0.0028359704,0.061351143,0.049988545,0.032632682,0.0070936293,0.020360714,0.12983845,0.004654707,6.584974e-05,0.00707231,0.013437234,9.109505e-05,0.00015459783,0.038530823,0.13168715,0.0021929455,0.18273275,0.02614034,7.77729e-05,0.0021388833,0.043920126,0.0717827,0.0021483917,0.011008641,0.044949893,0.010427718,5.621986e-08,0.04088455,0.018161641,0.011816035,0.14828485,8.344456e-05,0.10835225,0.057475504,0.031195737,0.024741802,0.09373938,0.107980065,0.0047519016,0.004398155,0.0052595073,0.0065610968,0.011032591,0.02993882,0.24316524,0.042237297,0.022766221,0.0027217532,0.43409458,0.05232745,0.019613016,0.0023804328,0.15295988,0.12538408,0.026668431,0.0017072731,0.07468334,0.0022958526,0.08519076,0.29805008,0.015341935,6.15653e-05,0.014778574,0.03877581,0.0018315831,0.0022923169,0.035930358,0.08596933,0.011230486,8.238573e-06,1.1198801,0.044867728,0.7867002,0.33425635,0.006784942,0.014356254,0.028128896,0.49050623
209834,0.34069908,0.034712948,0.0071880287,0.007195813,0.13383338,0.47544226,0.27707297,0.15846503,0.40525883,0.6307613,1.1079645,0.1494687,0.45418397,2.8008084,0.53302205,0.53374344,0.10697603,0.08642193,0.22197741,0.46007296,0.040228847,0.6751419,0.3529677,0.28537813,0.029398583,1.5970064,0.0026059512,0.6871853,0.08193367,0.8496137,0.23207928,0.040693797,0.14602062,0.04682505,0.85900974,0.42707887,0.0072506447,1.8184401e-06,2.208902,3.8843964e-06,0.024595298,0.5260193,0.013001537,0.03796298,0.5507544,0.012768092,0.033447422,0.022766747,0.30029142,0.024558855,0.09583939,1.8487779,0.054797836,0.027394723,0.018955862,0.00019126412,0.4483305,0.03419301,0.0014454671,0.124137335,0.10992011,0.0040319227,0.32918715,0.32959905,0.08240606,0.99078465,0.43246728,0.26127434,0.15168019,0.034009192,0.0017876353,0.059628863,0.3391803,0.75775814,0.45537087,0.8637256,1.314936,1.8166076,0.06802684,0.39548573,0.0047629094,0.27502823,0.049392037,0.036391567,0.007053295,0.93393695,0.050722368,1.4216372,0.01806301,0.023886573,0.28902245,0.23560885,0.009261573,1.6228076,0.00188492,1.059459,1.183161,1.4383998,0.23718756,0.35522604,0.6911937,1.8758552,1.0203526,0.0062395493,0.4331805,0.8818258,0.7040626,0.8735166,5.501743,1.0140816,0.9370853,0.0096695665,0.13367364,0.31094995,0.29016697,1.3207022
209935,1.4294933,4.20662,1.7618312,1.6474456,3.5994556,2.4779747,1.0242304,1.9173592,0.75241715,6.086989,0.06172402,0.00020227196,0.02138176,1.2560244,0.15752175,0.006849283,0.070801005,0.94545203,0.06404607,0.5309934,1.4527966,4.6020803,3.8482437,0.864799,0.36968854,0.5723627,3.1746798,3.8742828,1.2329971,0.3345914,0.06292229,0.003512249,4.6564155,0.71252596,0.94029874,1.5196491,2.6695051,1.119565,0.6302387,0.069028996,1.5042813,0.31006077,7.9542284,0.114091784,1.9707408,0.035066888,4.0099874,0.096379936,0.0019827965,0.22065175,8.546808,1.1623422,0.013861916,0.018104786,0.065942384,0.09436397,5.7768793,0.8756864,1.0443525,4.230221,1.4833821,0.60692096,6.7524104,2.0231116,1.6952287,0.12785566,0.07552149,0.0026269492,2.0296302,0.2045635,1.0561172,0.1382919,0.01285248,0.23958082,0.20453462,0.66676855,0.13821863,0.005123302,1.1579103,0.7071963,0.4481273,0.13405432,0.41609156,0.27633503,2.343092,0.24064156,1.5427097,0.4753854,0.5528638,0.5318007,4.589079,1.8076215,1.7825447,0.056041252,0.96135545,2.4253368,3.323574,0.24434102,0.5391127,0.022155816,0.69875306,1.9644542,0.019120198,4.1922636,4.529363,1.0416878,0.023403328,0.0402062,0.7959981,0.04896743,0.415995,4.3978224,2.0525055,2.9326193,15.906511,0.10316026
210011,20.678808,25.481344,16.265059,3.9743364,35.5003,15.187422,13.227844,19.9192,5.5091786,39.350094,2.37166,5.0103564,6.013673,22.106411,0.4966624,16.51928,1.9246132,21.431532,0.33036682,8.514092,10.216291,7.275347,13.615379,7.6285577,1.1527691,6.2827945,17.005867,38.177773,3.9729307,7.7603097,2.2124083,0.3722849,18.885654,4.4621253,0.4558348,4.6654983,10.37022,4.8892326,6.290487,0.08016391,10.481023,0.62243116,42.3731,0.44880986,8.289657,0.5035607,16.761518,0.08225214,3.894199,2.857776,57.293365,20.333126,0.068081446,1.872604,4.869197,2.868018,21.732277,3.2932131,8.522594,32.60897,17.297415,8.881554,31.665928,29.000334,5.182717,15.865898,0.000849056,0.674841,2.7525275,5.577733,0.18011057,0.42168257,0.3485527,0.7997633,1.1408492,2.972979,4.807883,2.9279525,8.849037,25.696238,1.7599608,9.947571,13.994645,11.714206,16.636292,2.491457,4.300271,19.45508,3.581348,1.2207186,18.39546,0.65883344,0.28728387,20.925694,11.256158,12.066271,3.192578,1.2150604,12.8617525,6.113831,0.21815348,4.0462327,1.6626513,3.7108178,6.6700735,0.27543625,0.37776592,0.028901486,5.5207663,2.0499616,0.80660397,8.051601,28.899206,6.678433,52.863667,0.62788314
210112,4.1544476,4.408843,4.014767,1.1837457,8.64542,4.296206,2.5328133,2.476527,1.8816156,8.606059,1.1966301,0.41496533,0.9919209,3.4245281,0.06919003,0.88830805,1.049264,2.7593653,0.16910481,1.663118,2.5449576,3.0368261,7.177264,2.0794573,0.6089587,1.2845185,4.314897,7.2054405,2.5961585,1.4589373,0.026564328,0.005288544,4.3936768,0.42687386,0.5243857,0.9354408,3.7234547,2.3476272,0.39705458,0.4773066,2.027883,0.21577172,8.935403,0.656156,2.1308856,0.53904825,4.8370476,0.119585834,1.1880463,0.621543,14.954839,3.7529159,0.4362544,0.088889375,0.5978313,0.06286504,8.710416,0.9158811,1.780252,10.459005,2.8431532,0.77591074,12.7996855,3.974085,2.3507726,1.1350225,0.044480603,0.1087341,3.537641,0.51312083,0.52539647,0.0007581503,0.14504576,0.05539499,0.0010758744,1.1358922,0.009619843,0.07691189,2.580757,2.994069,0.7059045,1.196385,3.4719236,2.0237372,4.2878575,0.0006079043,0.87567204,3.2224905,1.305414,0.007367201,3.4340558,0.508505,0.15304987,2.6828969,0.091743186,1.4503272,5.2585945,0.470374,2.1688309,0.43012506,0.0065690894,0.1028426,0.35670564,2.5451856,4.151063,0.35697123,0.0014273127,0.0012040279,0.044866856,0.1405831,0.0017056825,3.8222978,3.9342463,1.5305471,18.18804,0.0017347372
210415,0.005720845,0.0015894144,0.049232066,0.38020304,0.011363119,0.86339146,0.04408103,0.351918,0.33352247,0.11920041,0.980836,0.37964585,0.10905652,0.2622121,0.75664747,0.9987437,0.008577962,0.0011632752,0.15976289,0.7502664,0.23144995,0.33225906,0.36284375,0.16593492,0.13373242,1.1728096,0.061465155,0.75845003,0.0751514,0.015052062,0.19812463,0.020493936,0.016652115,0.08742826,0.30130464,0.0038581304,0.057195153,7.748039e-05,0.28448078,0.16175818,0.00039216466,0.015771372,0.00017920574,0.0072617466,0.014125775,0.07032746,0.00807887,0.21585432,0.0007644252,0.0015132276,0.2011522,0.42719775,0.18154238,0.07505286,0.0155910775,0.017801292,0.02831481,0.59587866,0.0014531096,0.040339265,0.00012681585,0.09856984,0.47491404,0.010286467,0.14208236,0.12822025,0.00014427179,0.008817005,0.025863899,0.0099148275,0.04232276,0.3285795,0.4262657,0.9929866,1.0356696,1.5410252,0.31226727,1.0054619,0.15778168,4.897204e-05,0.0016180509,0.008735377,0.0412637,1.0536695,0.0433966,0.00925313,0.22453867,6.8020185e-05,0.04342829,0.37384793,0.0330925,0.34135988,0.037887484,0.013054391,0.0031095694,1.0125923,0.23946151,0.5351863,0.057879455,0.40632266,0.0056353696,8.055435e-05,0.028436057,0.21756488,0.25617903,1.0757176,0.40438378,0.32877636,1.5627748,0.92803943,1.1602986,0.9716145,0.17059231,0.03886436,0.42521414,1.3120997
210617,0.3772406,0.67819804,7.368321,4.6729107,4.1271834,10.333547,5.0002985,15.335815,7.671149,3.9792292,19.616919,22.497696,9.028095,52.596386,28.32572,51.330284,1.2329664,0.0527079,3.8140576,49.018005,3.6463528,26.138443,20.312988,20.197386,7.67054,55.402344,6.857119,39.434517,27.2041,0.22655098,41.971283,3.9355595,5.0201174e-07,13.277412,41.762337,56.024048,0.036204167,16.85333,34.618748,3.5437176,2.62832,2.211392,3.9042394,8.786264,6.343747,6.260811,6.1702924,16.152576,2.9116716,2.2193377,17.133768,54.231934,2.4505014,0.30108932,0.81730616,0.88029414,0.46397445,11.48056,1.4335815,16.148403,0.058255393,0.073996834,49.144516,3.4589672,14.2163105,29.14427,0.016381389,0.06755413,6.178063,0.07741147,7.599078,6.23579,29.266235,47.04276,12.141313,31.208239,42.273045,39.602222,22.915695,0.6609392,6.7277555,1.8791679,6.160783,6.575352,3.417437,17.115282,0.60063595,20.693512,1.4577701,13.868815,4.425806,13.1110525,9.383469,9.75845,2.5532835,14.914225,20.331789,67.431145,0.129314,27.073027,13.972466,25.80313,18.888094,0.018302351,0.23138669,7.427917,19.285637,20.721281,88.86617,19.006927,27.898205,1.2114891,6.243743,0.53505015,12.320649,17.775276
211114,5.7297134,9.942861,5.8668437,5.0615926,12.6463585,10.893741,1.7532923,7.7910523,1.241911,33.974304,0.3124795,1.071233,0.0038377396,9.736579,1.0076658,4.11889,0.08235966,6.7915106,0.10706959,2.5025454,10.716619,7.482984,10.374695,6.045782,0.0034047742,2.1527278,7.8593926,15.580829,1.972061,2.9043903,0.117049634,0.032240853,8.363441,0.30781445,0.4591615,0.79352474,0.5153258,1.1816738,9.924844,1.3625333,0.026240814,0.0786667,19.495556,5.1880374,0.7208279,4.124326,5.490083,1.0336101,0.41913095,0.5770058,33.982048,4.658388,4.5480604,0.058501292,0.00424698,0.41259816,14.676523,1.1516223,32.76857,52.460033,6.308769,1.1935186,25.024363,12.440652,4.8328223,1.4070408,3.171177,4.125223,1.2496703,10.319051,0.14527765,0.17832278,0.19801417,0.7397606,1.0513154,2.8678164,3.300871,2.6233916,1.4740154,1.8286623,0.7388215,2.3025548,6.082806,4.33896,12.585924,0.15063167,7.6773767,10.342857,7.2281575,0.16938908,47.028572,15.6255045,16.186768,0.027749002,17.146324,27.038912,0.5293731,0.8891792,0.74982667,0.4612545,8.021195,7.235096,2.2762945,22.960905,19.887909,9.027846,13.226696,5.188532,10.036111,3.1474504,2.149071,0.22068247,0.73881453,12.402982,95.667946,0.0066455626
211215,0.014846917,0.017545208,0.043101992,8.771704e-05,0.0009696532,0.0066078133,0.046403624,0.00071226736,0.101793714,0.14357808,0.010396207,0.010626102,0.003142291,0.012035324,0.0007244757,0.002593072,0.0036088533,0.026365187,0.009805304,0.1278881,0.018159846,0.032953184,0.00026210814,0.008794573,0.07540321,0.0072558736,0.00022186345,0.004663426,0.030043375,0.086372085,0.017010115,0.05498752,0.007425272,0.053608313,0.13966712,0.050921936,0.0034870883,0.16196819,0.006193663,0.08672889,0.000112465554,0.03131018,0.027167091,0.21087801,0.03865145,0.033241212,0.04265197,0.2330071,0.013545187,0.37658837,0.028673133,0.23393776,0.038036574,0.023451772,0.07829948,0.123926096,0.010375542,0.06540297,0.010885073,0.008191178,0.0165234,0.010557392,0.0581261,0.0005575614,0.0016066605,0.015109833,0.005933704,0.06190367,0.0057835095,0.08810559,0.13462326,0.03709139,0.08105528,0.07278569,0.02202159,0.27034947,0.02690829,0.036048535,0.07435816,0.06411525,0.07288641,0.038398493,0.1843311,0.05749911,0.042990543,0.023997042,0.13636458,0.0026625826,0.00072325056,0.009632572,0.056918904,0.01749541,0.0063049286,0.026854679,0.09125159,0.0060280804,0.013134636,0.08100535,0.0044411784,9.152221e-05,0.00016096671,0.0032388812,0.014704158,0.10713892,0.1177888,0.16304421,0.4569681,3.0833703e-06,0.0021572167,0.22797365,0.5478422,0.10655419,0.13461839,0.07993862,0.17536366,0.07447443
211316,0.6916835,0.16037595,4.319521,1.7498059,2.252604,5.8363895,3.6159842,8.254316,4.450278,6.2480783,10.923418,10.363678,4.7577033,42.616096,16.89887,32.028675,3.0680718,0.97352654,0.10726803,21.76513,2.363519,13.706359,5.62792,6.3555317,2.580962,33.888966,3.3278074,23.047413,15.317717,1.1536258,20.67566,0.71440977,0.023565056,4.6880455,18.906643,29.138365,0.18741965,5.342542,18.90109,0.5957434,0.67481846,4.126311,1.3557818,3.0925686,3.4457815,2.0363305,1.6236378,7.8881183,0.8476448,0.42424583,9.746559,41.63947,1.5304542,0.12619075,1.4602755,5.087979e-05,0.65254766,4.825353,0.13447356,8.131316,0.003123988,0.82583123,17.075224,5.721576,4.0643377,26.367012,0.6116069,0.5584649,0.9574093,0.4622605,3.924358,2.2424607,12.315126,20.417482,4.988928,15.170146,17.687767,16.309057,11.739134,0.022609085,1.6584684,2.2718494,3.9358556,4.9001546,0.75146824,13.26288,1.2057658,17.730625,1.7452756,9.441834,4.97816,7.8527756,3.0013232,8.011194,3.4810998,3.6113145,10.343112,30.922714,0.5719566,13.228588,13.814845,20.97355,20.1834,0.07885352,0.0037696522,1.550072,11.051646,22.115828,51.90338,12.633488,16.665855,0.3467352,3.048641,1.9462594,3.0281892,7.797654
211417,3.1996017,0.922996,7.767389,9.120486,6.3509192,26.16811,34.70296,33.65038,12.298009,26.357704,47.37245,60.924,8.923508,209.19484,71.020325,129.49472,3.4549346,0.77046394,6.5992317,112.96775,15.273394,58.794266,43.112312,61.43241,12.970662,140.3178,14.074855,106.83799,81.45227,1.7147471,112.59177,10.812943,1.9155314,34.373573,120.569016,157.16771,5.216297,53.333523,90.85649,15.027954,4.8229117,1.6546899,1.4992694,11.952954,29.043505,19.593174,7.852995,36.63178,4.3193417,11.028003,44.46991,180.79718,9.428909,1.6608478,5.8703427,4.6391997,2.4735425,31.088827,0.8830778,44.894707,0.7356995,1.8380027,141.0152,7.061694,41.18903,110.54353,2.3293002,1.0301013,30.014269,0.72881293,13.926358,7.770443,89.51757,140.54669,33.785446,78.36948,120.60888,113.435005,66.784325,14.6016655,18.668228,1.6734734,24.271965,26.164019,11.35356,60.341114,5.8628516,50.132557,8.4065275,49.592213,21.575958,45.463566,29.519733,10.697469,10.78037,13.784748,56.820087,160.85756,0.66499245,60.803642,29.241049,48.95314,52.974545,0.4858343,0.006926075,17.449226,32.275578,49.418106,263.2902,54.84101,48.251713,6.6031327,14.958344,0.18623614,39.0429,44.62858
211619,0.36334473,0.04783236,1.5302289,0.95471257,0.98298305,2.371743,0.17314196,2.4192483,1.8247925,1.0936918,5.1254044,1.6998012,1.8370681,6.988036,8.033819,7.1924396,0.022551145,0.0021386333,0.5313628,7.3594885,1.136094,5.012608,2.7609859,1.7675707,1.0923842,9.671794,0.81641006,6.9219465,3.9434552,0.5121895,4.737051,0.20453359,0.06480144,1.0616521,5.9103928,5.2877364,0.29198027,1.398008,7.144156,1.0773358,0.5757393,0.3452404,0.95587736,2.2725492,0.18782619,0.47098255,1.6572211,2.6475766,0.29575396,0.45963117,2.5427845,5.4800706,0.14527173,0.04671445,0.50293773,0.723311,0.015034996,2.250856,0.19050354,5.428613,0.24529812,0.19388565,5.8379216,0.6541735,3.1249483,5.188826,0.73315835,0.24420318,0.32668877,0.07777372,2.1201203,2.821906,7.077942,9.855616,3.737721,5.8511004,6.8815856,8.145654,4.305197,0.0033675046,0.9135575,0.41487026,1.2775415,0.73023146,0.08992394,1.3940051,0.68579894,4.0649896,0.0021857452,1.3085891,0.02329649,3.5583577,3.0870233,1.3785338,0.08632856,2.798044,5.1279197,14.037785,0.03404036,6.2685556,0.2715598,2.099495,0.9754833,1.8620452,2.1285832,6.6734753,3.8237047,3.6434805,22.22727,5.643826,8.257692,2.9508922,2.2825265,0.0062745423,4.6121454,7.2191696
211720,0.14471783,0.046252903,0.0093693,0.5620012,0.0006903667,0.8719497,0.34544218,0.13089323,0.4907569,0.343861,0.30997887,0.24040674,0.12804872,4.7377796,0.6641833,1.0853798,0.051752843,0.0002145191,0.004185358,3.0093222,0.3924879,3.4130316,0.7451661,0.8415418,0.7306346,3.2238169,0.020618157,2.30921,0.417271,0.063633315,0.75521374,0.543912,0.23460826,0.8480119,0.97421724,2.110038,1.0063082,1.4475809,1.771652,0.19149143,0.5226604,0.011181675,1.7907208,0.48734257,0.3919053,0.28845543,0.26013032,2.214422,0.6236116,0.32595882,1.7847701,1.7053938,0.0071415673,0.0944295,0.00015615435,0.19469127,0.24381664,0.4370088,0.05272677,0.97085613,0.002763221,0.10655294,2.5926125,0.099941894,1.1657248,1.8197038,0.00024101308,0.20105448,0.26402518,0.7956092,1.1422842,2.279983,0.5324698,1.8790933,1.1865504,4.494267,2.31196,3.4852762,1.0751301,0.044841103,0.26856613,0.46643767,0.28204235,0.24303754,0.032459907,0.19266026,0.5698684,2.1633816,4.7504946e-07,0.053051945,0.12718062,1.4056735,0.1286134,0.5976136,0.031883884,0.3279686,0.30891305,0.29737887,0.17161237,0.8739315,1.012976,3.5243163,0.5716183,0.08034482,0.18723768,0.9872302,0.28810424,4.763333,3.267476,8.525416,2.1719518,0.16637364,0.0022862395,0.098034956,0.39969116,1.1034689
211821,10.612752,19.224451,8.590849,6.9207425,20.928411,13.868804,3.7379725,16.150352,3.2583208,39.785477,0.73094225,3.9377005,0.35930443,13.459812,0.003529956,8.771328,0.39648262,15.587453,0.30558348,9.873872,14.930302,8.7794895,14.159942,7.8491683,0.5970216,3.1521862,9.802713,26.230574,2.3921404,6.432162,1.1541022,0.44203874,14.334211,3.129728,1.4050039,3.4044707,3.5840385,3.5383284,9.073362,0.16912675,0.59992355,0.27959937,30.032423,1.226416,4.754258,1.0081377,9.88716,0.18091933,1.2491043,2.2447875,44.566833,12.559841,2.2146277,1.1083679,1.6285856,0.5849691,16.465986,2.3986373,19.627209,50.995396,13.652493,5.457142,32.674217,22.895771,4.3308063,6.280912,0.60543805,0.58288896,5.2999673,6.9044104,0.12516052,0.0076573673,0.26253527,0.47188798,1.6760213,1.9003391,3.580951,2.0745268,5.6981983,12.459732,1.0969194,7.12819,6.9883437,11.475481,14.022428,0.5932794,3.5990973,17.88481,6.7647166,0.10578968,26.337767,3.8136947,3.4409049,10.26311,7.970955,10.695502,3.8140192,0.4503482,4.361963,0.55163884,2.368218,0.014405152,0.0060253823,10.4510355,10.457721,2.4383337,5.1305194,0.00893158,5.7259808,0.9141629,0.4340286,1.2140989,3.4725914,12.644314,63.44377,0.01867468
211922,0.0104314005,0.0031467332,0.010406839,0.012117499,0.0010578855,0.00013860471,0.00014462999,0.0009961317,0.005602171,0.13059491,0.0060499986,0.0013870617,0.010183503,0.0056822337,0.062181573,0.1232462,0.0029533706,0.04746457,0.013585222,0.037311416,0.00079446536,0.00797941,0.00089238444,0.010348933,0.07476101,0.003649169,0.0044006794,0.01571882,0.00016590662,0.0016604845,0.02980623,0.0025894644,0.020518519,0.023839872,0.0868539,0.06836405,0.021991031,0.0006866163,0.0053759166,0.009821813,0.0025387623,0.020186547,0.011618034,0.000451454,7.1716146e-05,0.060974006,0.016149303,0.00017536651,0.029440347,0.003804605,5.073576e-05,6.6832717e-06,4.3129814e-05,0.078351945,0.00053071097,0.00817834,0.031802904,0.029080015,3.994428e-05,0.0719629,0.061316572,0.014505465,0.03149119,0.02591138,0.005742686,0.083076485,0.025580205,0.010703136,0.14917909,0.37411812,0.05675874,0.031958375,0.06518024,0.017867932,0.16628547,0.089743875,0.23545946,0.14667323,0.0003965995,0.022283664,0.000742424,0.0021469968,0.19649225,0.015765598,0.0026023071,0.0060209,0.15709484,0.03878458,0.0017636892,0.013324067,0.25736764,0.00063971436,0.012585274,0.21518853,0.69480956,0.42709804,0.11949833,0.06820455,0.0011017708,0.0015155958,0.011874711,0.43551162,0.009147383,0.10863856,0.03617751,0.018230373,0.017037544,0.041645586,0.086804405,0.4682833,0.0045571304,0.018251037,0.020986397,0.021045275,0.013148055,0.02590288
212015,0.0032480415,0.010802689,0.16961925,0.21060273,0.18721852,0.8992601,0.04852595,0.4276671,0.60667497,0.065808274,1.0841372,0.59826475,0.23403141,0.5106596,0.8763535,0.8911576,0.0016151423,0.00035751,0.7421868,0.36844096,2.4783018e-05,0.31131887,0.3393808,0.20994209,0.20681855,1.9299458,0.023768257,0.9279083,0.11752894,0.009680624,0.10568897,0.028827481,0.03480129,0.059253313,0.33442137,0.0038309095,0.014050614,0.03195704,0.19166072,0.09822683,0.17341529,0.046320368,0.067522734,0.003478458,0.9842312,0.0014722648,0.00036694182,0.14101589,0.0042936658,0.09804655,0.22946775,0.21280147,0.02827244,1.2589126e-06,0.080995105,0.0021003482,0.038245145,0.6358788,0.0036063187,0.7702894,0.032826576,0.3597719,0.37719697,0.104614794,0.04032102,0.13000415,0.021073628,0.04715481,0.1435349,0.06798891,0.31958112,0.0554289,0.01100026,0.12702161,0.0025845324,0.078428775,0.05312506,0.24222125,0.116082504,0.00014090956,0.021762196,0.00022982452,0.418389,0.0060068714,0.009993896,0.009359657,1.822651,1.3573213,0.032290984,0.04881909,0.14450976,0.17743498,0.028631933,0.12963186,8.6011605e-05,0.28474686,0.083778396,0.43968755,0.08145833,0.08588808,0.09502547,0.07588365,0.27973846,0.05408557,0.18734953,0.5761775,0.09443871,0.6906923,2.733234,0.36091873,1.4532639,0.20913437,0.4866411,0.025222128,0.14782576,0.14234528
212116,0.9492308,1.95897,1.7025156,1.1474835,1.1340941,0.6329275,1.04586,0.8896092,0.15332074,1.3504283,0.75884235,0.110839464,0.13052265,0.100038,0.14885172,0.008211427,0.18488991,0.88858443,0.6705456,0.76069343,1.3803192,1.3264668,4.002336,0.35807335,0.0018239104,0.23308223,0.37806067,1.3264102,1.385589,0.19009635,0.028360976,0.17949007,1.3775722,0.062423907,0.05578125,0.20289914,1.6362787,0.8361147,0.08226595,0.03067694,1.3518887,0.18669336,2.4901142,0.20338947,0.9708221,0.0888847,1.000686,0.00060203497,0.11495098,0.007150294,2.7530506,0.5167764,0.40515548,0.003955421,0.027181005,0.18838198,3.1086214,0.70360047,0.39891195,2.889359,1.6000519,0.39331734,4.374138,0.88357085,0.37364462,0.030503616,0.3397059,0.39473185,1.032105,0.00040718392,0.03693374,0.033290125,0.042003233,0.019278359,0.38817865,0.07404068,0.014670532,0.01363659,1.0113603,0.9633786,0.10292243,0.1855239,1.2403681,0.2872157,0.9007065,0.026807252,0.051150512,0.050478857,0.14011289,0.081253946,0.22049743,0.008169538,0.042712927,0.8397537,0.25555828,0.6934475,3.4293718,0.6007273,1.1404095,0.07321892,0.0023035458,0.009427962,0.0031868021,0.409115,1.3704809,0.010471166,1.1036422,0.006220331,0.14760745,0.5227954,1.1335795,3.370979,0.9436094,0.814084,3.592695,2.9471772e-05
212217,8.257503,10.334609,4.935727,1.5513034,18.92891,8.19456,3.7311742,8.857447,2.2544332,23.402136,1.264158,2.0836544,1.516071,9.735904,0.000732026,5.3551483,0.9445084,10.857132,0.3537079,5.292626,5.17534,7.650938,7.1213284,5.471365,0.3306803,2.8081436,8.632294,20.093718,2.3710103,5.317438,0.83616865,0.62663656,7.7121353,1.6924565,1.4645138,3.7848094,2.9228005,2.4331646,5.3783326,0.022107365,1.0504456,0.00197108,19.29349,0.63326496,2.6676106,0.48809642,7.349009,0.4534641,2.970862,1.4477123,31.046648,9.104731,0.6425427,0.5717357,1.2933353,0.5542292,10.133932,1.0136852,8.639762,25.4416,8.0440855,2.1819632,19.628748,13.4881115,6.2604566,5.427461,0.018712949,0.103501536,3.7066865,3.7051063,0.68376154,0.037627447,0.038664177,0.09186906,0.46112198,1.0184404,1.9648031,0.83956844,6.494148,15.947665,0.59187996,3.854566,6.3995547,6.1141787,8.009329,0.12811227,1.9248309,8.394135,5.9029956,0.027851982,11.124397,1.8771642,1.4281702,4.854844,4.2286596,5.7746696,3.1016977,0.674512,3.5563717,0.8475005,0.9379618,0.0021464694,0.14201795,7.789396,3.8811104,0.16419078,0.009428552,0.36620212,2.100781,1.5730702,0.049459033,2.7231164,5.778759,5.1222053,30.123629,0.3202498
212318,1.9429829,3.610152,16.12683,13.779518,5.0439444,33.05387,27.519493,52.28581,12.969655,19.534554,51.662537,74.59759,13.949199,194.15968,73.96563,164.7495,5.6609735,1.3317623,8.196006,133.11504,15.446423,65.29466,44.397655,67.145874,14.784498,158.72227,21.875895,125.31085,97.069466,3.5091162,147.69965,11.126078,0.015280041,38.65606,140.41602,191.50438,4.1093154,53.821976,96.60676,15.82403,3.7273707,7.4379373,0.7507533,15.470316,23.507183,20.134705,12.324487,47.815582,0.36530864,8.395256,53.22384,189.59332,10.249019,1.9363489,8.249125,2.9625704,1.628142,34.04797,0.24311768,25.96035,0.118294284,1.4824792,125.5236,10.700863,42.248074,124.63167,1.8975776,2.0628743,18.469492,0.79935735,17.434187,9.524404,100.17469,146.16959,42.436035,73.909164,125.27584,108.7353,75.642296,10.988699,23.464556,0.79095656,32.166573,37.663074,10.683216,71.75318,7.8097,49.38566,12.594841,62.12278,13.657259,70.95413,38.175278,9.115084,4.3776045,24.127146,82.59234,232.27841,0.01980327,79.158226,39.238934,59.119007,64.04121,1.2614319,0.032222554,21.535303,39.101215,59.408356,281.3056,42.436028,67.527725,3.0658717,35.0186,0.04691815,53.84825,46.91326
212419,3.8800465e-07,0.020198815,5.7943817e-06,0.0154028665,0.0626706,0.0011016694,0.009062218,0.076080345,0.0050680307,0.15161936,0.015891945,0.03392399,0.017061628,0.14323743,0.05710814,0.0040075537,0.009779702,0.008372921,0.058079116,0.10501013,0.024009684,0.021670267,0.0076802005,0.0032424356,0.090726554,0.013175736,0.0001938351,0.000105412604,0.008015578,0.015785763,0.05010072,0.012592794,0.0073018186,0.015939955,0.37135708,0.19481732,0.04110074,0.002208343,0.013230412,0.0051220595,0.0024602714,0.0018529319,0.005401552,0.0012840526,0.019504037,0.0063964087,0.0015208643,0.0023381857,0.00053353445,0.1300655,0.000114892515,0.16277364,0.00025791506,0.038140453,0.0026253387,0.00039658227,0.0004284345,0.0053072274,0.007321527,0.09982586,4.11582e-06,0.006222442,0.004758657,0.016103823,0.008472225,0.00447732,0.013582718,0.0008328028,0.0043990277,0.16911867,0.042016905,0.02348912,0.012489593,0.00023136866,0.0028867435,0.0024653827,0.047317076,0.094235525,0.027636904,0.030333757,0.0113806315,0.0029573934,0.16587114,0.026748419,0.0031970309,0.0018248995,0.017860483,0.0074514328,4.41505e-05,0.0070148753,0.174463,0.00033746136,0.04567758,0.001701215,0.04703512,0.31473663,0.002342636,0.0037868489,0.009873678,0.058234,0.021446219,0.026526794,0.007283315,0.06382228,0.00061437953,0.00050500326,0.23003317,0.28559196,0.5730689,0.00036183433,0.014387626,0.8968209,0.00073784066,8.5427615e-07,0.005051167,0.07585671
212823,0.46641162,1.760366,0.8247788,0.52875173,1.9247667,1.4459856,0.59957284,0.80587935,0.32891098,2.0660083,0.5761831,3.3453023e-05,0.1510885,0.2082924,0.00028254028,0.002954446,0.0816102,1.0881914,0.35139525,0.7320382,1.5115072,1.5976856,3.021245,0.2890533,0.026029605,0.30730355,1.4586102,2.7685227,1.0563208,0.22456315,0.025693487,0.19189563,1.5531703,0.06602807,0.008277381,0.1009185,2.805098,0.97754616,0.3777155,0.18335417,0.17071421,0.12549524,2.4236639,0.030979058,0.4029772,0.2503658,1.2852262,0.011993523,0.055230092,0.007858789,3.673956,0.46135345,0.010152576,0.0077941725,0.065858744,0.03162428,1.5561032,0.23591168,0.29587892,2.6270278,1.1793126,0.0098940125,3.5427387,1.0469056,0.8512665,0.010153586,0.2911173,0.10002659,0.77958006,0.020407274,0.25201863,0.07949472,0.003855849,0.04743067,0.40285423,0.02755854,0.036208965,0.00072475814,0.7096415,0.44546047,0.45499316,0.5822293,0.015413557,0.079204895,1.0683348,0.015508074,0.111378744,0.033086166,0.10015794,0.008017789,0.33226684,0.31537318,0.004669513,1.6983943,0.050253846,1.1173066,2.87653,0.6398523,0.8430141,0.10857541,0.24776389,0.17138386,0.2023988,0.17692354,1.4456633,0.046613507,1.2942758,0.25709653,0.92598814,0.21980184,1.0588821,3.5753338,1.6425686,0.39873362,4.893716,0.23523562
213017,22.166945,36.211517,18.142946,5.88926,45.918797,29.511486,7.3418107,28.903688,5.7368517,85.75742,0.159051,4.2634788,1.2940509,28.32575,0.50633323,18.611444,0.10439502,25.079365,0.036316503,10.949548,23.931555,9.980593,15.693111,11.249169,1.2947804,5.8316708,24.784489,54.716396,1.5507761,7.0645127,0.83325076,0.11853041,20.117865,1.9819803,0.037124492,3.166174,3.968924,1.0340867,20.966913,3.5921237,6.262805,0.024521768,57.53226,5.231887,6.961949,7.039533,15.156352,1.7665633,0.36718637,1.8492434,77.79026,20.983799,2.7982936,0.9523756,2.9935775,0.5923857,24.19289,2.3782318,42.689636,87.78911,16.776037,11.663606,37.99481,41.866764,3.5284414,13.633793,1.8569964,4.949465,2.732848,18.964218,0.18610494,0.56502336,2.2513015,3.9070005,11.124689,14.933981,15.810425,12.102066,8.100788,29.337791,0.8431784,9.6688385,18.988659,17.638376,23.338417,0.6572459,6.4900656,40.82876,18.428303,0.24215493,49.625805,5.1690187,7.8855968,20.249798,26.218306,34.881794,2.3980637,0.064614415,9.51651,0.7509748,3.4340973,0.063881256,0.15235743,23.152712,16.775484,3.6857562,8.360936,0.688887,17.644596,4.291046,0.0006755921,2.39154,15.621765,23.715752,118.45084,1.4315964
213421,2.4386094,0.05419007,6.911389,7.459779,1.0843353,12.666596,20.167377,20.19181,5.498087,16.76124,18.58768,27.564718,4.860284,129.92058,33.384556,75.41855,7.481195,3.6677856,2.3934555,55.088985,2.8259683,28.376534,24.186651,29.041943,3.5621889,78.99272,7.877997,57.7876,38.794346,3.7203765,65.849365,2.1782444,1.4875003,13.821854,59.081448,79.74,4.04016,21.053095,47.00713,3.1920116,1.415147,6.4980855,0.14264321,3.0330358,24.916243,5.9585695,1.8688874,18.67483,0.47433242,2.4460258,19.806686,125.71557,10.949365,0.050734825,7.977009,0.09608481,1.9912319,11.956077,4.811227e-06,23.512894,1.2253952,2.64086,58.67784,11.771761,11.73631,75.37461,5.333725,3.6866214,7.0511355,0.26847532,5.3517036,1.7426103,37.389694,56.041454,16.069479,32.018852,57.720707,55.12063,30.024527,0.54908353,7.4036527,4.723404,19.256144,13.870042,3.8249025,47.306126,3.7008595,40.91755,7.9781013,25.821157,18.53203,23.949043,9.928841,9.671081,9.993129,7.7424073,29.504347,92.02257,0.93481016,29.340912,32.72579,41.736164,43.218006,0.020953787,0.8698812,4.403238,19.976362,38.283127,138.0244,24.133766,27.116348,0.07804964,7.4246473,2.6606894,17.791729,26.128502
213522,8.4351,12.877221,4.965806,3.3293843,20.512932,12.865207,2.2080312,11.939836,2.9258633,33.541424,0.46893084,1.9666532,0.16257589,11.792854,0.22587486,5.8491073,0.1515889,13.255513,0.038318936,7.5348268,7.6446285,10.762366,8.35052,5.1825595,0.28972983,3.2207425,10.389178,25.939562,1.8475708,4.7654195,0.4303716,0.30890015,8.296895,1.5370895,0.07853031,2.2664533,2.9907463,2.751077,8.87301,0.02282762,2.5639358,0.59934443,25.849667,1.2508281,3.412487,1.3383433,8.530341,0.124148354,0.97014445,1.2994953,38.330086,8.937236,3.42708,0.3486494,1.2176702,0.5292977,10.9022,0.8061054,20.788643,51.752136,7.6699624,2.0262554,23.638266,18.130177,3.119926,4.9334116,0.6537681,0.87358534,4.4023585,6.4074693,0.008125405,0.019233426,0.17440069,0.36917818,1.3392636,2.960431,2.9525225,1.4257869,3.8638031,13.224431,0.70448756,6.095952,7.6822753,10.475013,10.993555,0.22472845,4.4248705,13.561573,8.139687,0.04165038,19.246946,3.3130968,2.643593,7.3850083,8.1766405,8.647038,3.2019744,0.27928853,3.052073,0.600908,2.113544,0.046273857,0.0015380288,11.692882,10.667146,3.209857,1.232675,0.17109038,5.5748076,0.13347149,0.02630075,0.036456272,4.1305623,9.185191,66.3113,0.00016554982
214019,3.1148596,0.070655726,2.2460985,2.8124418,1.7833985,9.756561,28.881512,14.661819,6.5633435,22.462843,22.015888,28.949562,3.3748937,142.53929,40.94428,63.109154,3.084067,0.50030136,3.256213,55.86568,7.4444227,32.59657,24.26459,30.23421,4.8523207,80.347664,6.189408,57.559288,41.013718,0.26701194,52.096233,3.1335025,2.5816965,21.051313,65.78778,78.846794,4.383685,36.873238,60.05754,6.575116,0.9189627,1.363069,0.95054567,5.001336,33.661076,11.588618,2.1048057,16.193594,2.4458678,4.8174834,22.612204,129.8967,9.433555,0.496809,5.571952,3.6100392,3.755576,12.29786,0.092071734,29.922916,2.772767,2.5843806,75.56193,7.6690345,18.225983,78.15098,2.8768208,0.59020823,24.398428,0.08945889,5.975438,4.190072,41.132496,73.11175,15.641144,47.149914,75.313866,78.00518,39.825806,6.2415757,10.662053,3.348767,9.599357,10.137149,7.094414,41.504284,5.7572155,39.78474,6.410875,25.134209,21.133177,25.915956,12.003376,10.198304,12.401655,6.2212963,22.61432,80.233604,1.1238122,34.95905,23.149199,28.474346,35.678,0.03354105,1.6465001,3.2885633,11.424504,43.6019,137.78145,28.064528,15.975746,1.5612167,7.961538,2.9764876,16.759745,18.88778
214221,0.52098686,0.055709254,0.010288928,0.07585057,0.34817868,1.2324483,0.63625175,0.93511,1.6024325,1.4659377,2.9489083,2.2739408,2.114551,6.9306645,3.4560237,3.2767773,0.26064843,0.6033437,0.29103106,3.2339532,0.96158993,4.031175,0.6154154,0.1671114,0.44155392,5.1574407,0.4463741,4.0441966,2.0044763,0.51722074,2.3315322,0.085599504,0.0570163,0.5266587,1.365281,0.395603,0.009601884,0.08239908,3.7363834,0.15512502,0.7094874,1.1823055,0.010935016,0.012311806,2.66821,0.15179431,0.04803856,0.005108475,0.30528024,0.28663903,0.43904766,9.694536,1.0944756,0.16031657,0.27242765,0.054556217,0.95003635,0.03722998,0.66479063,0.3756162,0.14517266,0.27466238,1.9883131,2.4623327,0.12029023,6.7125626,1.016326,0.22587413,0.41406482,0.67909783,0.71599096,3.3559558,2.1826441,4.65076,1.5992736,3.4828212,3.225392,5.215201,1.6100998,0.7277728,0.012800009,1.6439564,0.06975206,0.19987649,0.16823342,3.149363,0.14693063,3.6037269,0.005130174,0.48600516,2.065856,0.22045796,0.012801358,2.9699106,0.0057483786,1.2666407,2.32905,5.0523815,0.32324713,1.3982127,4.0277658,5.120729,5.6538467,0.115599945,0.11308054,1.1262095,3.675599,1.3630251,10.955522,4.9722066,1.118451,0.10091021,0.009113783,0.720071,0.6954711,1.5415473
214423,0.01589054,0.023320805,0.014585618,0.020390233,0.0048258724,0.28802463,0.43299732,0.05194804,0.52324873,0.08965719,1.1597891,0.2872486,0.13983628,1.9175993,0.92196447,0.37104228,0.02332026,0.00089888996,0.33284882,1.1042815,0.0713075,0.058489643,0.6175206,0.12448366,0.037910692,0.6288274,0.04333239,0.43235427,0.27759916,0.00083552167,0.3234099,0.009031303,0.007318121,0.0031615659,0.08581469,0.1721196,0.035123177,0.037729677,1.9814194,0.009051911,0.3420927,0.13795926,0.07291628,0.02095836,0.9811655,0.05699737,0.0036534336,0.25876635,0.011462396,0.08373348,0.48286188,0.30884132,0.22712056,0.25646034,0.050715413,5.59714e-06,0.38018665,0.15530115,0.10260136,0.3854977,0.045105085,0.02280927,0.27337852,0.041038502,0.07361906,0.6813873,0.25107744,0.010676009,0.06169455,0.16217905,0.22712137,0.101852745,0.032250036,0.04666402,0.08951554,0.0514928,0.1044694,0.18382598,0.04995572,0.5478457,0.03491803,0.073695935,0.4180976,0.76644224,0.2185992,0.068449944,0.7738896,0.20259817,0.19285108,0.07328025,0.1136768,0.016166713,0.038801614,0.12919068,0.5896134,0.005650356,0.082662225,0.15928058,0.009730913,0.048053976,0.45753843,0.29236436,0.40540013,0.033052523,0.017747715,0.03919964,0.27071863,0.065831125,2.0534387,0.111446366,0.099313304,0.006345231,0.009770253,0.31405807,0.052035946,1.26376
214524,3.2558239,1.0479515,0.73484737,5.6582375,4.0218124,21.23017,36.52035,31.036041,10.184386,11.679792,44.058083,54.556007,2.118804,146.38945,55.776756,87.564125,0.10417135,0.3488269,5.51138,87.09115,16.173265,51.642536,25.480507,58.7983,11.656988,110.4731,11.905373,95.33922,78.58325,0.27411175,82.04136,15.060015,0.83368415,35.511898,101.135155,125.967575,6.7520175,59.203392,86.869095,30.356571,3.74334,0.17662273,0.023491476,6.096497,30.381582,15.286932,6.2738957,20.477905,2.988474,9.441607,35.013607,116.77278,4.6387744,6.9789734,1.8960901,12.589553,0.86133885,33.295006,0.24227612,53.148808,0.021138504,0.011092348,134.7392,0.75048476,63.065495,72.39133,0.058519516,0.0043041157,54.28968,6.386964,6.6571302,8.361545,83.17254,139.94446,34.433727,72.74113,103.49454,101.3535,71.762794,41.228867,27.432167,0.500992,14.714325,25.838137,16.56327,33.051445,6.4068365,21.16081,3.00227,45.725536,11.435341,43.53409,27.133518,3.472917,0.6011556,7.818484,52.06546,132.61801,0.012471763,48.93374,7.0629616,18.737814,25.36417,3.7548575,0.66754186,33.843197,7.861881,32.36894,195.12193,44.063717,23.66775,13.434418,11.54277,0.19957697,44.22767,47.161957
214625,6.877676,3.6950407,4.9138303,21.541035,10.6446085,54.63455,90.581314,80.847725,25.676561,37.298115,114.64042,142.16708,7.129669,419.87793,141.73288,223.27504,0.15418498,0.16443455,12.72408,247.46153,39.62441,129.72224,85.60005,164.5976,25.365217,293.93076,40.044044,245.0448,210.2775,0.16511753,248.43893,41.303135,0.9427629,98.98804,292.17862,337.557,20.356638,139.49454,175.81635,68.530174,5.6128726,0.24307054,0.05992364,19.959047,63.193687,49.86285,14.932206,64.58798,8.247745,39.338142,96.12911,308.4284,17.32787,17.191107,9.192739,26.871666,1.0889086,84.03072,1.9195348,137.2174,1.2195714e-05,0.003484829,334.73416,4.8114886,157.76765,193.11177,1.0204437,0.05257063,129.05914,13.855713,24.745874,20.207232,220.05054,336.98563,100.283745,192.59874,260.0609,255.1029,179.14546,83.33757,71.1729,0.16059935,45.15506,65.45633,42.336468,109.09011,17.547419,77.96558,15.865309,116.1602,29.504362,131.28734,69.69252,9.385878,13.233552,13.469667,105.04264,327.59482,0.61666787,130.74829,39.2049,64.472534,91.66384,8.26747,0.69542664,44.213238,18.194227,114.776405,518.7476,71.6819,43.31814,20.79467,39.797634,0.058858532,94.07836,140.02057
217126,3.562241e-05,0.03553384,0.04728783,0.00686086,0.001993768,0.03661532,0.003083271,0.041011747,0.024040662,0.11446987,0.10163304,0.05197391,0.026688788,0.0006104692,0.076407485,0.2498988,4.1408163e-07,0.025277372,0.003434974,0.0126183685,0.49653253,0.009210453,0.18207838,0.021838982,0.0033795573,0.0013143301,0.03002352,0.10402739,0.059023757,0.0008414382,0.019963793,0.0023224251,0.04524956,2.9623403e-05,0.00032892404,0.010760895,0.15702267,0.04854599,0.1389885,0.051036596,0.00701069,0.013461794,0.20457396,0.014543091,0.01814369,3.783098e-06,0.07140061,0.001142392,0.0030414208,0.10034698,0.15219587,0.060789883,0.009153476,7.10509e-05,0.008387078,0.002562658,0.12146264,0.006093108,0.030597849,0.20611914,0.012125298,0.04111954,0.040212877,0.15183547,0.016311424,0.00032367418,0.00018958621,0.007262526,8.6115564e-05,1.32717105e-05,0.11771365,0.08333777,0.026798505,0.018911706,0.009937756,0.011819586,0.11026272,0.09820949,0.26373005,0.00024569654,0.00045375933,0.051942497,0.1776356,0.62069416,0.056156453,0.01018994,0.008827886,0.023624457,0.00022114313,0.0022739186,0.017857576,0.08573998,0.11625512,0.012304162,0.11497656,0.10764818,0.044162825,0.0878959,0.04479028,0.009166323,0.05049849,0.004098138,0.041233424,0.0009932104,0.26681486,0.0059336857,0.17240213,0.24534087,0.022971774,0.24455069,0.033489075,0.14273608,0.52963054,0.20051388,0.029432155,0.7913016
217429,178.00713,205.61807,147.68875,31.458942,267.48975,137.8793,59.742203,189.90208,20.057802,572.9522,0.5625114,19.94215,14.536737,161.59914,4.626443,116.94113,0.009899192,134.78647,3.799042,49.780766,246.38902,33.963863,70.27813,64.25474,0.05896639,22.17158,126.20512,271.69305,1.193053,34.726288,2.0980678,0.25721413,111.929115,3.8965018,0.6097509,15.530269,2.4982662,1.2753363,190.93056,43.034386,12.13795,3.6982174,425.9876,30.549532,50.539627,59.29757,87.13957,12.739846,0.47771025,15.209939,533.8336,159.27745,20.079771,4.611519,8.271576,1.1289711,142.5798,5.436948,395.41043,684.83307,113.225845,46.031666,232.55267,273.31622,20.507805,120.994965,25.198982,62.693996,0.04313859,180.7042,6.588016,8.329925,34.870617,49.74501,119.25019,123.70824,144.54663,128.31857,23.6875,119.998146,2.729921,59.526333,91.99955,68.20101,157.78372,0.81398666,95.33095,255.37462,135.24667,3.7854763e-05,474.66467,95.27304,101.60588,93.27245,341.93143,422.44046,0.08154547,7.8844376,48.74716,2.2031245,71.01285,0.26280442,1.4034935,207.01208,143.16946,52.737274,132.32472,22.98514,162.55936,116.92389,10.494349,0.004508642,104.23565,174.38748,1016.22003,25.311615
219231,46.95716,54.003254,35.813812,11.962144,65.50126,34.186386,19.27438,50.182537,6.9521174,124.87677,1.4150223,7.8554096,4.750044,51.015987,0.33353335,33.872765,0.16031167,43.37282,2.4232857e-05,16.592382,47.72338,13.373713,25.732533,14.249715,0.036729313,5.7831383,32.40028,72.21492,2.0602636,13.901971,1.156066,0.023802891,34.495087,3.5502665,0.29966372,6.0289083,5.033577,2.816216,31.111458,2.2139792,7.023165,0.22209178,100.91575,2.529991,12.597546,6.00113,29.14079,0.70576787,2.0431788,6.1682863,135.76758,49.513844,2.7938588,3.8445933,4.7802362,3.4606295,40.17019,3.4372234,63.088627,132.6419,29.928535,13.879394,62.67437,69.31882,6.708433,31.154963,1.9396311,8.163263,1.0785713,26.208227,1.139416,1.4272511,5.1998034,6.5747323,16.040623,18.415073,24.833666,19.210537,11.523687,43.12249,1.1216706,21.55651,30.26962,25.396389,39.46057,2.7656462,10.037417,71.22849,25.1628,1.1666071,78.61481,5.091225,8.338633,43.069813,57.232464,66.19744,0.6417614,0.00466135,17.855267,4.0830145,6.567787,3.507882,0.58626586,23.97711,24.131235,4.7245297,20.200665,0.08119339,33.21796,22.005503,0.5927376,0.46404094,29.305723,31.99196,177.43283,5.885575
220721,2.5699704,3.0131068,2.6487837,0.48905215,5.6790724,2.5295048,0.98766094,2.183419,0.5078259,5.4915595,0.1996533,0.0039072316,0.08121652,1.309785,0.65883946,0.0005456485,0.016029619,0.6198619,0.46075913,0.6154152,2.8504531,4.0313888,3.6502964,0.46589282,0.088136114,0.39460072,1.3374213,4.58951,0.9037349,0.26137054,0.09083965,0.12520422,2.8392336,0.08770828,0.00061411515,0.1942073,1.4500049,0.4652887,1.1800314,0.068764955,0.39999765,0.11397021,4.0991907,1.1684821,1.1828411,1.5886155,1.2674668,0.107246034,0.00042443207,0.09183696,9.769118,2.2000933,0.5190317,0.02644359,0.04912672,0.17489001,5.2271338,0.27401763,2.0886843,9.732711,1.4986393,0.0011162489,6.1053743,1.4327862,2.584607,0.18670717,0.8764627,0.14628908,2.0730975,1.4110607,0.09314455,0.054376062,0.00038189942,0.16425927,0.010602601,0.6057257,0.0054933657,0.039946478,0.5340856,0.8378311,0.2000411,0.13488427,0.03858272,0.80556667,2.127954,0.45369813,0.5299273,1.0229275,1.623382,0.04216039,3.1243188,0.06988459,0.48370054,1.352056,1.3386968,3.515439,2.0673022,0.17725947,1.1699017,0.24796188,0.12952204,0.018010754,0.00027838754,3.7526083,1.4976957,0.012120508,0.006571476,0.23253755,2.6009493,0.0033708517,0.44406745,2.587767,2.4355023,2.1202223,10.657939,0.039729163
221218,0.2400447,0.100096166,4.0901494,1.3604764,1.7945002,3.16791,0.92663705,4.02018,3.925426,3.308898,8.37079,6.749857,3.1737657,20.645363,12.062413,16.939491,1.0275418,0.16347186,1.3628501,19.639574,2.7767334,10.862745,7.1118083,4.533398,2.8735886,19.475698,2.5227885,15.739374,7.1613746,0.19797054,12.7065325,0.9692007,0.0077024247,3.6699684,11.033601,13.344189,0.0031603326,5.3565087,13.005137,0.03493547,1.5225929,0.42153335,1.1156514,2.0143275,3.988393,1.3366858,0.6417695,3.6379652,0.68346477,0.5380261,5.1859818,23.793533,0.5816602,0.21506268,0.17095067,0.070251055,0.7228077,2.1737363,0.42364103,6.4156446,0.0010323045,0.18133038,11.326499,2.5853498,2.1807692,12.978513,0.1335428,0.016752463,0.71054417,0.50444084,2.0286834,3.276172,10.237336,16.60729,3.6881363,14.283355,13.4630575,15.108642,7.988742,0.05153937,0.48445854,2.4930437,1.5001657,2.9578743,0.27359548,7.4779906,1.7281879,9.02768,0.47850072,3.731232,2.9897926,3.9994693,1.0450515,5.6074195,4.558768,5.593932,4.782874,14.601463,0.43776447,7.6831675,9.177184,11.053755,12.248128,0.1734916,0.49926966,0.10123189,2.6202974,14.67611,37.48932,8.728736,10.169816,0.013726345,0.8080906,2.1483397,0.74157894,4.2863803
221319,13.229969,17.011337,6.506917,2.1875625,28.518133,13.806665,2.0627167,15.532639,1.5685742,40.437424,0.17877643,1.2232406,0.017063228,11.268342,1.7385212,4.01027,0.16572247,12.423931,0.07039466,8.404631,20.90492,9.241191,11.090626,7.604872,0.16503264,2.3665452,8.961408,31.078379,0.9504141,4.6605124,0.34789526,0.109651536,12.1029625,0.93284595,1.5515695,4.2998447,0.755816,0.63611454,24.153822,3.1727011,0.06791437,0.5839493,43.512615,3.4203198,4.4527845,4.794107,9.492009,1.9122066,0.3024087,0.24768284,58.16413,11.292437,5.1307354,0.10227892,0.80898684,0.023223167,16.573116,0.2790687,33.44615,66.738914,11.685151,2.4704945,31.947535,20.243816,7.384969,6.263096,0.3738698,2.0343566,4.8556542,8.232031,0.3810193,0.3011417,1.1282493,2.644596,6.8017077,10.632294,7.340729,5.811285,3.5302448,14.128764,0.07656884,3.4912224,6.6663265,4.9700027,12.878869,0.42621642,12.2110615,12.714417,20.001724,0.6476444,49.919056,15.005353,11.431119,3.1124835,23.290834,27.84086,0.8530045,0.1945103,3.481293,0.10673353,5.779669,1.136039,0.17880657,33.59443,12.796891,2.186501,7.603873,0.627777,7.262833,2.5541966,2.004528,0.006785806,3.2102125,19.848307,85.825615,0.6297782
223929,2.40485,4.372545,0.8994027,0.063929446,7.0903974,3.9910848,0.9777703,3.338136,0.5132849,8.491328,0.76453185,0.09136964,0.64469707,4.943491,0.7567395,0.90527034,0.20164599,2.8217006,0.26940188,0.94186246,4.6897016,1.9148035,3.2595227,0.38256606,0.06616996,0.5031879,2.3156872,7.1836157,1.1430035,1.4773692,0.3096378,0.16914985,2.0301778,0.0005573193,0.046827838,0.36633846,1.890646,0.72839713,1.0555978,0.2972494,0.4285243,0.08407713,10.093587,0.36473733,1.1623464,0.8069507,4.6707435,0.27942878,0.57765144,0.55654836,16.808834,5.3105955,0.2591603,1.0327847,0.8510287,0.034977674,5.1870947,0.09392233,3.254807,10.756391,1.3167914,0.36683568,6.1699586,4.379992,3.823874,1.6814857,0.67840827,0.31833446,0.71607924,2.2929597,0.18384178,0.6832136,0.19771537,1.1552248,0.86378783,2.189679,0.21065478,0.87449574,0.68178606,2.959843,0.08175398,1.252031,0.87668324,3.604681,3.2620678,0.00058038015,1.4307507,4.4562035,2.239681,1.0068287,0.11846355,0.46630594,0.8064886,9.378104,0.37795967,2.404443,5.428954,1.0548673,4.96489,1.8504652,0.79654515,2.2260923,1.7934842,0.6553152,0.59493333,0.8462411,2.2774122,3.5796635,0.58812183,0.9341654,0.024870437,4.1179566,5.76974,1.1857257,9.113596,0.002123646
224022,0.00083838415,0.0030202034,0.019294629,0.038696226,0.021262314,0.00027624852,0.0010351734,0.0019777888,0.00015600542,0.003040287,0.021781422,0.0016635316,0.0137925,0.010791801,0.09293889,0.01762834,0.008545767,0.00014064931,0.07086362,0.0022781328,0.0022570328,0.1584807,0.0092812,0.0071288995,0.0054792953,0.0004600302,0.004639405,0.021666078,0.026159309,0.019140156,0.0062171114,0.00022786068,0.03177685,0.0036720799,0.0044400264,0.005056362,0.0026195608,0.046943348,0.26134768,0.22711341,0.0005740328,0.0004421986,0.048837714,0.0006855172,0.010015302,0.012709352,0.018176267,0.015325844,0.13782161,0.062795155,0.0012535696,0.023039017,0.000100666104,0.10842017,0.0105156405,0.007275973,0.058787957,0.00021505283,0.039179876,0.080025196,0.014946882,3.3187032e-05,0.0121861575,0.00577211,0.00054434047,0.018237278,1.7232175e-07,0.01034836,0.14944877,0.18586947,0.021909364,0.010956084,0.0069145868,0.0023662134,0.0034767813,0.043522466,0.05573438,0.022715071,0.07648379,0.024374489,0.006795541,0.0039264075,0.24827234,0.0014158234,0.00885992,0.0038474163,0.62529576,0.008999526,0.015356512,0.018164987,0.08257335,0.00023774392,0.07403908,0.013737534,2.8342185e-07,0.053152047,0.001711068,0.0009668174,0.029457055,0.02190235,0.00066917954,0.20095462,0.00023043125,0.03712919,0.0014549277,0.052563597,0.85279685,0.0034674653,0.03151408,0.06111483,0.08668163,1.2570976,0.4145982,0.0073233205,0.0006285668,0.156792
227432,1.5934329e-05,0.026502583,0.17599244,0.0104585085,0.04947441,0.051466685,0.0009367182,0.0029175344,0.073068745,0.052922808,0.10264247,0.050377466,0.06571241,0.084657796,0.000711345,0.00015951955,0.0030736143,0.013243681,0.030502794,0.0069287145,0.07547646,0.0480209,0.06594437,0.06703544,0.0014681579,0.0012166672,0.005441079,0.062281217,0.01571854,0.013336333,0.0062790285,0.0072153886,0.051758267,0.025068283,0.060223155,0.03753683,0.000155739,0.00047495597,0.00600902,0.035334237,0.108692594,0.009244096,0.20137878,0.052367687,0.035734728,0.2644667,0.09762637,0.032762162,0.1558429,0.002809572,0.020152546,0.029737936,0.09540938,0.094063565,9.062802e-05,0.039211534,1.595194e-05,0.01398377,0.19408654,0.48949134,0.0016116912,0.09998158,0.06577776,0.0049621537,0.015043746,0.0076913545,0.014964792,0.004745057,0.035310555,0.024501825,0.1129138,0.0081718005,0.037010595,0.00052280264,0.5984304,0.47104686,0.019182721,0.010809982,0.05878582,0.021832975,0.054619607,0.00046625655,0.14080723,0.014454254,0.000714117,0.0040704827,0.119282536,0.13551043,0.00022153508,0.0005996053,0.0019990304,0.21106851,0.0017530019,0.03673012,0.34791276,0.20915243,0.07768635,0.016239975,0.055422403,0.0051516877,0.018971885,9.763092e-06,0.0006112146,2.2738504e-05,0.0071163788,0.005405279,0.06382586,0.043673795,0.00994717,0.6001862,0.3663248,0.17987889,0.034523085,0.0014834811,8.709626e-05,0.028131725
227533,73.81453,4.4618654,0.4981293,62.643337,19.337763,225.5158,601.1002,326.1243,68.9526,217.29655,399.46582,615.0598,2.6512885,2153.0059,505.7914,867.9854,0.33776808,2.288527,16.904776,903.53296,137.37408,428.30426,270.95944,670.96533,78.53252,1281.1139,132.17854,1019.83636,902.7608,3.2316701,1037.9033,147.09108,28.116796,351.27475,1169.0977,1429.4058,203.20625,538.9598,754.91956,247.93715,15.321506,1.4176159,20.511934,27.196402,466.82465,220.00131,22.755966,219.70009,4.291576,141.65158,360.55032,1683.8514,164.6291,91.66391,99.11148,88.63188,31.914156,312.50635,0.8814195,472.9894,23.680008,6.6836796,1338.9006,40.52415,563.0004,1100.7466,35.97659,23.273546,499.0222,69.38965,50.937138,38.367607,850.48035,1352.7997,369.29114,729.39404,1050.195,1061.0271,772.3501,403.26746,294.9067,1.230538,208.63228,287.48038,177.37143,666.1048,79.93727,383.78027,115.85232,522.9033,203.0268,589.40656,261.7897,16.24874,71.47135,42.067097,509.45267,1550.954,10.882522,479.85437,182.51918,334.7618,457.0101,17.169365,4.7943044,223.74356,61.464607,486.85837,2533.211,242.37013,140.3694,64.89569,169.67273,2.3229668,478.58405,582.3062
228434,0.6042882,2.6879983,1.2237335,1.8492204,2.5363674,2.183507,0.7208615,1.8409097,0.43244252,5.825512,0.007275322,0.17959206,0.0083967745,1.8290179,0.14071809,0.75109553,0.30588603,1.8653648,0.00025776646,0.045177165,1.4207249,3.3164616,3.275619,1.1349347,0.15070446,0.69615555,2.271482,3.5394242,1.6308738,0.9917034,0.109501995,0.0022283571,3.3177235,0.26285008,0.7107878,1.1559852,1.7951117,1.0195799,0.46588096,0.20503923,0.88406086,0.13267353,4.673212,0.7673862,0.4890479,0.29378873,2.2360897,0.005455637,0.14487834,0.00085097796,8.403858,0.65425843,0.0653852,0.20007984,0.09972848,0.035479862,3.9077244,0.72961897,5.431563,12.758186,2.366986,0.7074557,7.631347,2.0570974,1.3971709,0.060708907,1.7663715,0.22949876,0.715375,1.620896,1.7823302,0.7316006,0.00044228134,0.058571935,0.689335,0.0032110983,8.2126724e-05,0.03496462,1.3155646,0.23865697,0.79274344,0.5439633,1.7709755,1.2044746,3.821568,0.05272645,0.30382583,1.792287,0.64549416,0.17965852,13.573655,3.7543635,3.220461,0.1206871,0.6443287,2.5238602,0.8304764,0.043524,0.0026713675,0.10739652,1.2732661,1.4900315,0.747316,3.656491,7.025056,3.9084857,2.349206,0.77262384,0.22615217,0.006086177,0.27301824,0.52841264,0.29042062,2.184297,26.380745,0.11058779
231928,21.546665,27.724094,9.568826,3.6121094,35.893276,30.684023,2.090948,22.961927,1.0886108,96.04494,0.12142368,2.5850723,0.0051947213,18.546335,2.720196,9.894566,0.113652386,22.24287,0.0029936407,12.676789,34.430202,12.635101,13.620855,11.251159,0.28958246,3.061231,13.313701,42.37421,0.9767015,7.765123,0.19959444,0.0016466908,18.514463,1.4748298,0.18556981,3.6322968,0.15126044,1.7857344,41.67369,4.2430596,0.20399125,0.13001323,68.891525,6.8145027,8.349247,4.916808,15.122275,3.151365,0.9260729,2.5085676,94.46721,23.4183,8.063344,0.5115476,1.0793214,0.1667114,26.079008,0.71932316,70.30929,122.19201,19.687284,5.8259783,52.48276,40.636528,10.337938,12.625129,2.045215,2.8945537,6.2429543,17.614128,0.14964527,0.5382882,2.9196339,4.7537155,14.3954525,15.585721,16.624567,15.157756,8.23148,26.439941,0.3711281,6.4565215,15.047601,13.053348,25.9,0.25510114,18.255936,26.37246,31.599777,0.57510704,80.585045,24.346191,21.453188,4.531112,56.68316,57.67977,0.0023335607,1.5612274,4.628978,0.00017614565,13.405859,2.4773796,0.8370932,46.989952,19.557951,4.2797303,28.681204,5.0221395,27.618128,14.289562,5.7719474,0.04659041,10.778679,35.410416,146.3152,0.5075675
233326,0.5327911,0.12880802,3.8770196,1.4885795,1.4933342,3.282783,2.1564083,4.5714517,4.039101,4.7990685,8.955811,6.9572077,2.721216,35.20681,15.812681,21.977217,1.7481349,0.0016519824,1.9990944,26.91778,3.0754478,15.2600355,11.04316,5.8127947,3.4718313,29.024763,2.3901625,21.256067,9.934367,0.0102085285,16.861734,0.74119467,0.049094062,6.689543,23.337233,21.739382,0.19739038,10.1826935,18.72697,0.4347012,2.7187588,0.008187445,3.3913279,5.473394,5.1643333,2.9389362,2.1108005,8.47357,3.180081,0.46458519,10.650608,33.084427,0.28934568,0.003875432,0.048387885,0.74616265,0.9932109,4.3697205,0.7768872,10.807548,4.3341072e-07,0.10641434,20.779995,2.7072208,5.607743,19.4242,0.006707969,0.085176095,3.601404,0.4030833,4.3744063,5.233599,13.044405,23.302181,5.1773667,20.44678,25.700855,26.450102,13.267361,0.06778195,2.0266342,2.8961265,2.9466474,3.5692005,1.2813065,7.9909496,1.8125067,13.17356,0.30778256,6.01232,4.4874907,5.5363407,2.2196958,8.887365,2.7253346,11.504412,8.0035715,23.724237,0.17659168,13.315946,10.169995,13.481122,11.775675,0.07540473,0.0029178306,1.752828,9.993501,13.691929,44.742104,25.175592,16.776636,0.2564215,2.0220385,1.343781,4.5124207,10.281065
236130,0.7116289,0.62994176,1.1251273,0.5498783,1.2264189,0.87104595,0.6111016,0.2834179,0.047687784,0.70923966,0.15544912,0.12717286,0.04986006,0.4323196,0.059750006,0.0151710445,0.21345437,0.2686567,0.37326726,0.053723276,0.9170941,0.65015453,1.6557013,0.014405731,0.014517248,0.26429087,1.3982265,1.1762782,0.30755293,0.08064651,0.3945819,0.4985117,1.0905253,0.017462984,0.14745843,0.46223605,1.3552402,0.35013777,0.09525624,0.3325874,0.9114334,0.027750209,0.84965986,0.27590218,0.5610191,0.1509093,0.5883129,0.07921999,0.032127835,0.06179214,2.0197997,0.40623397,0.24925382,0.005855378,0.009763926,0.17128919,3.3626544,0.07616627,0.84723365,2.0611923,0.19730149,0.03123398,1.4024365,0.21684873,0.0027853716,0.06907492,0.26179692,0.045877907,0.6734205,0.0001949616,0.10756299,0.28406453,0.011196699,0.14433771,0.75886154,0.045888644,0.006408612,0.014153068,0.002148012,0.11340789,0.029405933,0.13761894,0.6890432,0.23116234,0.20349583,0.051233247,0.0036764587,0.7942077,0.35507777,0.012749335,0.68754935,0.30059254,0.057893746,3.3249016,0.41534892,0.1894056,1.0293424,0.49457237,0.67977816,0.29259905,0.6515512,0.2254804,0.060343318,0.03886509,0.32885376,0.081209116,2.7915483,1.2442689,0.008399638,0.533154,0.9652682,2.2042682,2.311422,0.22048198,1.6960604,0.0112303
237334,1.1031679,2.5600142,1.7147683,3.005314,4.780938,3.2532187,1.0087016,1.9748403,1.4482958,4.9511213,0.33339155,0.27745593,0.08333584,1.043057,0.02147661,0.8284241,0.003674007,0.98033786,0.1049694,0.47706392,1.4846054,1.9572002,3.2218888,1.4315999,1.4031594,0.9552904,3.3496833,3.6159265,1.399797,1.1978954,0.16617003,0.0003215779,3.1897519,0.49476796,0.00283678,0.020202544,1.65759,0.9888121,0.629443,0.0035574618,0.73341733,0.18735598,4.4623137,0.2903756,0.5367317,0.1807248,2.3354948,0.02333906,0.008356908,0.020623164,4.6738076,0.65502924,0.049720418,0.087040134,0.010362441,0.01601055,3.6774294,1.6679829,1.685425,5.8980255,1.4651163,0.3107556,5.6676726,1.6819773,0.54099023,0.25141773,0.54474294,0.100481994,1.1843764,0.10792304,0.17678206,0.011484813,0.002142556,0.09720187,0.22939195,0.19580834,0.018519858,0.07113367,1.8455514,0.7183691,0.26954374,0.48787647,3.6096208,1.6914325,2.0444014,0.0032018875,0.28918698,1.1854056,0.096064806,0.032805398,2.7527945,1.115385,1.1396906,0.0088271685,0.030437162,0.42505598,3.3507712,0.61933327,0.5170897,0.006505074,0.19250546,0.4251609,0.25535217,2.8800297,4.9324574,1.6465386,0.16429213,0.110196464,0.22264768,0.23152067,1.1908889,0.17425123,0.50401586,1.2776442,15.60529,0.9875259
238033,0.01422396,0.0006187382,0.07295343,0.0002686857,0.059561696,0.2001158,0.012133202,0.041582104,0.10323861,0.050677273,0.18906382,0.09807826,0.054761954,0.010174375,0.110970356,0.15010022,0.13535762,0.0024486324,0.01120061,0.044306137,0.30774316,0.37896857,0.23305315,0.003982841,0.0058958214,0.013887598,0.15403177,0.030509686,0.030609256,0.049303744,0.007359849,0.10030228,1.21724115e-05,0.0028174066,0.11192148,0.007227621,0.11288412,0.033287894,0.024334963,0.019428108,0.0069119055,0.0014306847,0.2522186,0.14043552,0.0096433265,0.015339115,0.1277061,0.16720927,0.1234168,0.30360126,0.10498388,0.062350005,0.7502615,0.2199677,0.0643738,0.08608212,0.03339773,0.072951816,0.7970411,0.016338307,0.0016056381,0.00030432275,0.043208107,0.045507517,0.067032814,0.0056374236,5.638958e-06,0.004007948,0.06378927,0.04256068,0.2134194,0.33902264,0.12274681,0.021425607,0.027537879,1.3925245e-06,0.0053838887,0.055899788,0.06913383,0.016968628,0.090012275,0.0048365775,0.08275928,0.017575033,0.083978266,0.02235282,0.12746657,0.015139155,0.010671476,0.010175866,0.10425833,0.22712228,0.0003452592,0.0064267567,0.013352005,0.14893268,7.7564364e-05,0.0024240722,0.005650266,0.0019607863,0.23102586,0.021952422,0.13679504,0.21162087,0.17606857,0.20694472,0.011036999,0.10900607,0.6439745,0.27768913,0.21421035,0.39009216,0.17334038,0.015963761,0.0016787238,0.124034576
239136,1.4754949,2.830444,2.438512,1.7382066,4.1871514,2.133529,1.2213238,2.3422856,0.5075261,6.4340715,0.7380987,0.015595398,0.40356693,2.091748,0.020698229,0.97477245,0.22918959,1.4735228,0.03959882,0.6393058,2.228421,2.1252182,6.3783226,1.1788466,0.1917229,0.78687805,1.748335,3.231446,1.8739977,0.92061937,3.976968e-05,0.18063487,3.3184245,0.054302976,0.20071141,0.3145103,2.8075438,1.30106,0.88133085,0.1618634,0.38550553,0.02464203,8.757177,0.296018,1.4004616,0.11947723,3.2132041,0.06784602,0.006079539,0.16628931,9.725609,1.6552923,0.5650488,0.06946491,0.08688405,0.1023388,7.019909,0.3618419,1.6278037,9.024928,1.8266565,0.08163503,9.220572,2.0126998,1.206279,0.046131436,0.571198,0.3380186,2.8871284,0.400777,0.33642867,0.07440129,0.11505857,0.85926634,0.2364631,3.4134998,0.0138377575,0.20166187,1.6296031,0.8156624,0.5479231,0.40137675,2.5315852,2.111141,3.1832771,0.05512358,0.97766495,1.4468696,0.5167803,0.0006688242,1.1268115,0.01657826,0.011005319,1.6332383,1.4362137,2.5193186,3.6129818,0.5581657,1.9115738,0.18530609,0.08619135,0.040809218,0.08383027,3.4646428,4.587993,0.1926972,0.03650551,0.47700268,0.42658806,0.12067219,0.75922173,2.35716,0.72903645,2.0762327,15.184798,0.31044656
239944,0.019888725,0.45373628,0.2934728,0.46253887,0.4607712,0.24271657,0.20222154,0.15483111,0.009914815,1.3813924,0.13723738,0.27126417,3.4959918e-05,0.13658403,0.1547329,0.02493102,0.0004680666,0.51420546,0.012150291,0.036852192,0.016845439,1.8051131,2.2425668,0.07454835,0.16972342,0.1877786,0.97239137,1.0085119,1.0344594,0.20971023,0.010111247,0.10042362,1.1604096,0.010601413,0.05914114,0.027178695,1.0907061,0.6634373,0.38564914,0.058290165,0.856737,0.3949388,1.1262503,0.009639768,0.26166993,8.9281726e-05,0.912187,0.14590076,0.00397188,0.013238169,1.9328334,0.53082204,0.16072583,0.0044554416,0.0029964168,0.006200058,1.6059837,0.13473278,0.41419607,2.2858682,0.43759704,0.16838607,0.71086204,0.40034953,0.07922427,0.15357853,0.019623995,0.11145146,0.13554697,0.10269604,0.31844035,0.011521727,0.053431287,0.19725914,0.43124285,0.0011696755,0.08305599,0.009962346,0.6223091,0.12774202,0.0010780677,0.51177275,1.4050282,0.6056621,0.27305984,0.022376677,0.046157766,0.883506,0.10497685,0.08800555,0.14913574,0.029665146,0.07130813,1.2746549,0.0878647,0.16631716,0.9153669,0.042337473,0.5960212,0.0011889951,0.38505313,0.049778372,0.12567253,0.027053485,0.5712998,0.00027601433,1.4478449,0.12349408,0.048041474,0.5950933,0.4668507,1.5155112,1.0187747,0.18754664,1.9286473,0.45626438
245333,103.81646,116.32322,78.843735,18.532818,145.262,76.894745,34.33446,102.760605,11.848584,309.42233,1.308411,14.238762,8.470001,97.71353,2.34449,72.12821,0.22700551,83.22555,0.30967018,27.047472,132.65594,25.496748,46.096905,33.363613,0.121110566,12.863242,73.164406,154.46481,2.0738862,23.747126,2.4646816,0.0029301685,69.80455,2.989277,0.84984404,13.656062,4.621377,2.9771342,104.19552,12.926751,13.483177,0.0981265,243.361,9.025281,29.332243,25.006948,57.30579,3.4885576,0.9215327,11.351542,306.45993,95.827835,10.477036,6.040735,5.842311,3.0196717,83.70428,3.295502,189.31258,372.21762,69.48951,37.873222,130.42097,146.60693,12.700923,69.25674,8.770365,32.882336,0.26420873,95.1751,2.398656,3.6249285,16.515938,25.5928,63.62039,69.100464,61.079136,50.100277,16.478981,87.480034,2.9244218,39.91212,53.89222,43.133617,91.44281,2.1372924,43.812252,146.7473,73.48526,0.47288534,218.22926,34.976913,35.58575,71.151245,154.14818,197.05296,0.50273764,0.46283454,39.571545,4.0003557,23.200071,0.7208641,0.1688272,92.06617,76.04812,22.867876,30.78852,2.3570335,69.46283,42.510754,0.9549785,2.073936,65.77143,89.26924,497.2788,14.725856
246133,0.008350828,0.00028410312,0.005892838,0.0096813515,0.08985659,0.03183491,0.035046544,0.06472295,0.04247519,0.059300173,0.0483481,0.013944046,0.002757578,5.566936e-05,0.049670953,0.0575958,0.016359875,0.0024627391,0.058659174,0.0063336706,0.22690684,0.0077397623,0.18460876,0.1407214,0.026863646,0.0028302027,0.009210213,0.18804106,0.012602786,0.001730455,0.08303115,0.10615061,0.029513137,0.03466865,0.02270256,0.17610338,0.007073754,0.018148571,0.019295739,0.028247971,0.011349786,0.044305585,0.010818077,5.2168843e-08,0.0009192728,0.18477675,0.06819359,0.011517367,0.13316731,0.028603092,0.13835108,0.18925913,0.010137565,0.0007944519,0.00070258736,0.0024119965,0.09317159,0.0020485658,6.712747e-05,0.013687211,0.004542339,0.0029861154,0.002871096,0.048700873,0.009192866,0.090949856,0.051077,0.0013466895,0.048342306,0.17511946,0.40610513,0.07149879,0.0111212935,0.00034666053,0.0047181197,0.003405442,0.3071492,0.14769156,0.17373711,0.06228144,0.041228827,0.006600809,0.04395574,0.00074911234,0.029664284,0.012581543,0.0721019,0.090098955,0.023623303,0.00013075313,0.30321229,0.09626948,0.016778626,0.03165642,0.21010835,0.8766949,0.004500921,0.0027336045,0.048413757,0.20450267,0.014976986,0.02104825,0.03483105,0.084502414,0.10127153,0.08564157,0.57769424,1.3360122,0.27256057,0.3857527,0.0002577215,0.02665392,0.019803563,0.28920987,0.628361,0.28889993
248339,8.975735,1.3442388,0.26977462,10.810582,4.7524076,36.043564,86.53407,53.422806,14.491773,31.809744,81.244255,99.28655,1.6971209,324.78525,91.98047,138.20079,0.026628567,0.05602889,5.7027183,166.46169,26.52135,83.81643,51.68568,115.10526,20.876638,206.52238,19.743612,159.45976,147.22275,0.092109315,161.61417,27.439106,1.7173569,67.98729,214.86806,255.09683,20.535982,102.410904,134.4549,44.45351,2.7863867,0.41210508,0.069451146,12.5842495,63.464874,38.3968,9.179678,47.528816,2.665891,24.750677,61.751152,239.89165,15.412544,13.709021,10.19914,17.37057,3.0023727,60.957146,0.8021373,100.23652,0.6020732,0.082558684,257.60928,3.4383874,115.12008,145.36063,1.129092,0.29909533,95.32016,12.414511,14.790585,14.20084,155.62975,255.34113,61.316425,127.81099,195.39383,201.1577,129.9773,80.29439,54.242386,1.2723036,25.02898,39.97026,30.279108,78.68477,11.693886,62.649014,9.690152,82.826584,34.24694,83.39924,38.214775,7.012548,13.262299,10.167598,84.97663,249.09071,1.2199801,84.82064,30.104715,58.099743,71.6346,2.883514,0.4095095,40.370052,11.012085,76.04822,365.12738,54.28107,27.10313,14.882312,23.000597,0.26468948,79.35851,73.997116
249947,0.0673381,0.023848746,0.0007183442,0.044168636,0.004009956,0.02030487,0.0456534,0.063019365,0.19682607,0.119706854,0.005758551,0.0003522741,0.015039038,0.01485405,0.029652273,0.009685809,0.037346277,0.019229658,0.049805667,0.009325089,0.094820365,0.030584067,0.031942584,0.016510623,3.3569613e-05,0.0003008887,0.025451072,0.006427416,0.022046842,0.094155505,0.008009878,0.00053063,0.03756677,0.00023277971,0.00055784854,0.010376878,0.0981997,0.11137805,0.01581158,0.016889121,0.045748096,0.0005807155,0.45448375,0.04229814,0.21883161,0.001836456,0.062032387,2.5550116e-05,0.00010435321,0.02112504,0.0016982687,7.980075e-05,0.041815456,0.025920428,0.015231334,0.06582424,0.033641934,0.048275072,0.025019007,0.022731308,0.0035756514,2.5940858e-07,0.019501103,0.17346469,0.004888332,0.00431768,0.018907838,0.0365654,0.019531647,0.34292516,0.053242233,0.046934463,0.049240544,0.024084534,0.02080594,0.036915667,0.0032960793,0.0095096845,0.13779494,0.0010805188,0.02237218,0.026269691,0.0011291625,0.012267997,0.015375929,0.013951704,0.022562334,0.003394522,0.0084913755,0.03652953,0.1388883,0.0036018672,0.0646016,0.31305304,0.0024015866,0.18386713,0.008429917,0.0052853716,0.039875947,0.014785031,0.20353551,0.16207154,0.06575535,0.092616566,0.0126534365,0.06827503,0.11936553,0.11258751,4.996248,0.30277002,4.075051,0.18918425,0.00043109886,0.03083858,0.013470398,0.1810126
250427,0.31542325,0.25500152,2.6012983,0.63572156,0.5846345,3.8435154,1.8837928,2.452397,3.3467238,1.6081638,6.9661746,8.795161,1.8034961,25.17668,11.328156,12.672199,1.8945203,2.9013436e-05,2.1707633,18.407742,1.6687461,13.307579,12.863777,4.763918,3.6008596,25.610003,1.2981628,15.02096,5.2812133,0.064617634,10.936338,0.5678943,0.006397051,4.594521,8.409973,7.6925483,0.49357155,6.107183,15.220322,0.3601828,2.5807462,0.021490697,3.8518026,3.848937,7.143501,1.8590487,0.3751058,4.57862,1.5762801,0.080452085,5.154595,28.85479,0.19779687,0.3342995,0.19112891,0.2800784,1.8302749,3.4740324,0.040527716,7.823998,0.19303882,0.07852918,14.876101,2.0009317,1.287186,15.170141,0.05592021,0.40598586,2.285538,0.7461287,3.30217,5.589652,5.012467,12.322474,1.9073725,12.727544,20.156519,19.86021,9.233819,0.89518785,0.3019742,3.8457143,1.3495095,2.796487,0.6364047,5.034693,2.07508,10.28906,0.394346,2.677713,1.7717503,1.4531693,3.428572,6.251079,2.5943956,8.764259,5.4517198,12.024689,0.0017035317,8.662112,5.6218233,9.329917,9.388452,1.0131752,0.25095224,0.83526444,6.262335,8.453917,44.772263,22.988707,16.867895,0.6312634,0.0012770245,1.6666517,2.2537115,5.2423778
250932,1.4044144,1.5152975,2.1140678,1.4920405,2.032821,0.60741204,2.169278,0.7760187,0.17153375,1.280606,1.1738638,0.45149627,0.039017923,0.45771778,9.584066e-05,0.12898062,0.034530174,1.3137002,0.91757923,0.99068654,1.7749231,0.8459346,4.639448,0.06731904,0.06796449,0.21797869,1.5747623,1.5287625,0.6993668,0.33750883,0.017703721,0.22538829,3.2126966,0.10717322,0.21331792,1.2641687,2.0442326,0.44600645,0.37303168,0.14280373,2.0956643,0.41993767,3.2737267,0.043031212,2.1265547,0.019516006,1.2911747,0.26355907,0.6600255,0.040691774,3.6757147,1.698018,0.298428,0.21214277,0.39230624,0.17082787,3.1574662,1.6780523,0.747078,0.75898546,1.5746474,0.5148542,3.4122806,1.1306021,0.21094617,1.5847849,0.078871,0.08135074,1.3667626,0.0058404095,0.02571431,0.3567507,0.18992856,0.22155222,0.19659665,1.284235,0.06134329,0.0898111,0.17145109,0.3015949,0.018741367,0.61835855,2.8595774,1.2670081,0.56856877,0.024231715,0.36382157,1.9584014,0.33708102,0.6029637,0.16712485,1.4678009,0.07001687,5.8577714,0.18546332,0.018434875,1.2692174,1.600676,1.4677901,1.5178134,0.5019629,0.4420505,0.04793463,0.07795721,0.49681985,0.25677955,1.2187124,0.26960388,0.0031471644,0.017657658,0.40910667,0.44295076,4.356309,0.59910876,1.5186965,0.014058244
251833,1.4482999,1.7750498,5.669871,11.777231,5.3069587,23.244041,35.544773,36.82014,11.598136,20.571756,53.004765,69.417786,8.149113,200.6667,67.07756,121.04171,0.7696892,0.085675344,8.657343,116.74523,17.402742,58.292965,45.89806,70.32636,15.008684,147.27048,19.123072,114.2432,90.88983,0.044202715,113.96923,13.05739,0.6746361,45.534824,114.51875,159.08347,6.50839,61.070194,83.13,21.050999,3.4526489,1.3586863,0.6358303,8.715526,38.230865,21.757847,6.844928,37.33743,0.7799182,14.641923,44.884323,176.53119,13.21622,3.6093037,7.031603,7.1737704,1.1231481,36.572834,0.3677892,56.20095,0.3954847,0.5934153,156.906,6.1774964,55.14287,99.94505,1.656488,0.16647664,49.67802,2.422107,8.470012,8.07506,94.71096,152.4354,36.553402,85.42275,126.64159,124.29693,73.178535,22.89542,29.713434,0.29991868,21.022636,32.83649,16.866488,51.21047,10.450632,40.45182,7.6207495,54.820984,26.437223,50.54822,23.135782,10.284124,10.587898,14.602218,56.349163,158.85878,0.63865054,62.237503,26.856037,36.362755,48.346695,1.0536718,0.25028375,18.874792,21.418453,44.173664,267.02017,53.456577,40.41031,9.904727,19.275087,0.37658873,48.519226,46.688404
255639,318.3743,314.09213,257.08353,35.78109,411.9142,172.9796,145.44832,270.41605,34.766514,748.71234,1.9743826,28.118435,66.37512,270.09528,4.6589274,191.7828,0.028527174,184.0819,6.3705072,45.621548,348.8705,29.473404,83.42457,69.56952,0.22294676,31.000408,193.95073,383.01334,0.6110807,34.79264,1.686204,3.7982836,148.57117,2.7343404,1.5721828,21.659145,15.881572,1.1510168,201.14703,53.506165,49.00245,8.728367,623.32245,27.790222,101.56376,73.19916,137.8564,13.210315,4.4126496,28.790995,774.8179,267.03906,15.32733,17.801144,17.934034,3.5819182,217.87636,8.473506,437.53732,873.57056,172.31427,76.10391,300.3794,376.17514,31.447266,208.25163,25.904743,94.95623,0.68343306,247.70665,13.825546,25.392233,57.323204,96.288246,175.28656,216.40115,184.9029,172.08655,36.728985,179.52518,4.8782945,102.3726,86.85223,79.42372,218.9397,6.079575,114.651054,375.15216,149.76909,3.1049855,435.78586,33.434166,56.60387,255.74832,357.50183,505.81793,4.7421136,0.124956444,142.90279,32.48591,36.955963,15.586007,6.4330764,175.58386,144.8677,39.860455,63.14225,2.1484468,215.32353,155.66257,0.3702726,9.909062,247.99707,162.94188,1206.7034,88.36082
255740,1.820526,1.5604122,0.9983113,0.0175264,3.6755698,1.1492096,0.9667726,0.96972513,0.092861205,1.1386249,1.0225649,0.1472914,0.36479738,0.5975208,0.0035976046,0.2935899,0.16261145,1.340251,0.5136722,0.40329888,1.6503359,1.3781977,3.4316642,0.08264742,0.00032189867,0.15607792,1.0734482,2.8444457,1.2445197,0.89618576,0.025316574,0.067543894,1.982073,0.0907441,0.04408542,0.09901417,1.6580833,0.29079092,0.01116399,0.13946597,0.66059005,0.0065816026,4.3872743,0.18118177,0.587974,0.15648068,1.6519563,0.15136701,0.21193983,0.042856146,5.8999295,2.5193489,0.5394742,0.35605034,0.74041444,0.23052335,3.499552,0.6011959,0.64652926,2.4855483,0.7349879,0.22733217,3.6690853,1.0803819,0.38388532,1.2085531,0.030576363,0.023906281,0.3756619,0.13729544,0.014557557,0.2703631,0.021177884,0.16136412,0.046159655,0.9472971,0.027986294,0.14539163,1.0629205,2.7333696,0.002770939,0.6291343,1.0716522,0.59825635,0.8141507,0.0020425003,0.25416917,1.5346259,0.4154308,0.41452911,0.21412641,0.6305446,0.12050408,4.1716094,0.086644925,0.9210741,2.1108818,1.4995942,2.1708987,1.2896671,0.14455456,0.93907946,0.14760931,0.110266306,0.11684982,0.14288977,1.0707275,0.23383676,0.1531311,0.030241441,0.07860625,2.777261,2.9411845,0.33621338,3.473492,0.009857844
256540,0.29376847,0.028897798,0.45157173,0.29686204,0.64045376,1.5087583,0.2185563,0.6331112,1.7393891,0.87587506,3.5418575,1.2070847,1.0748621,4.883847,2.7340906,3.8260698,0.048412826,0.16525137,0.48656353,2.9345357,0.50207824,2.5206687,1.7474903,0.9030528,0.6601542,5.0487604,0.4623543,3.1098154,2.1334944,0.4400638,1.8328573,0.12253379,0.026900977,0.42711526,2.3242097,2.3143604,0.022182705,0.8051088,2.7902079,0.033616446,0.050858848,1.21645,0.030302191,0.3876198,0.56785774,0.0066596707,0.25942764,0.6721348,0.0075031077,0.015378516,1.1892687,4.2411265,0.018659158,5.4650927e-06,0.05362464,0.06971784,0.094478756,0.7003989,0.2626772,0.26935282,0.0011504687,0.03536667,1.4696873,0.96862733,0.87820476,3.4312403,0.0021683045,0.03179549,0.043959726,0.032896273,0.32771018,0.9334755,1.5871248,3.395874,1.7914023,3.2981534,1.1214926,2.4866667,1.4632988,0.02528487,0.0693294,0.2242276,0.21914786,0.9876738,0.0004955744,1.4565719,0.047976032,2.2335162,0.00013704706,0.54486656,1.1250075,0.84112805,0.050460137,3.1023574,0.013944721,0.901753,1.662331,4.994843,0.15356128,2.1980667,3.264715,6.13134,4.577227,0.058691226,0.0031351317,0.63715124,1.0052136,5.232558,7.5394125,2.4570687,0.8536135,0.016994415,0.014006024,0.3989591,0.18086398,7.3190846
257542,85.795815,94.114975,54.79777,5.514074,142.5198,65.294785,23.09945,74.24088,7.7283797,223.29173,0.2677306,5.2602763,7.668432,65.2885,2.3854373,51.343998,0.016393788,59.632027,1.5317808,19.03189,91.83879,19.46367,27.9835,26.038523,9.936395e-05,11.513057,51.261528,125.29695,1.0254825,14.28762,0.3198777,0.32259592,46.973167,1.6552484,0.039938267,12.228073,3.5649757,1.9149793,78.468605,14.765219,8.387131,2.0653515,174.02998,15.457955,23.323668,19.305887,41.51728,8.226917,1.9340739,5.6966357,255.35335,78.97021,13.535251,3.8427703,4.3745627,1.0685468,68.012184,0.91531575,129.68404,301.96863,55.18994,12.902435,104.8915,109.90894,16.654863,51.352123,8.295735,20.859064,3.7345428,61.666824,2.8012357,5.5358725,9.686931,17.805561,38.069084,49.684345,46.26635,42.20618,14.643996,72.89696,1.4549803,26.647087,36.093803,31.653484,67.03483,0.044957034,58.287354,99.358826,63.34103,0.14014761,171.16397,22.207872,31.162518,59.43555,89.90873,150.89195,3.1272666,0.0024032067,27.46564,5.157316,13.388317,0.8376025,1.1689249,77.576744,42.323055,11.190118,20.86715,0.18149684,56.38868,28.19294,0.41563678,3.0445344,65.438644,60.83238,372.2343,12.2776165
257845,0.06019402,0.3519065,2.7439065,2.0852833,1.8675634,2.100191,0.25257495,4.2160716,1.2900064,1.7171166,5.7917476,4.365485,3.4830089,12.021403,8.003425,9.648216,0.007917927,0.06362472,2.191172,15.372876,1.4663327,7.564795,5.100211,3.2347825,2.8192084,12.257954,1.1000739,8.885377,7.8421974,0.045543417,8.797725,0.6270817,1.1274238,4.28429,13.511934,14.328278,0.34620032,4.57645,6.192144,1.0156938,1.4466628,0.9908924,1.4025548,5.4152794,0.22844166,3.112627,2.712817,5.5822406,0.77930194,0.90069985,5.990262,9.427678,0.030978842,0.0073549305,0.048346184,0.7478282,0.004048669,3.4140375,7.239514e-05,1.2630954,1.0952301,0.12773632,13.321982,0.66850156,6.63069,7.181641,1.0479363,1.1316026,1.360678,0.08890082,3.7362635,2.948229,8.107945,10.914372,5.418994,9.012286,11.831988,10.813381,10.319536,0.95727795,3.1762815,0.44930714,0.96740896,0.83103305,0.33927554,2.352517,0.34688926,8.11084,0.01112272,1.5850257,0.58375347,3.6548877,1.7628317,3.327419,0.00093909487,8.639116,8.171093,15.682651,0.0028555794,6.0419865,3.0358133,7.4763083,4.884252,0.046147358,0.6166426,4.1351423,8.014563,5.1986337,19.455317,7.818857,9.424211,5.119614,3.458044,0.26328698,3.2700891,9.301089
257946,0.24357837,0.030817483,1.6305115,0.80959255,2.2250912,3.104041,0.3655228,3.0908453,3.5494478,0.5117821,5.9635124,4.119139,2.1141257,9.085741,9.096728,9.522219,0.033188984,0.0073916735,0.4380645,8.271382,0.5707766,4.0379715,3.6707618,1.8485817,1.6373366,11.353525,1.98552,8.264109,4.071295,0.2320922,5.116846,0.2725987,0.07569091,2.1020477,4.775274,8.946384,0.5277036,1.7397531,5.348504,1.8591348,1.366378,0.1680323,0.6689181,3.8431752,0.8208381,0.40479687,2.0389361,4.3594623,0.5168637,0.06718537,3.8763206,8.500568,0.058119547,0.4371088,0.33282757,0.93162507,0.1150612,1.6576247,0.09218643,2.2562528,0.2765192,0.11711015,6.205501,0.8122605,3.224483,6.4044566,0.36120623,0.18652962,0.22378121,0.10212488,1.755562,1.7498996,4.3725314,8.228287,1.0699285,3.211087,3.855352,4.837156,4.2791047,0.023912098,1.7274586,0.25632808,0.71056557,1.5335976,0.45802438,0.9182635,0.13241458,4.161807,0.10699436,3.7384045,0.29247698,3.841517,0.64865077,4.1158004,1.420682,1.9073033,4.10339,12.067357,0.0010243609,5.5802016,2.4424062,5.5766263,3.911129,0.37571123,0.28433335,2.8870518,4.509906,5.4433994,9.624946,4.4118743,8.6280155,0.45455977,0.41376564,0.25655887,1.3054708,4.114562
263436,0.14519857,0.022401351,0.73144674,0.670072,0.18722212,1.0914692,0.0030187818,1.3343292,2.098181,0.2607712,4.929337,2.6436045,0.88541716,2.4700863,5.006914,6.2260237,0.01979614,0.02503978,1.434639,4.392577,0.05299695,2.4096494,2.2805223,1.2282321,0.78051937,6.3986793,0.028818266,2.6441448,1.1571714,0.00020378114,1.8951018,0.10014979,0.34433016,1.0270728,1.5170674,0.6031642,0.2507764,0.6456533,2.9434576,0.89560276,0.50117564,0.08284949,0.18449071,0.4319238,0.28807032,0.13882612,0.381389,0.6821722,4.0040704e-06,0.27579448,1.366917,2.9560628,0.008676642,0.03936893,0.2736635,0.533088,0.1528213,2.213491,0.23570038,0.39894313,0.2855395,0.18665455,2.5711048,0.034328576,0.5795239,1.5255587,0.0018222868,0.030064693,0.012457516,0.21009628,0.48867625,1.4340934,1.7419039,2.6889873,0.48321995,1.741593,3.2894518,4.0713015,1.2638972,0.0015013587,0.3765076,0.12956169,1.0196935,1.4835645,0.05404006,0.2834122,0.6071459,0.44580832,0.00085113966,1.3177338,0.28658754,1.0387572,0.40214655,1.1868265,0.44850498,2.2599566,0.65644324,4.6583676,0.07532828,1.9518044,1.6326485,2.4538987,2.9236386,0.027596703,0.6104802,2.0182776,1.2875792,2.3195355,4.753336,1.4467362,2.8157694,1.657579,0.06639563,0.16163708,1.1823326,1.2794408
268749,4.8487625,9.164032,3.8395224,1.8989024,12.639765,8.7997875,1.4307941,7.873051,0.66517997,24.020119,0.28347695,0.4613405,0.0042196317,6.28546,0.8234224,4.2100153,0.023973411,5.2812657,0.012319492,2.5664194,9.321048,5.397326,6.8927355,3.2977962,0.0942722,1.8748118,5.7306085,16.132946,0.8780925,1.7132988,0.004921953,0.022927132,5.523163,0.024323286,0.50835794,0.96370983,1.598878,0.68045515,7.845666,0.6750408,0.7001013,0.02307626,16.666367,1.5290909,2.3890605,3.9662044,4.575293,0.23298156,0.0050281994,0.38939172,24.068974,4.242324,2.1954923,0.35829687,0.02911095,0.015113131,8.782546,0.1620257,16.80464,36.167362,3.7105713,0.4041339,14.543287,7.3904014,2.1056166,1.2441695,1.5035422,1.9596144,1.770123,5.105924,0.020782923,0.034397412,0.57121223,1.1448065,1.3401839,4.5647807,2.0857427,2.1177742,1.3955969,5.444411,0.12885334,2.0650828,4.273846,6.350954,6.3923917,0.25292736,4.924262,10.768106,7.5450096,0.019136487,15.367314,2.731351,1.7082993,4.0570226,5.7680883,12.659522,1.7211839,0.0024318993,3.546697,0.011819282,1.292268,0.077858254,0.006788664,11.471923,10.130581,2.9908464,0.32942072,0.3346912,9.738975,0.7812389,0.084030405,0.99613494,3.5929792,8.722062,47.568634,0.98415065
268850,0.0091864895,0.025907975,0.00037645947,0.0011716272,0.034376524,0.0005884283,0.0070819226,0.020993702,0.022522172,0.040368002,0.04250699,0.0043970146,0.0032058922,0.058368675,0.0012423781,0.080299884,0.011659297,0.015325513,0.035785742,0.007076797,0.07489304,0.049928207,0.00028244287,0.06527234,0.05208828,0.013229568,0.0012184246,0.016558701,0.011789214,0.020132523,0.019077627,1.0924326e-05,0.0017298352,0.02025082,0.06278509,0.053172745,0.12666515,0.56211346,0.07666021,0.0278167,0.08874721,0.29925555,0.16820776,0.026626237,0.09800478,0.00633953,0.0039421245,0.109589234,0.025469027,0.0042518834,5.3022155e-05,0.023666674,0.0441696,0.05789699,0.0059922314,0.044492718,0.056451466,0.0150671415,0.066653326,0.6487409,0.119375415,0.0021894635,0.01443979,0.0021044812,4.827048e-05,0.14997175,0.0940306,0.14679998,0.013758836,0.37488186,0.22993374,0.054671593,0.03449525,0.039290797,0.008373998,0.0073926165,0.010699794,2.7200604e-06,0.047991034,0.05324615,0.023202553,0.0068278955,0.13823232,0.010043127,0.050635714,0.06623097,0.0077545885,0.056497104,0.057463244,0.022047061,0.013064221,0.016402222,0.1806947,0.05603345,0.4875349,0.13955139,0.3152008,0.00017853323,0.021692323,0.042053945,0.0057977834,0.0015322628,0.015490888,0.054619525,0.03608358,0.011326417,0.028673785,0.42399725,0.3066918,0.19813919,0.013168225,0.0049105273,0.06857835,0.13814218,0.012236315,9.640049e-07
270332,0.022417974,0.18350714,0.047557294,0.22472441,0.012255825,0.2219127,0.1403842,0.25746277,0.5468751,0.00067066215,0.09326407,0.19982752,0.039118987,0.43097007,0.5804811,0.5345973,7.487415e-05,0.07610572,0.66821086,0.71131057,0.02215468,0.6347169,0.23100793,0.17274545,0.042817958,0.9992108,0.01751265,0.31973755,0.17024939,0.042160586,0.3308245,0.04660342,0.0062525976,0.12543252,0.019106703,0.06095241,0.11765153,0.033779234,0.2878238,0.016178856,0.40511078,0.024582436,0.041642934,0.101243004,0.56708443,0.07647304,0.06093119,0.17032091,0.034583002,0.11040714,0.16806342,0.39343825,0.08175447,0.49689883,0.011028609,0.049189594,0.022986863,0.513365,0.011306077,0.3678469,2.8671562e-05,0.000260249,0.560909,0.0016865624,0.1930926,0.70391357,0.010379028,0.027253417,0.08361386,0.23721649,0.44749683,0.64737386,0.000309567,0.24592367,0.038830724,0.38973203,0.2871223,0.7093989,0.6707656,0.50301015,0.22845162,0.12019937,0.07398626,0.14624207,0.2050349,0.00070358935,0.2973237,0.0943405,0.20585148,0.017893445,0.008097067,0.2653337,0.0016033199,0.0031084227,0.20806368,0.47568092,0.008461211,0.19253793,0.011777852,0.01772799,0.111471124,0.18398032,0.057871263,0.03475925,0.67748725,1.177371,0.01021964,0.34132978,1.4276106,0.13347797,0.48514256,0.47845778,0.2536963,0.08973385,0.21956445,1.9658589
274542,1.2130029,5.4046354,12.467467,13.575668,7.6619697,28.93171,17.454962,41.606606,15.263391,9.733572,45.170185,54.97448,12.162962,135.02037,64.024414,113.54826,0.41136917,0.064322576,6.337698,100.62431,11.344588,50.765884,40.69558,58.994335,16.703482,132.40448,19.642588,100.52559,82.56154,0.86988956,115.74112,12.971845,0.2537605,38.623547,106.00097,145.01515,3.09045,39.726955,65.93466,15.350087,3.9979541,4.1457167,0.9158842,13.335046,13.793489,17.147055,10.232051,32.34847,3.0443623,10.730873,40.553738,114.55431,6.755707,4.127114,2.3509479,3.4867465,0.018373534,35.13151,1.3918595,45.974648,0.25251913,0.0005616165,118.23234,3.413202,48.314137,76.61667,0.0044348566,0.020903654,22.36295,2.3054636,12.22147,8.684205,77.30646,105.81689,32.772484,51.84015,97.36307,83.74909,60.14456,14.635381,25.446085,0.04097306,20.910742,17.924711,12.58412,42.025997,6.7456827,36.458385,5.0652127,43.43602,13.34594,47.106136,23.75688,6.754049,8.617079,10.594306,53.925377,145.15514,0.24229617,49.759407,27.015495,43.759277,45.879112,1.6220536,0.19520451,19.18872,18.587097,47.76687,193.6291,36.52662,36.424572,5.09712,19.133574,0.10056104,34.822853,40.2167
275645,0.08927723,0.09693529,2.123399,1.6631823,2.1266732,2.3312109,1.8054302,3.08994,2.4576733,2.2541347,8.697658,6.4575977,1.6748143,18.705372,10.8559885,13.721496,0.0066857776,0.5501699,2.0225554,22.591541,2.4701774,10.091557,10.497905,8.773975,2.5915062,19.978199,1.2314813,14.563683,8.80315,0.185095,10.865606,1.6374196,0.003493342,6.268424,17.011314,17.353422,0.53146327,10.2582655,14.077483,1.8916159,2.1333647,0.045529157,2.3849382,3.3302727,1.7994512,4.8497505,1.7757881,5.3340344,3.2695105,1.5502449,7.4555416,15.533262,0.0035062972,0.08803133,0.17384765,1.5924805,0.020754525,5.9082785,0.9340339,14.313369,0.076653026,0.46629795,19.00982,0.2773208,11.445482,9.064372,1.0558046,1.283602,7.573998,1.0508872,2.54035,3.9463093,15.0787325,24.079441,9.290705,19.60123,22.473827,21.807383,9.749451,1.5183975,3.444758,0.11744918,0.8376892,2.9705403,1.9041674,3.4722328,1.5564345,7.0811405,0.0017604416,4.5519366,1.4432604,6.6503925,2.991752,4.724069,0.7474551,5.1789217,4.961429,12.793071,0.10135246,6.889391,3.3607306,6.535041,5.196605,0.014310697,0.0744949,2.069282,1.8623842,8.950083,33.03193,16.441477,4.4872603,2.2977762,2.1096003,0.40905437,2.6142132,11.5843115
280739,1.4600776,1.5594009,0.6146989,0.19176963,2.3705764,1.1858504,1.0782189,1.2977067,0.23675205,1.3422523,0.8283232,0.001619553,0.47734392,1.1219379,0.17850344,0.0042980663,0.05465179,0.8431615,0.41223833,0.3022237,2.3025506,1.2179472,2.4807193,0.00064649514,0.0013945216,0.033690844,0.6932469,2.0504477,1.0248594,0.11915518,0.16510789,0.635773,2.3530183,0.0034627146,0.36750624,0.18612494,2.3347545,1.0097226,0.00074316154,0.13744952,1.2705532,0.0066921297,4.648282,0.75809896,2.6686676,0.07841856,2.298007,0.050219424,0.08210112,0.028421124,5.810082,1.6841476,0.08398488,0.0064827846,0.05665792,0.06022733,5.68708,0.25290614,0.68885547,4.814525,1.1037582,0.054265007,4.5392427,0.5135206,1.3816843,0.11035032,0.33418888,0.07036602,1.4728253,0.6140627,0.46266618,0.42673928,0.017590098,0.82000464,0.2520673,0.49958146,0.10607683,0.0014793786,0.4325039,0.17993239,0.15723999,0.24455594,1.679608,0.33396772,0.784436,0.38531289,0.17151465,0.483078,1.2848371,0.04180941,1.104479,0.02904279,0.005145328,2.0224152,0.04251119,0.27693906,4.668798,1.4564059,1.9643626,0.5635646,0.082496285,0.012234561,0.19666615,0.90580523,1.3311712,0.012693884,2.4583094,0.863434,0.038536698,1.4278824,1.0203528,2.304564,3.0657678,0.22207895,5.6439505,0.5786158
280941,0.17662537,0.00056996144,0.00071412494,0.03412452,0.01213919,0.03820003,0.0011616576,0.010578905,0.04747431,0.004239302,0.0035471346,0.05005122,4.8048358e-05,0.06939213,0.014851827,0.0032748664,0.00015718615,0.0070906705,0.020132845,0.023466744,0.053887695,0.00509234,0.045287136,0.26614502,0.056791987,0.0724688,0.04225936,0.08699637,0.008665176,0.0015058264,0.047075864,0.034297463,0.0026503955,0.025540657,0.021459196,0.006243604,0.03200026,0.022222223,0.027923102,0.20847127,0.09865587,0.09508691,0.0017232979,0.05828763,0.05063959,0.13573016,0.08805084,0.009498301,0.026687175,0.021857416,0.034336116,0.0112664085,0.00044918043,0.015185099,0.01551859,0.008616908,0.00858954,0.0016914397,0.0034469597,0.099634215,0.015279389,0.074229084,0.007152678,0.0072317375,0.06218329,0.003111253,0.060024206,0.018900318,0.03507742,7.130837e-05,0.19612385,0.17839235,0.029986558,0.093464315,0.2558416,0.15439789,0.21665445,0.20404893,0.0035328888,0.0004976957,0.006440234,6.195596e-05,0.010776735,0.00352689,0.0060682697,2.1855017e-06,0.26027408,0.023249961,0.005034774,0.002280452,0.2824078,0.028431762,0.0037720834,0.10267587,0.027718434,0.0072744223,0.00010701403,0.00475566,0.0018538072,0.05341061,0.0179684,0.039758906,0.053357884,0.025635054,0.0075556175,2.8571752e-05,0.009302361,0.02876925,0.0821097,0.0042026476,0.06302852,0.8882632,0.042643096,3.2404012e-05,0.0060734525,6.459626e-05
281135,0.0035337333,0.016443714,0.0006219318,0.0047473502,0.0037495613,0.05747969,0.01309037,0.04286698,0.40165097,0.036661264,0.61516625,0.112733416,0.10599155,0.23041008,0.33623502,0.010758489,0.00416469,0.004615913,0.017914405,0.08856365,0.084881425,0.03664522,0.004478982,0.008746534,0.16807121,0.17070574,0.008105483,0.0778001,0.022654677,0.022965057,0.032436267,0.0028370754,0.008628582,0.009263549,0.0423256,0.061398484,0.2359897,0.0014308622,0.42978996,0.011197477,0.009219162,0.05630541,0.056731664,0.0041079493,0.061930068,0.02917037,0.017955821,0.07926122,0.006300582,0.07595504,0.0017211855,0.04732959,0.07897712,0.03781546,0.046445657,0.123014234,0.01841067,0.18840413,0.00013180177,0.35006413,1.3977164e-05,0.10412813,0.029875262,0.0027488736,0.010058315,0.09703346,9.897153e-05,0.0072334823,0.051802088,0.008781792,0.21481475,0.0343336,0.073187165,0.1594128,0.09594725,0.29771486,0.0006669472,0.111054875,0.1505692,0.15761772,0.0027773378,0.0026827597,0.34572303,4.5034005e-05,0.11727455,0.055524282,0.3684026,0.06449258,0.04249276,0.22189438,0.089157164,0.69842327,0.13613273,0.054336123,0.60758847,0.6479038,0.07131868,0.2503265,0.137848,0.23267192,0.010602907,0.04722715,0.019191986,0.009391815,0.2785484,0.5130135,0.003231015,0.061939042,0.20825908,0.7338069,0.351891,0.012375093,0.035477728,0.010077075,5.3528092e-06,0.011501692
283543,0.51671773,0.7728861,0.8890921,0.059405103,0.12760502,1.4358261,5.0718374,0.66823363,1.4278722,5.7789607,3.5117497,2.5738666,0.24753194,34.209076,6.692872,5.804671,2.310455,0.47666064,0.41876498,10.4666,0.8664479,8.945588,8.151604,3.2789247,1.6349206,16.199228,1.2662023,11.17559,4.2455597,0.024076803,7.0133348,0.030925049,0.18949023,2.9739962,6.8446755,4.487717,0.19816798,6.685321,13.365633,0.41592103,1.114033,0.023245132,3.9079723,0.952004,7.2076654,1.4504187,0.0032174343,4.036127,1.3644905,0.025315607,5.0121274,27.760513,0.32021013,0.11227904,0.51696885,0.5212568,2.0462372,1.1746025,0.0006150889,8.412158,1.9043714,1.1078945,11.603049,2.689253,0.7626932,17.661066,1.0979122,0.03911011,3.8831282,0.5500125,2.5571566,2.8552186,5.077699,11.475274,3.0747104,14.256776,19.546497,20.188519,5.0189695,0.47608775,0.19177516,4.763038,2.1673691,1.2208828,0.9626203,5.5388126,2.3202426,9.5688305,0.5967659,2.1033368,5.9588304,1.8867478,0.5896571,7.632625,1.4921439,10.136065,4.4668303,7.1006594,0.15242298,4.520205,7.268909,7.2291446,7.9458833,1.6558056,0.016971854,0.18302926,3.1241534,5.80053,31.985624,20.809923,11.019851,1.0998269,0.14747578,1.5546932,1.9618031,2.252528
285345,0.019490942,0.011795935,0.00599472,0.005765537,0.005802645,0.0022816544,0.011010295,0.0010233214,0.029195663,0.015699102,6.9844675e-05,0.26263884,0.00012905768,0.0055171787,0.0034589057,0.016961582,0.021721622,0.082590714,0.0009776301,0.0112136165,0.27441823,0.10122937,0.02511583,0.0045977836,0.016706422,0.0014919457,0.03400571,0.0399391,0.0011022338,0.07059895,0.036986325,0.0005126437,0.018688925,0.006703964,0.008150569,0.06849232,0.079480596,0.01568113,0.0687522,0.012222314,0.026977554,0.041388076,0.022671515,0.0027867653,0.03917558,0.0022242884,0.018190458,0.002710716,0.008845998,0.012844659,0.07897766,0.0005122217,0.028360197,0.025171746,7.170605e-05,0.007393408,0.028044418,0.052907873,0.14598931,0.30235514,0.005118882,0.00057167246,0.042233635,0.0038393384,0.00047526372,0.17594421,0.039438322,0.015425816,0.18459025,0.05639629,0.00025812653,0.0005291077,0.100027144,0.0492911,0.3945983,0.13258915,0.049495015,0.057584118,0.00040756812,0.00018072137,0.0005818335,0.00013814615,0.028172689,0.058960408,2.807737e-05,0.0009988594,0.05750157,0.0009220272,0.02249306,0.0002801002,0.020104934,0.018400565,0.014564134,0.0062711625,1.1859965,0.069335714,0.037686046,0.006223135,0.0005701002,0.008010256,0.016014975,0.051117778,0.011725487,0.0066049914,0.014788405,0.030183502,1.0163623e-05,0.037717603,1.3149492,0.029614268,0.0005140938,0.105003156,0.4049048,0.014257079,0.05802023,0.6021361
285446,5.915592,9.456954,4.8114853,2.9503,15.099767,10.050905,2.2352948,7.333589,1.6324918,23.822462,1.0292693,0.5172417,0.40234473,6.680596,0.16404866,3.1250274,0.54729325,5.9044404,0.2418914,3.5375369,7.6037097,6.057998,10.213604,3.7814844,0.2923569,2.6854298,6.779176,13.956396,2.751937,3.5378442,0.27279928,0.022372982,7.965517,0.79888743,0.8298372,2.754542,2.190362,1.2430456,7.575287,1.0067165,1.1038178,0.014348313,18.438221,1.4241291,2.6955864,0.96541893,6.438562,0.22231442,0.30502105,0.67858666,28.82124,6.586878,2.2050242,0.027207298,0.29697135,0.056624435,13.726508,1.4809625,12.525187,31.240377,5.7471366,1.6661234,22.03055,10.782499,4.7943625,2.3074784,1.4386563,0.47048143,4.5357113,4.0327873,0.14118055,0.0057014306,0.01530946,0.28540894,0.17327705,1.6400932,1.0676302,1.3963298,3.4399488,5.908921,0.5387735,1.9763377,6.4899793,4.056297,9.175549,0.14574493,4.323386,6.5332007,5.0531487,0.17965509,17.823372,5.8368435,2.8682299,2.1805668,7.8180146,12.810359,2.6921997,0.033076636,2.2647176,0.0015146261,0.9340303,0.088414855,0.033777133,12.002584,10.29869,2.7406595,3.6402488,0.15357606,4.8606462,0.71121347,0.03749572,1.5362675,3.1335921,8.828394,49.744358,0.45800307
286347,0.062832795,0.07255234,0.6177971,0.5404697,0.9946201,1.7900254,0.13692436,0.41679347,1.151299,0.26365608,3.7901287,1.1089972,0.20362055,5.8473234,2.420618,1.3484105,0.006413709,0.02676846,1.8292513,6.247429,0.24746196,3.2372072,1.8964888,0.60303164,1.2262189,7.315856,0.20648803,4.2056265,0.64743364,0.16482536,1.8872263,0.24207504,0.09381353,1.1589075,1.5803207,1.9927771,0.48791164,1.0739734,3.0983696,1.0735359,0.69134235,0.005927457,0.6969583,1.4356483,1.7546564,0.58096457,0.25533283,1.544278,0.44184253,0.8046923,2.1048245,2.7198317,0.0016659637,3.56185e-05,0.09316075,0.5859832,0.36162856,1.2832501,0.0041655693,3.0805042,0.30742127,0.19463892,3.6156192,0.10012985,1.3131529,1.8381517,0.09103236,0.42356235,0.32783794,0.22213547,0.37435594,1.8546839,1.0844504,2.2837286,0.9366943,3.2836914,4.175892,4.682585,1.9564254,0.11026221,0.1734789,0.25534493,0.08554338,0.2576985,0.17780742,0.06248641,0.3163475,1.7308615,0.023399152,1.127359,0.574425,0.36134803,0.7040923,1.252243,0.7311113,2.6675706,1.3843025,3.5260835,0.017744,1.7615058,1.0153631,1.5941553,1.5854666,0.05865955,0.73046947,2.562792,1.6712424,0.43076319,2.5182977,6.409689,3.902824,0.24704966,0.41032356,0.28823733,1.3579233,0.83844876
286650,0.045661688,0.6977502,7.959123,4.0449376,3.3479111,9.022351,2.3206806,11.353507,5.0898147,2.2158363,14.926526,13.771502,7.809769,34.67058,21.625597,34.847717,1.1157525,0.19225188,2.366879,27.757587,2.2252095,16.095606,10.795919,11.938479,4.3610177,36.227367,6.390516,28.284824,19.571901,0.97933847,27.320082,1.4085732,0.0016050722,4.9377646,30.407413,38.12479,0.35868287,8.966691,24.392258,2.0658352,2.1687424,2.584829,1.5923626,4.663868,1.8777591,1.7014794,5.9070096,11.757034,0.8197329,1.8721528,12.900428,35.104843,0.19831161,0.1348317,0.0042868783,0.29872477,0.033100896,8.525757,1.288596,11.616846,0.15956326,0.0026399144,23.259264,2.784991,10.204552,20.337557,0.00017800322,0.16095604,2.6910145,0.005601647,6.6880026,3.124069,21.413744,32.136524,7.4523025,15.8000555,25.31983,20.786768,12.602795,0.15795311,4.7367034,0.43460903,5.32311,5.295163,1.8186443,8.641767,3.508828,11.282784,0.39663732,11.366135,0.4430509,14.150359,13.5923815,2.5236762,2.6229746,5.4365873,14.769346,42.086853,0.16482837,22.909172,6.806994,11.665153,10.216834,0.887273,0.4757902,5.2178626,10.0545635,13.276095,62.10896,13.061542,13.5675,0.11225929,5.4443774,0.18348604,7.117823,26.214647
287248,0.022233669,0.06288511,2.7599822e-07,0.0013905157,0.015150597,0.0907889,0.077149376,0.0671142,0.38473126,0.3811491,0.9178696,0.29298285,0.14251082,1.1660236,1.3609043,0.62810993,0.0012376892,0.020149281,0.19563675,0.46230194,1.02754726e-07,0.27141762,0.40957686,0.09251704,0.11427624,1.0820793,0.005692676,0.96803296,0.2381189,0.058196332,0.2241706,0.034214415,0.029643387,0.13362505,0.5681716,0.02991398,0.009286794,0.12718217,0.9027092,0.0367751,0.20220385,0.08117256,0.00048765293,0.19673236,0.23054147,0.00448488,0.008232249,0.21616921,0.103472695,0.0015481953,0.31389675,0.8018249,0.011011434,0.007715335,0.0294215,0.022225427,0.25805166,0.07821998,0.5269746,0.0037960398,2.9659099e-05,0.06738348,0.5673891,0.01933115,0.068022236,0.9170335,0.038010087,0.0015486691,0.11856702,0.003426637,0.07494426,0.06644955,0.0018066418,0.2956297,0.4599119,0.7991386,0.1271272,0.21092772,0.3314271,0.016958466,0.1583868,0.07960464,0.16563578,0.1472706,0.051498804,0.01597399,0.30003908,0.27679774,0.04748684,0.11288288,0.19162886,0.022298707,0.07196781,1.5513272,0.08225231,0.15149972,0.0010385436,0.58417016,0.0019705007,0.057952765,0.34038618,1.2446338,0.84971327,0.13629213,0.13827421,0.051658157,4.2254724e-05,1.0314803,1.1971394,0.10509028,0.50124925,0.44067943,0.0715919,0.3124766,0.113629036,0.3505506
289555,0.41986284,0.49107963,0.07867239,0.16842501,0.080583535,1.1842376,0.22718772,0.2584167,1.8889954,1.063129,3.7733946,0.77974,0.621438,4.974665,4.2266088,1.3107235,0.17687789,0.12607948,1.5363696,4.0415983,0.65516305,3.0276966,2.6872997,0.6581739,1.1045938,5.447181,0.2537158,4.843193,1.1591612,0.0116286045,1.9464374,0.14823192,0.10659699,0.63172257,0.95008016,0.058544002,0.46111542,0.64534235,4.3554897,0.10846702,0.7018743,0.071764946,0.31742778,0.059956707,3.2028637,0.026232723,0.023703147,0.4885271,0.013033976,0.052130893,1.3234085,4.856839,0.025314117,0.00051209965,0.103916146,0.40414366,2.0405703,0.36477068,0.52221876,0.043696646,0.24937221,0.015026308,2.1305807,0.6272557,0.3854988,3.477171,0.24694031,0.009730384,0.0005847745,0.29458863,1.4508989,2.5212905,1.2786491,2.5000803,0.4045123,4.021779,2.0863736,3.4571264,1.9028707,0.5194178,0.14492401,0.65294397,0.2188725,0.37604737,0.53882575,0.1963311,0.67572314,2.3630517,0.291698,0.39356267,3.2174737,0.015331055,0.21379851,1.2905223,1.6620227,0.36844233,0.30335316,1.3514171,0.037494738,0.57180655,2.0826612,2.077329,3.378047,0.24372627,0.21171504,0.59838057,1.2658235,1.948873,1.415164,1.2847446,2.5949275,0.34665036,0.00898936,0.63636875,0.55823946,0.052710008
290136,0.02448747,0.06522624,0.014476194,0.14137833,0.14710723,0.026998088,0.0009233928,0.004187007,0.013232873,0.035985306,0.0032161209,0.1183227,0.13284399,0.021475535,0.033255573,0.05559779,3.4190605e-06,0.0068156105,0.010702353,0.06339365,0.0030836053,0.03927688,0.49315658,0.035322282,0.00030905177,0.085969344,0.13482815,0.03330395,0.0082944585,1.3855348e-06,0.0035862823,0.04485192,0.14687355,0.14188045,0.10800467,0.051694404,0.007562668,0.0016409972,0.006014376,0.25775588,0.02061099,0.21060376,0.010881033,0.00010305065,0.123133026,0.0067397305,0.107971,6.1731866e-06,0.01713681,0.0003313228,0.00026681408,0.0014471208,0.006037537,0.0074657537,0.01303355,0.0006739308,0.00040196622,0.0026403188,0.009480426,0.039068967,0.022402378,0.17295034,0.048963286,0.0109541565,0.056555092,0.0019529619,0.010614529,0.009579358,0.010110598,0.035521775,0.16793628,0.024990821,0.0017482984,0.025013478,0.00031558413,0.0538317,0.0001060319,1.1578841e-05,0.056934193,0.05374676,0.09079404,0.0012979028,0.30588084,0.3150218,0.0015830992,0.013712986,0.06617312,0.21221407,0.24063262,0.003257732,0.0076947915,0.028062392,0.0051712743,0.07279838,0.53790474,0.073443554,0.20025352,0.16093437,0.017046139,0.016867531,0.06156713,1.9157412e-07,0.084904246,0.10667166,0.040623248,0.044464987,0.8658119,0.3514448,0.43461594,1.3560592,1.0479885,0.9088443,0.5470254,0.10311007,0.13653618,1.8357556
293748,0.8330674,2.643363,1.0702951,2.8333385,0.18262704,0.048174076,0.9480623,1.3759924,0.026486458,1.3205885,1.1273336,0.013794418,0.3187584,0.5246266,0.03382958,0.009075722,0.0010886416,1.1088637,0.72056466,0.083746,0.46922883,0.95384765,2.7519903,0.08112662,0.244724,0.0038924636,0.48041815,0.59411454,1.2250481,0.23754483,0.0002776799,0.2702899,3.2752683,0.30202204,0.26766282,0.0017231185,2.254547,0.7810816,0.091662824,0.08964644,0.8808467,0.020519262,2.4421804,0.094077535,0.87641656,0.07476355,1.3052499,0.07645475,0.055867605,0.026444085,1.9114811,0.27263245,0.018100504,0.009028109,0.0008580589,0.062384136,2.789622,0.607048,0.40794075,0.50249285,0.98299617,0.66454417,0.7052478,0.89581275,0.008184597,0.082212344,0.012962759,0.016998246,0.558342,0.11515277,0.382895,0.014388149,0.029703615,0.17763768,0.16967118,0.20517677,0.1601772,0.017385902,0.40989828,0.015583275,0.022191796,0.58511275,1.6829106,0.7586958,0.63706666,0.0052603893,0.10461252,0.6219136,0.09473383,0.17721654,0.027465267,0.11772827,0.37462044,1.5584897,0.173581,0.088998035,2.5437708,0.4724335,1.2596427,0.0011508407,0.0067172106,0.043719422,0.03519607,0.13902222,1.708274,0.110153556,0.29987514,0.048135597,0.084058374,0.05796651,1.9823643,5.5834227,1.5999451,0.24722362,3.1614954,0.03311446
295146,103.53476,151.8136,83.402115,27.595575,178.96518,100.84367,17.380089,138.77576,4.3689528,457.0918,0.112871625,10.01238,0.35077628,112.1237,15.254783,75.795555,2.5528247,90.4419,2.0091674,47.104294,215.6342,36.473606,62.613396,61.18349,2.0510447,10.61594,78.292076,190.5482,0.00045002403,21.094904,0.728657,0.49808472,87.8793,2.1055524,1.6446149,8.014906,0.7297147,0.25700593,224.63374,39.71311,0.42382866,2.398146,325.26596,37.01959,27.929047,69.75927,55.4128,15.8682575,0.38919833,6.4982157,405.4216,87.22573,45.271862,0.17917302,1.0452021,0.043990087,97.185745,1.147532,429.9071,625.9866,77.150406,23.809938,177.12384,194.00963,18.246174,66.40179,26.539679,62.78702,0.26214433,143.97057,5.6148,2.9534419,32.450745,37.257244,105.116875,87.056015,107.969154,92.111916,12.046285,77.50177,0.26808977,35.191128,46.93654,45.63062,113.79372,0.69404346,98.686874,197.66534,158.80586,1.8152049,483.96667,133.61606,128.33743,28.66593,298.80313,376.8168,3.6881766,16.525028,20.813944,0.84695935,87.56111,16.097212,9.7248535,240.39273,128.38577,58.6942,188.24854,35.139267,136.97554,74.14083,22.112236,1.348238,44.866066,198.09958,908.1772,19.518099
297655,2.395875,5.9431787,2.4803352,3.4465938,6.8394732,6.700046,0.5264658,3.4243066,0.4972157,13.990862,0.022674495,0.00031084564,0.01047374,3.208307,0.415955,0.25689512,6.8835696e-05,2.1397316,0.057187416,0.7949898,4.1903415,6.3409033,5.112148,2.8509238,0.119560435,2.4959526,4.2970915,7.847262,1.5976305,1.2384084,0.15266748,0.0138870785,5.25938,0.18659674,1.0055808,0.8865866,1.3324456,0.9002198,5.3482957,0.89653665,0.2889051,0.0054368502,10.152275,2.3420768,0.9880798,1.2313105,3.3670173,0.19009958,1.3334743,0.06893319,13.788517,0.6927226,2.6598952,0.81365293,0.03834635,0.64500195,9.2672205,0.8688393,14.775939,23.837364,2.5689378,0.38752308,12.055696,4.2078013,1.8817269,0.03797961,2.3517296,1.3136644,1.1362594,3.4571,0.961047,0.2040563,0.0080668125,0.99007314,0.177052,2.8341017,0.39570406,0.40317768,0.76093394,0.15380457,0.23849565,0.3582251,0.2230482,1.0872833,4.6775484,0.7504196,8.214046,3.642279,3.8717527,0.88099176,17.409924,6.7772236,6.0249233,0.022145808,4.661906,6.122495,2.7092083,0.1293185,0.27515855,0.24368617,2.9771876,3.991996,1.288284,12.848651,13.947649,6.6475053,5.8926697,2.5160992,3.0101552,0.051364966,0.015513485,3.4118617,0.9266565,8.3181925,51.557335,0.2318467
298051,2.5450082,3.080226,2.3230278,1.8850164,2.2566338,0.9739432,1.8067253,1.6870239,0.18019518,3.4360528,0.69479156,0.01777426,0.05964554,0.96826124,0.4099017,0.004833152,0.2677672,1.3810558,0.53617364,0.7074738,1.7284559,1.4091451,5.320501,0.40548122,0.7478686,0.642992,1.7112337,1.8413377,1.5134298,1.2074462,0.0007679906,0.18203036,4.2734327,0.29439405,0.76872754,0.7763991,3.9236116,1.4605346,1.1536607,0.028951097,1.3851933,0.020593764,6.0290465,0.012320249,1.7746617,0.18387666,3.3914676,0.0035744396,0.42957866,0.0074523254,6.6893244,1.0287465,3.0669627e-05,0.007880172,0.1015036,0.009902853,6.475709,1.215829,0.17350619,2.869529,3.5280538,0.7232236,7.4056625,1.2230705,1.2201579,0.08276014,0.1663219,0.058413506,2.5151217,0.10260821,0.8059872,1.2112594e-07,0.0005217273,0.31500205,0.024099568,1.0308784,0.23799306,0.2858033,1.1206303,0.3731744,0.18977137,0.19389087,2.342047,0.834316,2.5794885,0.08771984,1.1417958,0.8954774,0.261721,0.24375252,1.1112285,0.49947506,0.013579474,1.0541863,0.10302279,0.47539386,4.8284926,1.4267797,2.9622724,0.36374435,0.14693992,0.017190339,0.010485144,1.236329,3.5666466,0.22339194,0.4397497,0.020134663,0.9558649,0.6290853,1.6079782,5.3486333,1.0705982,0.6841938,12.413564,0.637036
298455,0.07755639,0.06179688,0.39414427,0.13564956,0.055810247,0.001213507,0.03041007,8.659939e-05,0.00020604132,0.0067770225,0.009926196,0.0001928174,0.19912392,0.0033621488,0.12235261,0.00027557972,0.009564132,0.0018209092,0.0033588645,0.03189111,0.07961097,0.03413058,0.032612156,0.15787837,0.046333704,0.013998555,0.0061807088,0.010974169,0.007400967,0.015462218,0.027313897,0.00058333186,0.07008884,0.0019120228,0.059651934,0.013923029,0.045928158,0.01949023,0.0004346698,0.00015118298,0.022147166,0.09528301,0.20846006,0.13533783,0.06480554,0.00042911485,0.041712746,0.008958809,0.06320298,0.15856628,0.166844,0.0022703274,0.08734228,0.116175756,0.060288433,3.1876443e-06,0.0074636317,0.16005616,0.15546557,0.2762637,0.00045910635,0.018756606,0.033387084,0.00048207038,0.16705552,0.038270906,4.177565e-05,0.0053806617,0.09902124,0.009797131,0.22703272,0.057740737,0.036183216,0.02069753,0.6829707,0.3868271,0.0052850205,0.027420053,0.0004292161,0.17111072,0.003684754,0.024484858,0.012209191,0.043442417,0.04645511,0.0012697976,0.009071525,7.172448e-05,0.067915216,0.0002917094,0.023816466,0.023840148,0.19149518,0.008409396,0.11755089,0.027321788,0.0056549087,0.0055921804,0.07143282,0.0017672506,0.07954189,0.25048387,0.009626752,0.0007850149,0.06473799,0.234779,0.020653006,0.0014527641,0.26236233,0.19548987,0.14729674,1.4246256,0.8944573,0.0011970128,0.0446449,0.10826004
299154,3.9661384,6.4182067,1.2155808,0.013487906,11.871572,6.2755127,0.15523675,4.5189257,0.16326478,10.761813,0.016302578,0.04953998,0.012539619,2.4083424,1.7503889,1.0768753,4.3683118e-05,1.90704,0.0045953672,1.7599784,9.235624,2.8526368,2.6977355,1.6141686,0.30034533,0.33729222,2.1528788,9.883129,0.15081513,0.5222785,0.8761389,0.31729978,2.0765793,0.0092314705,0.05232263,0.27028048,0.39027342,0.16587323,6.224514,1.2468958,0.0010018739,1.2447442,14.293914,2.6437361,1.1827124,5.404837,3.8777702,1.8895721,6.36593e-07,0.10641718,22.604046,4.019598,3.7077303,3.2837079e-06,0.68872833,0.29028386,8.108179,0.016624153,12.673778,29.290365,1.7942432,0.04549582,9.816231,5.1741285,4.354128,2.0530174,1.418368,1.1868676,1.4125241,3.9182558,0.22906257,0.53313595,0.4375804,1.3068657,1.0355397,2.9015949,1.7802751,3.4817517,0.94799197,5.626384,0.02824687,0.38724115,0.57282853,2.0002666,4.4002266,2.202719,4.7563806,4.2614303,9.955105,0.013166146,12.404271,2.3049412,3.1431713,2.6187146,7.647616,15.282137,1.4941386,0.0027912022,2.1792667,0.030809322,1.1818111,0.116417356,0.16597098,11.186132,2.0500073,0.05791862,0.47978988,0.024980744,7.865488,0.5886661,5.247886e-05,0.5493896,1.8242694,5.689114,28.623917,3.2970822
299760,0.32818675,3.3251762,14.601137,10.763861,3.7841244,17.137976,5.1064816,27.150063,7.4418263,7.8978014,22.594765,33.3296,12.100686,80.60071,34.63579,82.24298,3.1495404,1.0333502,6.450659,61.44747,3.4942706,29.537586,23.787727,26.851046,7.3487606,72.05212,10.857863,50.894054,45.213726,3.1204162,72.20434,3.3293865,0.6108463,15.924094,67.67008,97.05097,0.6036052,15.648847,41.590523,4.012848,3.7446895,9.32526,1.3711594,10.470921,5.871505,6.5817037,8.077018,25.15914,0.35760093,2.867013,26.458397,80.81404,5.2868614,0.1605482,3.1210184,2.2859367e-06,0.003510276,15.988863,0.15673351,6.6842813,0.094763406,0.3855221,57.525505,6.034854,16.91334,49.987316,0.5899338,1.499345,4.7000966,1.7366543e-05,12.751168,4.389228,44.233658,56.524536,20.655313,29.51788,55.695354,42.78634,29.447367,3.2353444,10.736624,0.53388995,12.456425,14.9518585,3.4883616,31.983692,0.79916406,25.074131,4.846623,25.671926,5.7913756,25.38674,15.50809,6.7799773,4.0698347,9.714801,34.85379,102.54546,0.048214875,33.55903,26.373913,41.949814,36.340572,0.60382074,0.015532765,9.023849,32.610264,29.142452,113.33236,20.793865,39.949768,1.3406109,16.619783,0.35007796,23.398237,27.925554
300618,1.8241435,2.2374103,2.430958,0.8265024,4.061393,1.4920603,2.3846219,1.9477062,0.7844612,3.4042864,1.1936942,0.20561515,0.6458133,0.81944513,0.0003535775,0.43861634,0.17410277,1.7164022,0.8100701,0.91389936,1.0696359,1.762386,5.1247783,0.6268255,0.35418087,0.56280893,1.431518,3.721933,1.9904524,1.031723,0.11667741,0.03957835,2.9513333,0.58027256,0.626444,0.4312099,2.3031414,0.5793545,0.15967809,0.03554674,1.9569887,0.35646367,5.144616,0.09973281,0.2868357,0.31518334,2.9044163,0.011999335,0.2441149,0.3083064,5.244731,1.6518937,0.0047712303,0.009989874,0.4343076,0.024119208,4.9134135,1.1891832,0.07961406,0.66528434,2.4218357,0.86984205,5.913202,2.5396197,0.8260161,1.2847373,0.005894952,0.0398387,0.9627578,0.24132466,0.41206676,0.014545018,0.16506444,0.005928994,0.424951,0.13148059,0.0032840518,0.0066221626,0.97604126,1.5065267,0.19873728,0.5547434,4.0921702,1.4152148,2.282593,0.09968617,0.085483156,1.9444202,0.017697535,0.30883357,0.12105803,0.4489608,0.094391316,2.3437953,0.041637525,0.24451637,4.3568144,1.4243653,2.3586442,0.7780592,0.2812587,0.33991382,0.280879,0.11577332,3.3699255,0.46545103,0.001965667,0.29999122,0.40185905,0.08206912,2.0384812,2.9170911,2.5882173,0.020321842,8.589903,0.06103727
300719,2.0584176,0.6597256,2.8619974,5.477759,6.9760222,23.045444,31.30875,28.456705,11.691076,13.223134,39.876328,54.42536,3.9344847,154.26085,58.32685,99.51709,0.40571883,0.006222235,4.3972206,84.43923,13.723113,47.481205,30.552668,55.1942,12.128949,115.39887,15.859232,95.52942,66.33811,0.025146946,76.04513,10.153134,1.249669,30.124475,92.925156,110.79585,6.799074,47.06892,74.726204,14.903513,2.9504519,0.18515104,0.69972503,8.562751,24.205725,19.092714,5.383892,24.896152,4.379118,10.215738,35.71286,130.09059,6.218363,3.5313313,4.4153366,8.178791,1.4087152,28.466646,1.7552884,49.38162,0.7667104,0.36927682,124.4567,2.4801672,44.66196,79.06518,0.68506473,0.11233903,35.414875,2.2196133,6.9605184,6.225468,71.01305,119.80429,23.37913,58.748394,97.15401,96.05868,61.52485,19.338829,22.372066,0.37214887,14.345712,26.483166,13.327073,36.461857,5.7231455,33.50237,4.7616982,44.033524,14.708167,40.870213,26.102425,6.1867604,5.526562,11.402379,42.024815,116.58332,0.27226096,50.615555,13.178916,26.277851,32.53777,0.9889431,0.035817906,15.120608,20.543835,26.444845,210.92752,44.191406,31.344091,4.0838,13.309701,0.39312613,32.867756,37.355145
303119,5.8263693,6.3757095,2.0423284,0.20507888,10.90555,5.963727,0.6523147,5.034528,0.2349088,14.094998,0.10483179,0.016050817,0.034176588,4.338715,1.4776231,0.30795363,0.026157688,2.751689,0.039244615,1.9762702,6.4712696,5.4205246,5.130961,1.8612658,0.36579558,0.41322154,4.126246,13.063854,0.78488475,1.3622108,0.06683065,0.10196775,4.3725595,0.015747594,1.2553273,1.1599432,1.0183275,0.121473365,7.8150406,1.7677048,0.25327712,0.44350472,15.501858,2.545932,1.5558629,3.3259954,4.714073,0.81099784,0.018068971,0.22217123,25.30286,4.679667,1.521864,0.13385737,0.3062617,0.24829997,10.948511,0.32368618,10.817193,27.330645,3.8591692,0.5155196,14.326854,6.122644,6.0332294,1.4095743,1.0130543,1.1337816,4.1203356,3.7995884,0.27055398,0.19801798,0.24560836,1.4089175,1.68953,4.1424723,1.8405966,2.9632854,1.7945194,4.4384,0.11011781,0.414624,1.1167197,1.6433787,6.2139554,1.202196,7.611929,4.162806,6.5331516,0.021733988,12.807208,4.46602,3.6942928,0.6090279,9.556431,11.364613,2.5843692,0.0023730462,2.0239224,0.002035239,2.2172391,1.3039074,0.005866576,14.607558,1.3196563,0.4353243,1.3987602,6.6720277e-06,7.465444,0.2216431,0.13311231,2.055414,2.129322,9.33606,30.82775,1.1270732
303624,4.9690156,0.26119998,0.94130653,2.942823,2.6961932,14.385149,43.01743,18.359102,10.201764,23.969769,30.340237,45.00946,2.3930576,204.77032,53.60577,83.7178,3.2925608,0.8084089,1.7581773,71.729065,12.745338,47.12286,28.83929,48.541203,10.741716,119.54475,11.645916,84.01336,60.00357,0.08596237,69.01356,5.185753,6.0669436,28.478962,89.081345,99.54284,8.429283,56.721214,74.41805,9.101971,2.2193797,0.08642771,0.966543,2.50982,54.65483,13.38403,1.7055709,17.366852,3.5413935,5.140381,27.574774,189.74907,12.121381,1.0312709,8.912234,3.8816273,6.656969,16.009497,0.072905555,50.520645,3.6485178,4.664786,118.77935,10.200509,28.955387,111.64908,6.048466,1.4922385,33.034916,0.0027501336,7.9674525,6.786666,60.975567,110.38767,19.507595,68.335884,96.677635,102.08866,52.182056,12.343386,14.313041,3.3194373,9.436279,17.559685,11.715808,50.953503,2.5480566,55.70829,7.4508877,36.12116,34.89056,28.648985,12.866561,15.057095,12.810072,7.000927,28.504929,87.6333,2.8707235,38.95405,27.390516,41.01128,50.14954,0.54385096,2.11967,3.6447904,13.423422,42.32469,214.73164,46.895306,15.545236,0.67433167,4.0636353,5.2702236,20.126747,26.561527
304020,236.60287,258.90958,186.46033,32.309814,322.71484,155.26524,87.01888,235.79968,22.547422,653.93726,1.4056983,27.914433,29.036098,224.91357,5.093584,156.46637,0.023215083,166.65483,4.2810946,49.962303,295.33215,32.21199,80.65241,61.548107,0.0012525589,22.958431,157.80869,331.1214,1.3777784,36.499367,1.9523814,1.5706753,135.02959,3.3235145,0.4015556,16.918589,11.092727,2.5091825,211.56671,45.584957,27.510284,4.236179,516.5016,25.491749,60.41125,75.70629,109.83639,14.915259,1.2491099,18.36619,619.9661,197.29105,18.852972,7.7373767,12.636583,3.6560838,172.34978,5.825941,375.43387,770.9723,133.02177,55.919537,250.01974,318.59036,18.338633,161.06023,20.643435,79.65653,0.19065958,228.15611,7.9652114,17.729067,48.123653,75.71975,152.00874,166.17844,158.42397,146.62653,32.357666,151.26408,2.8683789,84.62907,107.41673,84.81885,184.35274,3.6279595,94.04246,328.53754,147.5628,1.878944,410.92395,47.78336,60.058983,192.43764,351.83865,442.8719,0.63368744,0.71707743,96.63932,15.534954,39.998688,8.407509,2.7769682,174.88492,127.292274,30.592295,62.49824,3.6612608,181.10878,135.70163,1.1087096,3.0904794,175.02682,178.47058,982.6941,55.3804
304727,0.5595854,1.2693228,0.060948584,0.14437391,4.003245,1.018486,0.12999213,0.54457325,0.05347289,2.1532552,0.04586046,0.7604967,0.0032238443,0.495631,1.1086202,0.043807343,0.013865257,0.38932812,0.3983903,0.18440291,3.331244,0.6161747,1.468018,0.046358515,0.004232628,0.041942213,0.9477307,2.2803142,0.26167628,0.04424581,0.7490128,0.84870815,0.95108175,0.081090294,0.019334424,0.0015871862,0.67973614,0.14774907,0.6783277,0.2748571,0.05909126,0.203997,4.193643,1.0650766,2.0640655,1.3432225,1.3291019,0.3912854,0.06347491,0.006560213,6.569904,1.3222699,0.7431112,0.049063165,0.044469412,0.05551643,4.566273,0.13844514,0.6222801,6.4883003,0.29870945,0.0004860327,3.8217554,0.8219112,1.7568833,0.1433892,0.4195824,0.42483583,1.5488578,0.47097355,0.24159658,0.828838,0.7167034,1.4794617,0.28112772,1.647093,0.2449234,0.82062286,0.2975288,0.5423042,0.024278631,0.008223998,0.5682415,0.2052057,0.7650757,0.7586231,0.18472812,1.0663296,1.8514324,0.00028678786,0.5514327,0.003582548,0.112670586,1.4061286,1.3444505,1.433034,2.8186555,0.65915686,1.360614,0.31002957,0.000101115125,0.056338184,0.063359454,1.3301337,0.38472497,0.07722547,0.65768045,0.04040377,2.7534053,0.13423638,0.14562726,2.360649,0.40265352,1.3062891,4.823341,0.6684351
305830,2.8362246,3.9089994,1.3794245,0.6214227,6.074651,3.4138377,0.99158263,3.1846764,0.4097226,7.5708594,0.59541285,0.2591622,0.270981,2.9986787,0.23399144,0.8345832,0.10135556,1.3190078,0.20778428,1.0056071,3.0410917,3.112357,3.2162316,1.4195327,0.08379467,0.75130963,2.2944906,4.749142,1.0235652,1.0166106,0.006465759,0.050871905,2.1192183,0.037009414,0.67317384,1.1607306,1.4493943,0.98022014,1.2972888,0.19247784,0.05189711,0.27513677,7.6813135,0.48659563,1.750661,0.60942256,3.3966491,0.063835345,0.04742201,0.13238344,10.870567,1.6325104,0.48453048,0.022200873,0.24771695,0.08183672,6.733597,0.7784122,2.709435,8.6810255,1.4985337,0.40132788,6.7186594,2.9411368,1.8659927,0.77022403,0.8915412,0.10523948,1.9133918,0.7433675,0.1750772,0.05260184,0.16642942,0.7915318,0.066636965,1.6713576,0.23629862,0.8536541,1.1394175,3.5447063,0.07119836,0.32903343,0.70291036,1.7031673,3.070279,0.3767041,1.6516533,2.6216981,2.111573,0.010758456,2.7809305,0.67079926,1.2469239,0.40522856,1.1400646,2.7805727,3.888839,0.2729455,1.3399719,0.038031623,0.38993487,0.17625627,3.9191054e-05,4.921447,2.2335365,0.22748357,0.162032,0.066655725,2.2184463,0.0459932,0.5707701,5.183187,1.5062642,3.6129653,16.197187,0.38590777
307127,0.0053011673,0.046143252,0.0132475635,0.12913212,0.1655275,0.326429,0.2777781,0.3736705,0.16954677,0.16033934,1.0791253,0.6795856,0.08669935,0.5690827,0.33929956,0.9931152,0.07792042,0.0033254402,0.2500595,0.46150884,0.0078101517,0.09497549,0.14111498,0.085525736,0.29364377,0.85511905,0.095858246,0.4988572,0.0078234635,0.003567107,0.19112404,0.008996184,0.12462595,0.46084338,0.075314954,0.4342911,0.104704306,0.061906524,1.2625343,0.059076812,0.23731317,0.090228714,0.1873103,0.0758902,0.3563739,0.0021244755,0.010696795,0.029335111,0.08985047,0.06848042,0.18156676,1.002294,0.0027276026,0.15033714,0.0202066,0.007279451,0.092505544,0.28721946,0.011274094,0.30451602,0.005242805,0.25981525,0.43024063,0.0067432714,0.08764155,0.2909036,0.0009931258,0.10541136,0.116372004,0.07850623,0.17859207,0.32747158,3.8726757e-05,0.19682266,0.0018795672,0.19392124,0.5418791,1.138812,0.02455211,0.16367052,0.040061448,0.005309036,0.08438609,0.15041344,0.06031464,0.0070266444,0.20823199,0.047317076,0.10914019,0.27031934,0.008381204,0.11718834,0.47953072,0.17961022,0.004397557,0.16422045,0.13172796,0.19680412,0.03224231,0.010729137,0.048318118,0.08695592,0.23104064,0.05872736,0.43455267,0.71683955,0.13552237,0.5223868,0.46219802,0.42147893,1.4080116,0.6370172,0.01586754,0.23180716,0.21259761,0.5173272
308129,107.478714,3.9258344,18.268162,57.97255,17.91662,260.19855,921.08997,416.68747,84.37816,303.89847,538.9664,827.2536,0.05731757,2967.045,643.4537,1085.3738,0.0042578476,2.160906,11.258607,1132.28,205.70393,552.6138,315.73373,887.8714,87.44259,1647.0461,168.24522,1364.9722,1202.7432,2.2006047,1290.3102,202.816,51.949966,440.86368,1524.01,1880.4109,332.05255,743.2831,1027.788,385.4653,14.56781,0.16646886,43.95873,27.328999,747.42804,287.57162,17.139746,260.7199,5.495784,206.87987,462.45966,2134.2727,210.00479,170.54695,128.94199,150.15747,46.11318,423.83743,0.72939295,745.05615,39.981148,4.731447,1762.4911,35.562473,805.5183,1420.0156,65.39619,35.145504,788.8037,113.73191,52.787025,50.214066,1179.8981,1928.8805,554.5374,1020.8935,1399.9312,1476.6036,1019.861,661.5854,417.0024,9.652797,232.74432,389.67218,270.50974,808.6925,133.22333,440.7526,155.47717,758.91547,274.66217,844.50354,369.7226,7.4797745,63.913452,32.700455,703.9041,2110.7021,10.160284,644.56635,171.84357,345.75336,526.6847,41.967422,5.5380583,333.09445,52.063843,544.4065,3559.061,286.41473,129.82944,116.05851,219.76097,0.1540021,662.39166,820.5261
308331,0.39000878,0.086650364,0.32557112,0.27880654,0.64649886,1.5513251,1.0574355,1.0335093,2.0324252,0.683735,3.833011,2.1284359,0.56626225,5.7453704,4.296968,4.447759,0.44848168,0.04258197,0.79039073,5.1604624,0.15343998,3.6489186,2.1066833,0.5717805,1.0017521,9.275116,0.407196,7.0379996,1.5832303,0.1241143,2.0654473,0.055619363,0.012589333,0.5451643,2.7749646,1.4841721,0.122812204,0.85484767,4.7727256,0.18808465,0.35168222,0.21745077,0.2615952,0.8131009,3.3587806,0.02437526,0.33078718,1.4185344,0.024818484,9.7820746e-05,1.9798824,8.233889,0.038674925,0.06833997,0.025637835,0.079414144,1.4150301,0.9870787,0.0021868732,2.143209,0.07918004,0.03325058,3.1395357,0.452716,0.65055835,4.523468,0.0015708555,0.075492635,0.0020576972,0.23345163,0.08252375,0.7988217,1.0457165,3.403295,0.14679989,1.1326007,1.9855233,3.2537403,2.3995137,0.5053279,0.11813921,1.194871,0.10662942,1.020989,0.18429105,0.6000397,0.02574194,2.6801612,0.16682932,1.4867928,0.66226536,0.85304517,1.0299888,2.0080764,0.18705156,1.5956732,2.2309575,4.8853345,0.03367012,2.3014076,0.39270797,1.9531057,1.9933918,0.022194719,0.8002232,1.8678942,4.2362456,2.0081706,13.862231,4.79647,5.628368,0.00074521516,0.0051719924,0.12644738,0.65543044,3.7354584
309636,0.29921302,0.036257308,0.13350123,0.0001627016,0.19048132,0.6800935,0.14157058,0.3426866,0.59602666,0.6375508,3.18116,1.3253533,0.12226735,1.715411,1.8074028,1.7846946,0.0039010604,0.061628845,0.44771275,1.1888202,0.0005867595,1.4599981,1.7162957,0.26596946,0.60006475,3.0656433,0.313934,1.406741,0.44889554,0.11723679,1.3256958,0.004588337,0.088006064,0.2763604,0.651999,0.423449,0.20037517,0.21405159,1.6419175,0.15765959,0.29327327,0.13771985,0.0067438902,0.5064197,1.0943953,0.046222996,0.0910273,0.518053,0.034517277,0.034625325,0.4744839,1.8829633,0.021652529,0.015340532,0.018139811,0.3695631,0.3510178,0.3071385,0.16383676,0.08517199,0.0178107,0.080466814,0.87953603,0.09838856,0.16745175,1.0516814,0.011169954,0.083980285,0.3894589,0.052248638,0.37666506,0.3109634,0.88227016,1.5136178,1.2026687,2.4503694,2.153389,3.0073352,0.7842592,0.2275953,0.014067645,0.1888195,0.021060739,0.5141657,0.00204633,0.14412095,0.3188719,0.6439855,0.018001132,1.0930293,0.0077481624,1.2004608,0.38807407,0.2162706,0.2072872,0.8160617,0.7230534,3.0026844,0.05606427,1.5978646,0.25342268,0.23909397,1.037367,0.235461,0.83186036,1.9066887,1.1974566,2.250048,2.8695836,2.841427,3.9962726,0.33022466,0.0008038811,0.078617744,1.567626,3.274089
310621,0.09455347,0.28871626,0.22755049,0.18720105,0.009679721,0.0365698,0.005107947,0.11435141,0.04876756,0.36123052,0.028532611,0.011126147,0.00017828324,0.08087915,0.03908101,0.29014423,0.12766507,0.011116228,0.06775127,0.05220392,0.06404373,0.022141976,0.50908583,0.011454637,0.09846601,0.0023836736,0.07541212,0.010248653,0.040296588,0.022243772,0.07117171,0.0031003726,0.016925672,0.12813689,0.04805356,0.08500129,0.1085868,0.018901214,0.09359832,0.048050318,0.4214606,0.260085,0.020830056,0.013306422,0.022599416,0.004382837,0.1643331,0.005990294,0.0097925,0.017586857,0.06944933,0.00017242688,0.18907459,0.011896695,0.012087418,0.0023206791,0.017294414,0.06815251,0.3654294,0.010666231,0.1392737,0.07972964,0.078296244,0.03785999,0.09315747,0.106668115,0.048544362,0.0004756421,0.03689771,0.04462931,0.057705168,0.03546675,0.22392066,0.18960997,1.2724029,0.9037363,0.03656506,0.00796828,0.28056332,0.7567356,0.06976176,0.02614406,0.2846685,0.123463206,0.1457062,0.0067897737,0.022613235,0.06640565,0.049896136,0.02187677,0.017815227,0.1863058,0.00073769415,0.021727698,0.0005843321,0.06609044,0.10535571,0.19886388,0.0030219527,0.0007983981,0.024301428,0.0002982436,0.00019947323,0.0011722924,0.047083728,0.036370624,0.051517904,0.14602208,0.17791125,0.09792838,0.5447682,0.05422407,0.40336263,0.00029222577,0.00078138517,0.014918876
311320,0.02889419,0.40400136,0.2778742,0.32605207,0.14789753,0.12668322,0.12654527,0.2449112,0.004079706,0.26571673,0.48654082,0.051111843,0.037227083,0.016853075,0.0511299,0.67521316,0.01117984,0.35295105,0.1815858,0.023277244,0.35645384,0.6837989,0.6296437,0.06459478,0.13660526,0.07271426,0.42587033,0.6523663,0.5318981,0.14962028,0.010083374,0.11735862,0.2461471,0.007502421,0.009519591,0.001069029,1.5373142,0.83020884,0.012282009,0.049279556,0.77657765,0.03590798,0.1808951,0.10322222,0.032883238,0.055778265,0.16646667,0.01628549,0.001636596,2.9502844e-05,0.52427727,0.056676537,0.010848923,0.016495079,0.07742335,0.0617478,0.6853548,0.04494795,0.24818262,0.72907215,0.060550693,0.018311778,0.6559166,0.07156144,0.030125896,0.0028917135,0.0775698,0.21404183,0.04947372,0.06295325,0.026835479,0.008352178,0.16716455,0.048988096,0.4982131,0.02290681,0.06949872,0.00063975656,0.3073804,0.0035285822,0.0399554,0.13241285,0.0043500517,0.09370904,0.7828891,0.14119779,0.14475705,0.049038664,0.013732268,0.21577156,0.23078379,0.023100596,0.012431989,0.029380068,0.9558283,0.49991047,1.1152078,0.00041984706,0.3592489,0.08448103,0.12512523,0.2412352,0.054262523,0.15118557,1.5796863,0.20789379,0.8252425,0.0047718277,0.066052295,0.9066803,0.5890669,1.5130912,0.336201,0.028300349,1.881495,0.012982514
314225,0.00015997571,0.40681422,0.07872508,0.4877068,0.059416413,0.2378565,0.0034103342,0.58390266,0.8490854,0.06123675,1.7642437,0.6347438,0.22054842,0.4567449,0.7404356,1.4152508,0.0005013842,0.0013352131,1.6530207,2.1598277,0.14467247,0.5266933,0.48118812,0.4703156,0.37849265,1.4106042,0.09337933,0.37991068,0.26651704,0.07234782,0.43739432,0.0016513026,0.21584183,0.28591087,0.18709627,0.17399897,0.056459352,0.0062743514,0.37020364,0.010615748,0.4966045,0.15123849,0.00087711617,0.23122783,1.0678068,0.00953296,0.014753275,0.0058462964,0.1663589,9.143827e-05,0.0019415114,0.4240303,0.0025320526,0.0009093451,0.06335543,0.010849115,0.08354731,0.6580815,0.009619343,0.39642483,0.017366808,0.5655791,0.15283053,0.0109313885,0.25046137,0.18348686,0.01172921,0.04646124,0.0007866172,0.1204639,0.31627986,0.054625332,0.0009926836,0.052120913,0.0009456674,4.006456e-06,0.55801135,1.249346,0.22184224,0.6339531,0.002733045,0.1160331,0.7203533,0.77727,0.0014038031,0.0002828502,0.0653459,0.20557612,0.05133665,0.18194976,0.04526315,0.5555577,0.0032291429,0.00067421177,0.022990134,1.3228539,0.32079464,0.7367879,0.0977137,0.2222121,0.0040842416,0.33343485,0.5301094,0.029591061,0.023999471,0.25861254,0.050938576,1.7262261,2.998528,1.9922925,1.9233106,0.60225844,0.01579081,0.14616415,0.15921943,0.3122008
316633,0.6332918,0.5632428,2.447781,5.225599,3.828992,11.2779255,12.652353,14.128324,4.4462953,3.4947147,17.45843,23.269203,1.4972938,69.520035,26.608093,38.375122,0.15355158,0.4759624,3.1984365,50.358112,10.474664,27.338253,17.135777,29.090494,6.2129264,54.943092,6.8406157,44.450916,28.338943,0.1866349,38.929455,6.8033147,0.025471557,19.487686,43.201603,49.76555,0.66504866,27.77313,38.15188,10.214763,2.922989,0.013852948,0.8868945,5.419886,12.050542,12.900635,3.3871415,12.770674,1.1587969,5.184134,16.263012,51.245926,3.260118,3.0980766,0.66569024,5.4211307,0.9132168,14.588017,4.3526044,22.897867,0.0052725873,0.16046213,64.41848,0.6458409,18.59644,29.789808,0.21114732,0.99183565,25.810654,3.59247,5.1601505,6.3417296,37.196312,66.02742,16.235168,42.45714,51.147305,56.40907,33.938133,10.212816,10.274225,0.01506712,1.7050335,11.906972,5.573718,13.456195,1.0292064,15.806554,1.2651675,17.2023,5.311068,34.75499,15.51319,0.94036245,0.55582386,8.648199,19.52379,57.040554,0.000567366,31.01054,2.9773576,7.6546817,9.938354,1.7327569,0.28294632,12.092754,7.3021708,9.079572,85.165306,31.033247,14.818891,3.9647264,7.8186665,0.26759472,18.791672,23.71884
316835,0.0032867286,0.6423785,7.9202595,4.0844636,4.150691,6.5908766,0.034450937,8.861977,5.905118,1.2853509,12.033612,9.35206,8.201038,13.977513,15.882254,25.37592,0.23464711,0.0441915,2.1798625,20.07213,3.086142,13.278664,11.494803,8.81266,4.4142885,28.035713,5.6663184,19.948465,11.157038,0.1174131,19.204937,2.2072241,0.19695498,4.6046095,17.885437,25.182972,0.020220075,5.2170205,14.421023,1.6169199,1.6134617,0.33174652,0.11728341,2.9297965,2.0533643,1.7855194,1.9862894,6.0559273,1.489274,1.6275653,6.3764696,15.712909,0.16307183,0.6198117,0.0018286591,0.64969164,0.018078113,5.00412,0.63502306,8.72702,0.10717915,0.016077599,12.199623,2.0125175,4.724316,10.957839,0.13953985,0.08009726,1.1767701,0.062011857,2.8317277,4.0395956,11.671392,18.140709,7.683999,15.651753,12.82363,12.56399,6.9947433,0.08218244,3.4888794,0.3027832,1.7590644,4.572489,0.99457943,3.7320352,1.4492801,7.6974525,0.12554257,7.4331913,1.6003752,10.76816,3.0720236,3.084622,2.5277607,5.0045176,5.7783656,23.377857,0.17971173,10.971337,5.402065,7.9243984,10.137449,0.9313663,0.19980207,3.3844724,15.792394,7.7008796,35.664143,4.7545657,6.2568707,0.11145669,1.8434635,0.36413458,3.688879,13.029874
317332,3.42398,3.8562415,3.3844051,11.179172,4.599854,26.45716,41.20572,42.454544,10.573896,22.001612,53.14869,73.05913,6.555535,207.45676,64.26404,120.53325,1.1614677,0.4535251,6.760385,117.72691,17.964006,61.379665,42.69569,72.79736,13.077885,151.1236,15.606021,117.26977,96.38269,0.9065174,134.78096,15.030725,0.2691028,48.530075,150.70413,191.62613,9.738069,56.525158,88.78887,21.218025,3.3893633,2.2186701,0.12877275,13.200693,33.054844,23.583,8.309107,36.29364,3.17783,12.074845,51.597054,175.61703,11.246785,5.0393243,6.553142,5.942221,0.3591446,42.585217,0.36239332,57.316505,0.0037604356,0.1093965,150.59549,5.783386,62.997585,112.4357,0.6879962,0.11560922,41.390987,3.9458172,16.180561,10.950466,103.331276,158.68288,35.858204,77.221535,135.28354,125.00164,88.43061,25.854752,29.547068,0.14804097,14.49741,21.11941,15.002158,62.8559,4.943821,58.895973,8.83589,55.92689,24.631893,52.533092,27.594492,8.72025,14.018889,7.5062284,67.84914,189.84245,0.63728523,64.878975,29.84949,53.431232,58.492718,1.4018499,0.4174519,23.234259,17.854763,64.80771,250.63681,42.383003,37.62913,8.482853,20.914728,0.3590096,51.022793,54.062195
318637,0.10298092,0.00034738448,0.10190769,0.11868424,0.101261176,0.17411241,0.35739544,0.14852053,0.38908544,0.34989825,0.6265773,0.33953485,0.1651618,1.0148585,0.47444475,0.77912515,0.001267178,0.010523674,0.1352928,0.20464212,0.20772903,0.001409723,0.0100832665,0.00087666255,0.113838814,0.44859186,0.04369445,0.1924815,0.04716317,0.081966974,0.02209464,0.043028194,0.013037065,0.03628072,0.08480364,0.0002439395,0.023977712,6.911093e-05,0.8393088,0.01193154,0.10583233,0.14758714,6.433257e-05,0.00895398,1.0284783,0.13846861,0.00010726544,0.035120316,0.13743432,0.030413646,0.12565161,0.64342064,0.000653272,0.0007542076,0.012465401,0.18570921,0.6758277,0.1472976,0.32193232,0.008134095,0.075738065,0.15477835,0.36372983,0.020536238,0.06816925,0.5026512,0.3133437,0.029814644,0.44076425,0.1484805,0.0028500494,0.05728846,0.001946928,0.12689397,0.008095737,0.036053423,0.17638004,0.7771183,1.0663424,0.039012767,0.0018017656,0.06048072,0.34711453,0.6444621,0.04151669,0.0039076954,0.16262728,0.2959355,0.09899123,0.10325593,0.49455988,0.22141702,0.00896479,0.26542896,0.068001255,0.24612688,0.04129566,1.3871043,0.05023315,0.64618504,0.4122346,0.20381333,0.47359863,0.10905681,0.64027184,1.3812906,0.4065758,0.24007314,2.257669,0.27274635,1.279404,0.13600388,0.012816981,0.030596264,0.48849145,1.9655166
320826,0.2043004,0.51931,0.21348411,0.0624234,0.25112504,1.5362117,0.836423,0.32144618,3.088107,0.95105934,4.2612658,2.08034,0.56160617,8.471183,3.933225,5.4364653,1.2137213,0.06520342,0.7687554,4.901721,0.4857678,5.4897704,2.9087129,0.6023201,1.4597108,9.266988,0.7028984,8.150794,1.2609066,0.09719408,1.6702404,0.028809328,0.032019127,0.34559247,1.1774946,0.07456936,0.3437358,0.44271722,7.4176784,0.19277601,1.1429797,0.01833257,1.525351,0.40683421,4.1664047,0.056906335,0.24340622,1.5017155,0.5196956,0.4926058,1.8132868,8.503612,0.041912775,0.015484724,0.04558856,0.8437801,1.6736873,1.1043369,0.068512835,3.0996242,1.1708143,0.00033961088,2.1417534,0.9708533,0.0126963025,4.5376096,1.6757364,0.13964707,0.010829624,2.8058167,0.051897626,1.6648338,0.91749054,2.9319193,0.0837391,2.8957336,4.359369,6.283007,1.9967856,1.8566349,0.00096827646,1.1866585,3.0316005,2.9815183,0.17732888,0.42841136,2.673669,1.3166045,0.012784248,2.704583,1.7195181,1.1696849,0.583449,1.349005,0.22963521,3.157447,1.2940956,2.8991914,0.06255637,2.9420135,3.4706225,0.8038612,4.185028,0.12628186,0.11055507,0.09089858,2.033928,1.4527601,8.9509535,8.0223055,4.1749325,0.44209543,0.14429796,0.7245737,0.5819722,0.9980564
321323,0.6098227,1.0576872,9.881994,5.0113077,4.8559346,13.586623,6.029864,18.264957,6.5293546,4.541779,16.968403,24.099014,8.018135,65.90465,32.66714,62.755024,1.1806523,0.024063531,3.9207923,51.922806,7.5074983,28.645514,23.998652,24.139042,9.644477,67.911095,10.781604,51.248856,33.499306,0.2553556,50.787914,4.3518257,0.012162936,15.147321,53.309998,65.04643,0.24502757,20.555723,33.37402,5.4309206,3.5256877,1.7914189,1.4982375,7.1119037,6.867532,6.0761623,5.4703665,15.1648855,1.4334937,2.959285,20.779325,62.802067,2.1005087,0.4180057,1.1230046,1.9712583,0.2069033,14.963603,0.732621,21.39179,0.009972231,0.058771655,55.224087,2.4769819,17.526579,37.565174,0.019596241,0.10666181,7.525551,0.015926205,8.038678,4.6340904,35.81821,52.192837,14.319128,32.346966,49.025238,41.464058,30.298449,2.2487493,9.790268,0.68471086,9.923757,14.7696085,4.9978595,19.418787,2.4112165,17.016672,2.7731726,20.627186,2.7599,27.111938,16.561623,3.576754,2.2966459,11.0661125,24.711739,69.29128,0.00051702384,30.150957,9.275914,17.874384,20.413105,0.7763375,0.19804722,8.51799,15.5303755,24.252367,90.52859,26.088078,24.383158,0.29843217,7.476022,0.12609963,14.768929,19.540771
322224,0.28355983,2.2335927,0.48450342,2.555635,0.5721785,1.2178614,0.075845905,1.2860448,0.18985896,2.972119,0.067780815,0.2049209,0.0039655864,0.27888522,0.20481731,4.452705e-05,0.003086383,1.1540017,0.031456716,0.0997525,1.4909804,1.6569724,1.802907,0.4837964,0.06779565,0.7914512,0.569874,1.2892272,0.6555726,0.15490256,0.019116323,0.020981112,1.8511403,0.14540522,0.35969332,0.052227344,1.0875876,0.7456312,0.9994598,0.020452498,0.3602726,0.11437592,2.7640905,0.1365071,0.6088031,0.005687146,1.0795739,0.29913676,0.5107964,9.893146e-06,2.965203,0.4022438,0.6567331,0.03322589,0.018981902,0.051411055,2.788401,0.20935728,2.9582713,4.07482,0.4876069,0.52556634,3.0094151,1.3704116,0.96150494,0.02128824,0.4822529,0.0066267666,0.1337903,0.8055364,0.25879458,0.113480486,0.0116328215,0.20309669,0.063259155,0.82382536,0.19203167,0.053316593,0.2367137,0.00057812716,0.04432551,0.3802647,0.21942124,6.19913e-06,0.8340205,0.057304554,0.78890014,0.33711022,0.4419672,0.43295276,4.1592307,0.712659,0.46255672,0.060775716,0.9285271,0.46441457,1.2690783,0.003778257,0.38378844,0.066489525,0.51754963,0.96686816,0.27005208,1.137902,4.2824984,2.3674304,0.97360027,1.5294495,1.801164,0.06780608,0.42664832,4.3829713,0.65532035,1.7594616,11.895889,0.9933639
325129,321.3549,312.546,232.5915,18.622843,484.44843,172.97235,136.85637,265.90204,38.12004,676.50226,1.2993964,22.698168,76.16148,255.15268,2.1975622,194.48866,4.495284e-05,174.8089,3.8405325,37.674786,289.81204,37.204468,62.61895,57.780773,1.2612472,38.199383,217.0778,402.6278,1.8097094,35.073444,0.9116336,5.2465076,126.17381,2.1297877,3.2978127,28.784235,26.84268,2.9775367,155.56908,43.43327,69.95768,10.99659,597.32007,24.117937,92.69593,73.3906,140.65187,14.876636,6.1338744,29.932234,757.493,283.58408,12.165562,26.642475,24.461903,7.0723524,203.76427,7.4802804,313.4023,785.2596,156.58716,70.455055,246.5321,363.14246,28.832397,235.1937,22.626862,85.29827,0.04479043,228.74861,6.447685,31.957718,47.626823,85.73001,158.66211,212.98126,157.46732,146.4727,40.08227,211.87224,3.3614204,93.38439,109.81452,71.657684,208.76085,5.339887,97.025566,349.53088,133.0304,5.681609,322.33456,12.370553,37.631718,296.88675,283.71487,418.95746,12.970287,2.8896406,161.44414,49.959385,15.561191,36.064384,20.301317,134.96992,95.315994,14.402263,7.0130115,2.4229188,169.69695,129.79863,4.645169,15.641615,292.7462,130.9642,973.2677,95.53661
329440,24.677067,0.14327063,0.2580076,19.808186,5.863677,78.59015,252.10614,114.37178,34.81604,87.5041,151.38942,228.64635,1.7966721,880.98517,203.41719,379.08765,1.861457,1.6203997,4.2219496,315.30435,58.98948,171.85791,110.9329,246.27713,34.129482,506.86456,47.69647,389.24487,333.9648,0.45965835,364.36926,41.42503,15.887284,126.96259,410.1824,530.3291,70.29663,221.99629,305.72552,79.533554,6.6022115,0.2948444,3.737844,11.446169,224.47594,72.459305,6.7458487,89.81057,1.986534,49.384155,132.99623,712.2903,66.06828,31.939703,44.060482,35.083225,17.225872,115.24259,0.0697709,217.37833,18.643524,8.406114,510.00558,20.877062,179.72319,466.76364,25.61372,14.662762,205.00839,18.078157,21.114357,14.882481,315.3865,538.3474,113.94891,264.0973,426.2429,449.0315,292.9381,129.00711,105.87368,0.03130177,84.83673,104.28755,74.291824,238.461,25.237795,158.29686,42.32308,229.38994,95.71295,215.50879,109.73626,5.060392,29.287346,18.066525,205.35701,598.5164,5.0773597,186.7529,67.31145,115.510506,167.24016,4.2255645,4.1681714,66.22412,26.507042,157.22404,1026.9978,118.62476,74.99855,15.060544,53.835278,3.5752199,164.33842,181.51424
329844,5.9791846,10.227902,1.5543246,0.21072058,13.458679,5.5107665,0.63532084,6.042583,0.027164478,13.994741,0.059403997,0.010281783,0.0114605455,5.4269824,2.5456932,1.6656233,0.057196338,3.0198839,0.0009412149,2.1041107,9.252138,5.526474,5.313508,1.7438742,0.76165885,0.51958156,2.4342709,11.027309,0.23574218,1.1567423,0.16902027,0.23638636,4.049355,0.050588407,0.42754987,1.0630926,1.1611156,0.47566283,10.670041,1.8387779,0.00087469065,0.8021268,17.914799,1.8261148,2.2239995,2.833625,4.652901,1.2184799,0.2491563,0.8037208,30.470942,7.3226457,2.8230436,0.4926058,0.17154333,0.15162234,11.306936,0.20211329,11.260151,33.156727,3.2600732,0.20131902,13.669582,8.802264,5.991177,2.5880716,0.42809823,0.6066327,5.2927494,1.6183785,0.3431056,0.32797152,0.5989165,1.5399933,2.3743734,3.9372327,1.3609647,2.6619642,1.1874539,10.20919,0.00022269701,0.98620707,0.48651737,2.721136,4.731329,0.89538276,8.057092,4.507066,10.171307,0.009666062,11.22861,0.72693354,2.3680284,6.7915006,3.7579272,13.196389,1.936961,0.11045475,3.2376533,0.07383843,1.1418213,0.113607295,0.09002437,10.821806,1.886739,0.11469641,0.72502804,0.046150308,7.590232,0.29926538,0.04441043,2.8032749,3.227317,8.785433,29.572723,0.63989776
330324,57.67286,63.00103,45.32493,10.90106,86.46881,49.012657,20.97415,58.035378,8.832441,174.64227,0.68647116,6.812424,7.6141653,55.812958,1.1054865,39.449005,0.12855324,48.81693,0.00032853932,19.670574,72.47961,13.887437,31.503435,21.533121,0.25580767,9.811694,39.56873,90.27608,0.6789385,13.883627,1.3336598,0.008727246,38.888683,2.466335,3.2008963e-06,6.861701,4.3596497,1.3843191,50.83354,6.2033906,8.345829,0.28137764,130.48183,8.480456,16.491476,13.637489,29.658491,3.9137406,0.6573093,6.490164,164.55095,50.846035,6.851851,2.6830213,4.538867,1.3864917,45.73112,3.1748054,100.085106,200.15591,40.471447,16.304863,75.569275,80.27595,7.786041,38.234425,5.0333886,14.463108,0.6520383,41.685524,0.84288967,2.8475275,6.9010267,11.345088,26.452995,33.91591,34.192005,32.907032,10.440109,55.495094,1.7434826,21.646019,29.818197,28.905846,51.135204,1.1329843,23.109589,79.886185,36.103283,0.5368948,104.66532,15.434698,16.511478,40.541096,85.19034,102.6136,1.1100123,0.049374804,20.399982,3.0721664,10.6425295,2.2624936,0.11719118,46.142345,36.002678,11.465046,14.661757,0.08365416,40.460297,26.603374,0.68958807,1.2134194,34.334152,43.095375,258.09442,7.7369404
333330,3.9101987,3.1706347,10.172237,14.518748,7.482545,39.10319,43.401234,51.77992,13.06757,26.22214,58.86777,82.45897,11.432645,251.05989,82.5641,159.1427,2.7402608,0.915886,7.921542,153.48462,16.104242,70.70107,52.95441,83.099495,13.913605,189.48572,22.403093,145.93721,116.09778,1.9797333,164.34605,16.59279,0.458242,46.99413,164.35551,219.31352,8.962314,62.383244,106.76398,23.39849,4.2573805,5.8666563,0.19251233,15.5006695,36.76155,21.111692,12.033168,50.91779,1.6215878,10.076908,59.679493,217.28354,15.561808,4.472145,9.774303,5.497622,1.1915709,47.123226,0.53280663,52.795784,0.15008561,0.6507627,177.48738,10.512464,59.74874,138.57198,2.2007453,1.5581608,34.9297,1.8509874,16.282001,10.714959,114.43535,176.3242,51.885025,92.06207,146.19809,130.58772,88.10116,22.477318,31.611895,0.91051894,23.251,28.0607,14.527502,84.19552,5.219442,74.46192,12.463612,65.161644,23.992247,64.03359,33.756893,14.821412,10.763047,15.07178,75.63311,234.42204,0.5275045,83.42793,43.694107,79.340385,75.06419,1.2609152,0.23128498,27.069433,34.97973,94.451416,348.75696,56.485657,67.20872,5.7503514,27.645264,0.20859623,57.493538,69.93388
334635,0.018508747,1.481575,7.4230647,4.4497204,3.0326188,6.0016475,1.1518908,9.301048,3.4162989,2.4337442,11.041107,12.112295,6.102364,23.57677,16.016209,32.043823,0.08265421,0.2537877,2.7821012,30.360733,2.8519468,14.585523,11.265536,12.749889,3.373796,27.854137,4.5097914,21.995863,17.25777,0.012189033,22.34715,2.628846,0.2944787,7.5802565,26.079144,32.661343,0.13825884,10.646442,14.362813,2.9258173,1.5832728,0.42778647,1.5760757,6.383031,1.4663656,3.6812642,4.163988,10.647516,3.0606606,2.2801886,10.220971,21.781649,0.2754592,0.5716983,0.034418862,1.6855006,0.2127742,9.224995,2.4050682,10.6705475,0.6879324,0.030293461,25.331203,0.93241,13.117419,12.126948,0.49449256,0.08336327,5.99924,0.46798167,2.9424024,3.9895341,17.889894,27.141731,5.3223896,13.110948,21.952084,21.234892,15.8302145,1.2807466,4.6511374,0.16505511,4.3107657,5.5933456,1.8971156,6.3194656,1.1547062,7.1248574,0.17256252,9.147891,1.2374712,10.325973,5.4944606,3.5883508,1.6122197,6.1274824,11.345798,34.765198,0.0080259,14.929406,6.4587455,14.422556,7.7698913,0.6318592,0.3663049,6.163028,9.235848,13.189597,46.252155,9.628362,11.990442,2.1463661,6.49982,0.09635268,9.13467,17.24131
336841,0.0053879307,0.008018714,3.8082566e-05,0.0030835888,0.08495826,0.0030131517,0.0044945967,0.006691413,0.15927286,0.025808044,0.00090752414,0.13562195,0.0028045257,0.03988747,0.000108257904,6.494596e-05,0.088784024,0.0010610537,0.011160299,0.03383311,0.26235285,0.12921724,0.17443828,0.04386012,0.29365784,0.03916797,0.07856135,0.0026979828,0.03471277,0.04206535,0.029314147,0.0008093557,0.004695245,0.0028533088,0.1766591,0.12085036,0.054383997,0.22473532,0.15514597,0.03217943,0.0898697,0.038974844,0.11020581,0.013331489,0.0010630972,0.005029459,0.3473774,0.06498816,0.060196742,0.06470342,0.16432996,0.012569859,0.31515303,0.00037906607,0.0027330061,0.0017308864,0.010048367,0.014613245,0.021518484,0.002565646,0.07426979,0.035507645,0.07588879,0.034513474,0.056658372,0.055158745,0.12387035,0.0047360775,0.09468199,0.07491691,0.17531148,0.033982377,0.0020640206,0.00061566406,0.013234929,1.5019454e-07,0.038022697,0.07252993,0.0054201973,0.1220569,0.007738934,0.019203085,0.1946153,4.465208e-06,7.484893e-08,0.047980156,4.1235623,2.2668715e-08,0.00011645734,0.01411685,0.69579226,0.0536536,0.00088285026,0.1721301,1.3010515,5.0905366,0.9620835,0.25688013,0.007991858,0.0029177146,0.0652767,0.14542726,0.00066517206,0.03311729,0.40990523,0.40466255,2.4742768,3.091003,0.17316966,0.2557841,0.54320765,0.47481826,0.16544971,0.03493407,0.0005167068,0.18907781
339847,11.326215,14.519777,10.098297,8.219292,19.853317,11.326024,5.5501237,11.646999,3.3233914,32.043537,1.1834899,2.868771,1.1082728,11.58384,0.009011308,6.41006,0.81546926,12.128843,0.41822484,7.343321,7.537611,10.7274275,15.428888,8.890219,1.0480669,4.227485,9.846994,20.907314,4.418906,7.122675,1.8832251,0.56141895,12.877544,2.966814,3.563507,9.222907,4.557375,3.7280107,3.7298973,0.26854765,1.9830455,0.73611623,28.472296,1.1694587,3.5251157,1.0423195,12.966658,0.007039466,1.5005952,1.125224,41.19027,8.615996,0.31483173,0.12748845,1.3376424,0.7190057,18.423216,3.752973,14.62198,30.330635,13.401392,5.261566,36.641556,18.10314,5.4472737,4.8575697,0.6482478,0.24058063,4.299619,4.9211707,0.8501351,0.27099106,0.011759061,0.004579058,0.004304929,0.46457332,1.0192629,0.54877776,5.1989913,9.517597,1.8475082,4.8773327,10.001436,10.170729,15.5575285,0.5368928,2.4976792,12.535169,3.6610136,0.06722028,25.481836,5.6371965,5.488357,4.010418,10.600052,15.7688875,3.3390224,0.037768327,2.1655679,0.24017753,3.4371111,0.0043978207,0.18185619,9.124388,14.603141,4.3058815,5.8065133,1.3622508,7.011861,1.315071,0.6147098,2.1510572,4.018692,9.927118,68.03895,0.57680506
341834,0.40969473,0.009723517,1.0304168,0.77235824,0.33299816,1.5186927,0.07448003,1.2212867,1.209296,0.21179782,3.4861968,0.78385293,0.5118486,4.2886195,4.154035,4.0292144,0.054521125,0.03289063,0.9661767,5.873319,0.6303759,5.7543807,3.023031,1.4212452,0.75658196,5.6577635,0.5053005,5.0856333,1.6021283,0.0095185675,2.247103,0.249477,0.24804297,2.2699995,6.4506187,5.033795,1.0085187,2.2364407,4.134765,0.589277,0.5052806,0.0028096796,0.8836741,1.3334569,0.95287865,0.541154,1.4514856,1.6317033,0.015470752,0.19710256,2.2458663,3.2630942,0.0007857833,0.017334,0.21707495,0.4021824,0.09683802,1.5850688,0.21931833,1.0893012,0.40712386,0.0731096,6.7710767,0.10892478,2.8899798,3.0450912,0.4671034,0.7159121,0.1584087,0.0102954,1.8659806,2.5908358,3.4280453,6.1123314,1.3577274,4.4548435,4.288285,5.6396475,1.6854638,0.019207405,0.532326,0.3104785,0.016943527,0.65012985,0.22409576,0.2687597,0.25550056,2.084118,0.043292616,1.3933113,0.086007215,2.1946576,2.567066,0.812223,0.32697105,2.298246,0.56961817,3.7107568,0.0005630172,3.136797,0.38050196,1.9475758,1.526153,0.24874675,0.81688774,4.174378,2.7641635,2.0836325,3.8620343,2.3864646,3.9659238,0.10837529,0.08493476,0.06508908,1.1336049,2.9371712
342129,0.3446145,0.009359131,1.6749676,0.88032943,1.305582,1.712674,0.42916358,2.4220638,2.481166,1.1200035,3.9625738,2.8918664,2.5437596,10.185056,4.730914,9.155783,0.59018344,0.00062858337,1.7579377,10.060851,1.2191011,6.763392,4.733989,1.9327264,1.5493157,11.4114,1.0290679,9.439595,3.0739617,0.18233052,5.2889504,0.27201545,0.0026395868,1.4274704,5.922113,6.041983,0.09567519,2.3142092,5.201889,0.72080714,0.86416435,0.36234185,0.6902291,2.0569324,2.046441,0.18041962,0.5083089,2.1194448,0.011216475,0.04144645,2.5245445,13.151953,0.09733523,0.040340032,0.38589445,0.15433209,0.26629835,1.616366,0.31668997,2.4475434,0.016399221,0.072658986,5.7473903,1.4340045,1.4378369,7.9894657,0.07600799,0.004299753,0.17721747,0.49016672,0.7370229,2.268973,4.937171,9.50184,1.7737975,5.8037457,7.2677417,10.08081,3.0581143,0.030122668,0.53701717,1.2463918,0.03869979,1.3623792,0.12682307,2.4046822,1.981806,4.703384,0.00075556355,1.569061,2.970984,3.1720643,1.6124415,1.806517,0.6986543,2.9059684,2.9266357,8.144904,0.013838922,5.010494,3.1351032,2.7799056,5.5582776,0.103655405,0.08246621,1.0678253,5.303768,5.2180314,27.17426,4.9388113,4.6893992,0.2993618,0.2089176,0.78114474,1.4533111,9.769058
346137,15.141498,1.3223292,1.4831998,18.050068,4.6072006,55.94067,129.65253,82.511284,18.956972,58.430367,88.189835,145.52756,4.5533214,529.7031,133.95279,263.44464,3.4735146,1.7829162,5.3349566,220.56213,33.878098,113.36211,73.26607,153.85875,19.012276,329.77838,34.208744,251.41344,212.48491,4.633678,267.2836,26.015577,6.666799,78.432365,290.87238,373.47107,35.656395,123.57708,198.36649,48.464096,3.2038856,2.4516492,0.6291514,11.137099,105.445625,45.12144,9.132586,68.50067,1.0421249,26.259243,95.592514,444.4235,38.58283,14.912101,25.031925,12.981512,6.624874,70.40211,0.08679106,115.35771,5.5825768,5.179872,305.43256,17.15538,113.923546,283.96436,11.372212,11.596163,81.956955,5.5458364,17.939245,9.568504,193.1196,308.9752,79.31381,158.07405,258.49225,246.90437,179.73,63.863087,63.705868,0.2617087,63.860474,70.34379,36.65804,169.19614,25.199299,102.494514,31.089928,137.79347,56.26052,139.73108,73.76892,7.851577,32.302177,9.609715,127.05952,400.49118,2.6105442,128.68707,63.94917,102.40689,124.29519,3.7223382,3.353702,42.683414,29.355827,120.703384,588.3273,57.588604,56.80244,9.704038,46.976795,1.2075274,101.93722,112.56582
346945,21.386576,26.928574,12.451573,3.6231892,38.501427,15.863665,7.6936445,21.543676,3.7678087,54.634293,0.732739,5.4072185,2.3799565,23.59778,0.29212,11.13842,0.6631637,26.526258,0.0010062556,6.7812376,19.572361,9.922334,12.541232,7.647364,0.7299318,3.741049,16.175512,35.799984,2.4189959,8.575299,0.36100608,0.13977186,15.215093,2.5325294,0.0064839413,5.186931,5.021975,2.53118,15.193555,1.5541736,2.7545645,0.06939511,52.91943,0.6557971,8.840439,1.8939972,17.739016,0.5448926,1.3933332,3.0063276,68.62754,21.519945,1.903686,0.49910966,2.0600927,1.4944974,20.022982,2.401016,33.2256,69.16564,16.978533,6.3329005,35.877216,33.62743,5.443089,15.027819,0.31576473,1.7035025,2.6194496,11.078186,0.54569304,0.009482246,2.2538924,3.0581498,5.400364,8.6003,7.6339173,7.083927,6.0974603,22.646713,1.327503,13.028287,15.533864,11.633137,19.770313,1.5955294,7.7123036,27.03934,11.09523,0.20704958,36.861183,4.319962,5.6121225,14.678836,20.518936,28.206806,2.2196212,0.24246483,7.3023047,1.7582146,2.7220566,0.46197802,0.3225173,18.121841,13.301043,3.2624412,1.7696451,0.00045852544,17.647312,5.1499443,0.13221645,0.24302629,10.465179,13.772735,85.72327,3.0691
348545,0.961376,0.25152683,0.1594182,0.10677108,0.48695,1.5327754,0.58243454,0.24602965,3.1539123,0.27785787,2.108695,0.95746785,0.6888874,6.4359636,3.0758686,2.5062969,0.7175324,0.23177874,0.332625,2.8802667,0.34071663,3.1417086,0.89762,0.5356743,1.1494877,6.845953,0.3467932,5.188321,1.1907005,0.19016156,1.7993281,0.03194184,0.044055365,0.24136883,1.1242282,0.8061775,0.0010635171,0.3911479,4.6560802,0.2203302,0.49925753,0.2195422,0.17920618,0.46641675,1.7881129,0.0025879936,0.09187419,1.2479657,0.018495135,3.4488916e-05,1.272235,6.195111,0.04299734,0.21289723,0.007050387,0.30293828,1.0835619,0.55499035,0.07332457,1.3134925,0.35097414,0.02728588,1.9215266,0.74558306,0.18856038,4.980873,0.13500544,0.015051218,0.3328626,0.2127119,0.4284575,0.8858033,0.89271885,2.880656,0.05190512,1.3616899,2.7704577,4.6669135,0.8152866,1.0622292,0.01548066,0.6546381,0.01424518,0.01930753,0.0032930346,0.67448163,0.2942462,1.5557421,0.013405656,2.08925,0.3893688,2.3404813,1.3521907,0.20308588,0.19119926,1.1966834,1.9909581,4.6580167,0.027501136,3.1343818,0.9491835,0.45317307,2.3208015,0.32695025,0.18884967,1.1876616,1.4459578,2.0337431,13.289997,3.992175,3.1420028,0.4311429,0.31995073,0.17196558,1.1646132,4.1542625
349244,0.053329214,0.0027015195,0.41290128,0.083018646,0.0023610345,0.28650132,1.9155934e-06,0.28460783,0.7849291,0.045140587,0.72238564,0.32170373,0.16799784,1.0305173,0.38755375,0.3828968,0.00172571,0.013181491,0.40881193,0.5854724,0.082772434,0.3514918,0.91482794,0.34132817,1.3859668,2.08732,0.05793366,0.9358154,0.19483735,0.0032447933,0.7533274,0.0033605022,0.18962635,0.11772764,1.1325189,0.10693143,0.44768074,0.17916189,1.3171054,0.14642341,0.76926804,0.020870307,0.12417618,0.31390047,0.11624994,0.0039542853,0.16279009,0.2144568,0.0002457554,0.05779795,0.6364405,0.72758955,0.004136579,0.11169282,0.0037435151,0.02569618,0.011278755,0.32836816,0.0008557802,0.45520252,0.10309577,0.19541372,0.5331794,0.039693262,0.4597319,0.56097496,0.041620936,0.14051282,0.04038168,0.07347019,0.85489815,0.32557073,0.014404132,0.27418453,0.5328912,0.26775268,0.4705287,0.3467989,0.6108246,0.33076203,0.048772506,0.14139365,0.0613303,0.20208652,0.0699741,0.058165148,0.123626344,0.15112504,0.28813186,0.32655522,0.014484224,0.01308384,0.0031908453,0.84876186,0.5421875,0.040049143,0.08163605,0.31979296,0.03332872,0.14114799,0.13794748,1.1549604,0.37831438,0.00011303105,0.5553842,1.4565561,0.00045124345,0.044547703,0.001881816,0.3509644,1.3107572,0.017791595,0.2783585,0.063789725,0.47089583,0.56923753
350330,631.8897,584.56665,493.81094,34.09192,889.56775,304.6382,303.41858,478.71735,73.17818,1310.7958,3.528765,29.919651,178.0464,476.30984,4.1939354,348.0063,0.07546974,324.4087,7.0244884,68.75603,550.9153,50.97869,129.78075,112.15271,2.1832964,61.475883,390.25684,718.323,4.7166195,52.65517,2.4555993,12.445532,238.04936,1.2328637,8.346164,41.41991,52.530453,2.844934,294.35486,98.28472,125.27221,29.988152,1182.331,47.56476,192.35612,142.57925,274.99728,30.207067,10.744858,46.38343,1477.95,530.5376,24.022274,33.492302,44.31464,8.78501,413.52646,9.82197,614.5756,1455.0059,300.24857,106.11688,488.7267,690.79456,39.63105,400.64526,42.265026,180.14915,1.3792794,432.904,20.351131,58.868385,97.58521,192.7252,319.93777,426.83063,307.55637,296.08896,80.802055,329.89304,6.868555,171.85263,238.31252,116.538185,391.47052,9.490112,217.93599,671.5147,240.26062,9.0038185,644.4107,38.28927,83.65813,514.49567,571.5895,815.0702,27.543358,5.44548,312.74017,83.227615,40.439285,44.550102,35.267544,281.0884,220.3577,43.202286,55.422512,0.2732676,306.24994,221.5571,14.996429,39.536785,558.1323,251.70845,2082.516,152.3131
352132,5.711941,9.635362,3.5050204,2.0385575,7.211673,5.144601,1.7804642,6.6526527,0.33107677,18.4476,0.39079303,0.14685494,0.013011434,5.9502454,0.8874976,2.0401196,0.20798093,5.1934414,0.24969763,3.651552,8.697897,5.0504017,8.219383,3.1738038,0.05063185,0.74202806,3.4683514,9.856415,1.3204578,1.530853,0.031077608,0.015123962,7.187958,0.42047662,0.37242323,1.2110801,1.4894364,0.7575003,7.323635,0.95179397,0.157076,0.030071814,17.396132,1.4044288,2.1851506,1.6644686,4.958203,0.40080258,0.15266892,0.68447804,26.437277,4.923553,3.1083388,0.06125159,0.086641304,0.17769435,11.270098,0.7011511,13.804411,22.393137,5.2829065,1.3041133,16.92044,8.731062,3.27383,2.032829,0.5779543,0.8169347,2.5547228,4.1832542,0.18327379,0.0006796231,0.27129334,1.2387398,1.6716418,3.944915,0.76387215,1.0260323,2.469154,3.1506977,0.13717647,1.3718011,5.0201063,3.1150117,7.3365064,0.22026563,2.5935397,7.464382,6.2077036,0.056022305,20.53675,5.6232615,4.71274,2.0152466,6.6076365,10.308039,1.9349912,0.006350298,1.3896945,0.015432966,2.163261,0.6737304,0.07010315,11.430192,8.438545,2.1957579,0.5027329,0.19003741,2.734713,1.5254604,0.17331532,1.5599464,2.5600278,8.801793,45.87153,0.0013599229
352738,0.55824363,0.015318367,0.31123233,0.2901004,0.0644294,0.8831089,0.27424595,1.0516051,1.8666692,0.9219106,6.1606846,1.6328077,0.574848,5.7532835,5.0221343,4.176969,0.030981403,0.006439074,1.5461135,5.819937,0.27461192,3.6480508,2.7965672,0.65844357,0.4526183,5.7114477,0.1462633,4.506429,1.4065188,0.0714333,2.3168733,0.012806094,0.09122959,1.126665,3.5516226,2.1071317,0.11716219,1.1441377,2.6471517,0.118790075,0.7034511,0.008730031,0.40996146,1.159502,2.1659403,0.047672205,0.55619365,1.9549023,0.005750417,0.2173909,2.280488,4.9131513,0.13359468,0.27939123,0.2141709,0.62271416,0.30454725,1.3972816,0.030296925,1.7242694,0.45126608,0.11824071,4.742879,0.2371184,3.0695908,3.3838048,0.027219024,0.24753098,0.069194935,0.087971516,0.58010656,2.0504694,2.2470624,4.2858515,0.6025851,3.2648516,4.150136,5.209787,3.013324,0.028576812,0.3930044,0.5411383,0.18931958,0.9720119,0.12906967,0.557188,0.4966072,2.6944017,0.053428188,1.4918958,0.27869317,2.0360525,0.46469977,1.4106704,0.10574974,3.9087617,1.1065599,5.29527,0.012807526,2.5794568,1.2922214,2.817569,3.5546763,0.06896194,0.60179263,2.5921798,2.5135834,2.8492758,10.480773,5.601775,0.70846844,0.18639316,0.11289055,0.32995325,1.0511734,5.2366686
353740,3.0844293,0.24121982,0.147921,3.1961813,3.148549,15.285852,34.419476,20.136374,6.8334002,13.353296,34.39925,41.04593,1.661094,143.92357,41.77231,70.03795,0.36529762,0.052193146,2.018368,64.826965,6.382119,31.586077,20.262413,46.006695,8.841062,83.0253,9.298571,70.28015,53.89127,0.26940376,63.18673,7.1301327,1.1450177,23.185007,83.7015,96.453316,7.511001,40.89736,65.33759,18.265707,1.8867321,0.03277373,0.13435093,5.535598,29.764063,14.351409,2.8202906,21.262047,2.0036485,10.286594,24.271313,102.4755,8.316652,5.9450064,3.574545,8.554268,2.3301353,21.60235,0.45405477,43.07549,0.9894594,0.5702218,98.75848,2.6312563,35.550037,67.400154,1.4284129,0.6291043,34.797672,1.8127263,2.4335954,3.2166035,60.42381,101.62953,22.691488,51.516216,75.56539,79.47379,46.986103,22.492743,18.368326,6.6926746e-06,14.678303,19.655714,10.855321,32.328945,8.204355,25.12842,3.4937534,37.19005,13.998458,47.37308,22.362066,2.5512464,8.596012,2.2552931,28.497429,95.50453,0.20606129,42.62717,12.185151,15.008815,26.493258,2.2639017,0.22529653,12.777129,5.2083178,36.632053,139.8952,21.530724,13.453355,3.4121163,8.210777,0.15412521,29.324286,26.41308
355239,78.64298,94.623795,48.860683,6.7693715,114.57046,49.16539,15.101236,73.43741,4.0272527,229.10349,0.5372467,5.1405363,3.8009272,64.00668,5.810876,39.931747,0.008664921,64.47379,0.5578948,28.578861,121.2569,15.740597,24.168217,25.953615,2.326552,5.5775576,38.73088,103.30462,0.10039548,10.221384,0.23207745,0.7313449,46.462574,2.0003455,0.023644956,6.168897,0.7728754,0.87860763,88.18085,17.29339,4.2634416,3.5863354,193.85913,15.904119,22.584303,24.746012,36.106384,8.848007,1.8155496,7.314747,265.1595,73.54616,15.089238,3.6181607,4.060655,1.0542052,63.42849,0.9993875,182.91623,346.41852,53.116814,16.401764,112.90357,126.49155,15.695509,48.195335,7.360759,22.708782,3.3840687,59.433086,5.186186,5.4072194,16.589457,25.47515,59.02637,64.02559,56.99927,51.625137,15.364989,76.70254,0.9841569,27.722467,30.523783,24.660517,71.75604,5.3090316e-05,51.39678,98.63016,72.58412,0.013667372,207.42822,34.16944,44.98046,45.954483,121.16507,178.98996,0.18204756,3.7295763,24.794691,1.0990404,27.606377,1.0589269e-05,0.0058365017,99.21414,38.97804,9.817397,38.202507,0.8945333,85.18588,38.786957,5.0915446,0.066930756,43.97775,86.781815,383.958,21.480925
356948,1.5506879,0.12906139,3.8744473,3.2042727,2.1297605,6.12979,13.919745,7.7104893,5.2573175,14.34986,11.864292,16.268793,3.0300353,94.53883,28.479603,45.776554,4.8560996,1.3105489,1.2411051,37.286507,4.6320662,19.170094,17.163738,17.93729,4.9023905,56.178482,5.6401653,39.577507,22.797014,0.77587026,34.8215,1.7707268,1.2218087,11.083965,39.809883,48.773342,1.6372715,20.22622,36.297333,2.767257,0.7717641,2.705295,3.0235064,6.4361124,15.283459,7.398163,1.7734663,15.245956,1.6574104,1.7301906,15.349678,88.27797,4.56782,0.00051016995,3.1419115,1.1053784,2.5557976,6.499289,0.41978505,19.052557,1.1233907,3.4499009,45.184525,9.991169,7.9431562,54.088024,2.4743633,0.48671356,7.0646114,0.34946853,6.3358397,3.7458296,22.866562,41.564903,7.769118,28.457651,32.239754,35.539825,20.331007,0.060149048,5.0779734,5.1385636,10.261479,7.801487,3.0884364,26.424265,3.122915,26.568855,3.386396,14.535044,18.97904,15.480991,4.429865,9.680339,19.561792,1.6867365,12.200383,47.58723,0.9202911,24.41923,26.810997,23.62004,30.74655,0.28567967,3.008418,0.028360866,4.4993777,44.482777,62.619705,12.151621,21.006077,0.036813308,3.1433609,4.1579638,6.683697,2.7493095
358144,0.8315433,1.045013,6.180055,6.6192613,3.1941833,10.957136,11.135446,18.344076,7.2110786,7.9254026,24.622517,28.053556,5.4268975,86.307465,39.514183,61.67599,1.0854464,0.0009323761,3.3915067,59.768227,8.679425,27.81476,24.935017,33.28431,7.483998,66.962296,8.720909,53.27846,37.79955,0.058816284,52.694195,4.789291,0.036950335,19.0604,65.41205,75.06375,1.4898716,26.79347,42.78313,8.1487465,1.3913512,2.124142,0.8737448,8.010287,13.671776,12.156741,4.58461,20.857876,3.725019,4.9932456,22.806345,73.099686,6.732928,1.4512699,1.3167254,2.3329563,0.567227,16.917913,1.8347831,28.189213,0.019620037,0.29139367,64.871956,2.2765243,23.505787,41.624554,0.092441,0.004145297,16.622658,0.17923395,8.478198,5.406473,42.638336,69.06383,15.935774,39.260708,57.685513,57.0304,33.618855,5.367449,11.30931,0.6158684,11.18108,13.5280905,5.460479,23.700396,5.42045,23.447624,3.3461437,23.880743,9.438802,26.655994,12.148751,5.663874,4.305644,8.007862,25.604097,77.94286,0.07808594,36.524296,14.171817,22.442684,24.40965,1.185665,0.23750894,7.2912364,11.106199,35.461086,151.69138,31.23624,22.115128,0.70313865,4.4678383,0.23528075,17.408663,27.731688
360030,0.62888944,0.00069182867,2.4746644,1.0817884,2.0804324,4.1503334,0.8096275,4.1474876,4.0106072,1.795547,7.850352,7.969458,2.699197,13.809123,11.267568,17.325874,1.00279,0.10385187,1.4195343,16.06951,1.201091,8.341566,6.9504337,3.1778524,4.5533223,26.379227,2.6561365,15.617253,6.878085,0.1118775,11.91347,0.401072,0.0033482127,3.2303078,10.941704,10.7307625,0.13783541,3.880236,11.003232,0.4639971,0.83884114,0.5227964,0.94379205,2.4712691,5.4251895,0.8160614,1.1481075,4.0278835,0.50004923,0.2765964,5.0216117,17.896147,0.20224823,0.0770487,0.019069921,0.39692298,0.85559505,2.0211794,0.64936644,5.6792407,0.0007176223,0.021916406,10.244314,2.8115695,2.6647825,10.849224,0.0003962862,0.0009723463,0.9486083,0.274719,1.4377737,3.2904615,5.8286967,11.210865,2.397869,9.09357,9.155051,11.504046,7.1527424,0.50954473,0.78948355,2.133802,1.4747015,2.7212055,0.2839206,4.129864,0.8780972,8.162831,0.0031559882,3.982782,1.3336736,5.8700213,3.006255,4.9048877,2.526736,4.3310814,4.458415,15.233736,0.054053985,7.945128,4.1585374,8.06478,6.7044716,0.12694307,0.3000405,3.112774,3.082121,11.695999,30.097128,4.2544374,8.573991,0.0040383292,0.70901,0.45007655,3.2010307,8.8257475
361234,14.348761,0.30074713,2.010189,15.035314,6.2432175,56.204327,140.64047,77.46921,21.041578,63.03786,96.15146,139.36281,4.400313,584.3669,138.18169,246.46432,3.4980474,2.887419,6.2671566,229.67665,32.043953,115.8399,79.25739,154.40698,23.297642,350.06308,33.887478,260.47568,211.86871,1.784164,262.45053,25.455557,9.20091,82.59728,271.86694,358.83438,37.372604,125.087105,207.2159,42.89886,4.741953,4.1862097,0.60170287,10.632486,130.3953,45.673946,6.407836,62.47925,0.8601062,26.6009,91.715965,470.31342,39.502872,13.121124,26.008291,14.702841,10.554496,67.82282,0.003364916,114.56719,9.119503,5.7335186,332.14752,20.425694,96.88721,315.84186,15.497557,8.853786,95.27873,7.6279397,18.331514,12.463185,202.69174,330.57913,75.5748,164.2606,263.3266,264.1723,206.04099,69.22005,61.365864,1.5952455,55.634464,66.484344,38.99744,169.70596,23.249826,117.6313,28.055374,130.6587,49.999237,128.97937,77.14288,9.0891485,25.429543,11.986855,116.94808,385.2208,2.4517508,133.2332,62.03481,89.94015,125.749855,2.1095548,2.8185575,39.025818,27.77865,129.76303,618.34625,91.462,68.965096,7.750426,37.63501,2.7287714,102.611206,108.854065
361941,0.12984577,0.17259671,1.956379,2.128483,3.052034,6.328891,0.6261929,4.495733,2.820313,0.03191187,5.3502855,4.607947,2.4226587,6.969481,7.6369624,19.326422,0.245004,0.30694285,0.9708193,12.967338,1.1199199,8.288725,3.8959093,3.7206314,4.919733,23.147032,3.5250876,14.809161,5.118628,0.05224613,10.199816,1.3612448,0.64547634,3.5556087,10.240321,9.2737665,0.49881005,3.659079,3.8728647,0.8447316,0.4039012,0.017398918,1.0285687,2.5330136,0.8433969,1.1051672,1.7104127,5.1556897,0.73385495,0.84403706,5.9732747,8.871146,0.02378207,0.14673427,0.07260899,0.63053024,0.086827606,3.342738,0.02338622,4.9482408,0.9537713,0.302031,8.290944,0.25567234,5.378625,7.6104236,0.8069133,0.4372272,1.8038486,0.23626506,6.0993705,3.9312809,5.9227347,11.778152,1.8957438,7.7484546,11.498019,9.264374,4.61504,0.18615063,1.6724193,0.42130506,1.697932,3.7341845,0.17921405,1.7695255,0.7381656,3.0201592,0.11382124,2.526472,0.20036174,8.1174,5.9079375,0.039720938,0.29292724,6.4703298,4.2592964,13.039194,0.03099202,7.891211,0.30113316,4.066418,2.9039962,0.6397293,0.07368904,3.0368707,3.5142026,9.55227,22.84093,13.439291,9.035377,3.216557,3.1353586,0.05101352,2.3089657,8.396697
362034,0.14212768,0.5099963,0.2478167,0.6651375,0.59189785,0.6677652,0.14443293,0.23302005,0.26498652,1.1402682,0.23598967,0.037793417,0.29005447,0.21644627,0.00043268193,0.014280302,0.015054714,0.9570508,0.21183519,0.061289623,0.31215838,0.7349874,2.315022,0.28290713,0.05730955,0.38216668,0.64925593,0.96643054,0.7355588,0.23082593,0.04195546,0.024634536,1.0027845,0.02728383,0.24576043,0.05741493,1.0967278,0.2631582,0.10217751,0.027720315,0.7432632,0.031702496,0.8351594,0.274464,0.07255908,0.36526784,0.63953584,0.0020576296,0.08905831,0.44516486,1.2987795,0.13568139,0.00090992823,0.00092170323,0.038319252,0.05954594,0.4271736,0.22776817,1.5901184,3.9762635,0.19660634,0.0052316114,0.46341798,0.45352918,0.049743857,0.18597294,0.38450113,0.3733451,0.023661852,0.14596875,0.059678447,0.011185747,0.07026311,0.009822486,0.52229506,0.0068425364,0.00074678456,0.008928359,0.4409216,4.1235744e-05,0.007724144,0.25919217,0.9298578,0.18325327,0.4206163,0.04220194,0.050864413,0.5838312,0.017917491,0.08060457,0.2660417,0.013335054,0.027251352,0.4786452,0.044935066,0.14194325,1.3910816,0.68829924,1.058606,0.017923364,0.003754831,0.041243784,0.120042965,0.05236953,2.3307712,0.58545625,1.1902034,0.3131331,6.8189473,0.01588824,0.42244473,2.3984172,0.8508555,0.01910847,3.5375285,0.30225617
365343,1.593256,3.3279877,2.1228893,2.3369787,4.7851624,2.2100992,1.9853308,1.7389941,0.3966823,5.5289063,0.9976872,0.06409047,0.24256867,0.96448064,0.0013257058,0.16662113,0.17009422,1.6842974,0.63978916,0.45388883,0.56278133,4.41571,6.454491,1.1683578,0.44068307,0.4461524,3.3461807,4.594052,1.8135676,1.008424,0.0433664,0.027995583,4.041954,0.43587348,1.2503079,1.1404798,4.241055,1.6003028,0.61569184,0.038760677,1.9220093,1.4719392,8.29264,0.09860679,1.9135613,0.2368533,3.6394331,0.048788507,0.07767475,0.0002138278,8.661199,1.1938334,0.00042298433,0.02085518,0.09466539,0.08865199,7.7603946,1.2458154,0.77063316,4.0524764,2.5550556,0.40423307,9.0966835,2.0357318,1.4186255,0.3031165,0.10170553,0.04323907,0.9789276,0.41479003,0.83607274,0.2975238,0.036116324,0.005817133,0.3713703,0.17774285,0.16340779,0.063180834,0.7981131,0.33477974,0.5928919,0.72418755,2.852016,1.0675782,2.382535,0.021306315,0.056406297,2.0459483,0.40057507,0.00012781627,3.5157516,0.55491793,0.73443204,0.5073233,0.11151246,1.456645,4.5660458,1.0275664,1.6495618,0.34835362,0.14383635,0.049868364,0.001072303,1.2919629,4.602668,0.9453302,0.0018944265,0.23117755,0.2523791,0.4277173,0.7694537,4.732634,2.3838356,0.9696866,15.421706,0.04405324
366042,0.10928763,0.015187149,2.5893893,0.72126496,2.318325,3.9660518,2.4183345,3.028405,3.478104,2.0996966,7.0310616,5.479203,2.8040435,21.463478,14.178935,15.50909,0.1636272,0.2878981,0.9807382,18.279037,3.0632193,12.451921,8.982222,6.1090364,3.5774684,24.673088,2.2827268,16.58117,10.911258,0.07469937,13.808238,1.6135398,0.007542558,6.3610735,17.182934,15.534509,0.14139739,8.510372,15.134414,2.169471,1.0333915,0.04905894,2.0885186,4.9323983,1.8240765,2.9091134,2.3178582,7.80738,1.1180073,0.88187325,8.955558,17.43065,0.220024,0.13657251,0.37229288,1.5640987,0.2765163,3.2639241,0.9444137,4.5146422,0.2775262,0.004075192,20.941633,0.9220428,5.965824,11.832073,0.27571625,0.46576053,4.217893,0.00047477803,4.0613112,3.7960386,12.14482,18.820076,4.480474,13.376457,19.213463,18.517635,10.256393,0.20383774,3.3162463,0.96506256,3.7144282,3.773555,2.1856108,4.6140523,1.8170489,7.8864193,0.07475891,5.2040243,0.21626982,7.0645823,3.8841558,5.078673,0.5781554,2.5825903,4.361705,16.809195,0.0054889843,12.383556,3.2328827,6.840738,5.0143247,0.31946245,0.15623446,1.6550653,1.1895322,11.785607,26.965147,11.898054,10.385426,0.47859153,2.0530174,0.26288766,3.427002,4.311932
366446,0.010295869,0.010951692,0.0095627215,0.00074308517,0.043691512,0.118955135,0.014160018,0.0018007499,0.08168173,0.17359598,0.013088374,0.0024767665,0.002719557,0.051679038,0.10074517,0.4951119,0.004632086,0.00701271,0.022118945,0.0020661484,0.22021712,0.22024901,0.015499172,0.006966667,0.030633328,0.0076364297,0.12134458,0.059986137,0.13373296,0.17333423,0.023421003,0.015763648,0.06940442,0.06358851,0.21744598,0.010651346,0.20437498,0.064193025,0.014277785,0.040113695,0.058857866,0.00063897966,0.006902143,0.0003576079,0.33954877,0.0144434245,0.081974074,0.020205848,0.5271564,7.2163304e-05,0.07177684,0.009759689,0.005283101,0.001333926,0.030779643,0.00017007718,0.0106487125,0.04774498,0.5393222,0.23275344,0.15069258,0.008900479,0.26008916,0.03097206,0.0066682454,0.06243957,0.012655191,0.027793568,0.09494083,0.018387975,0.04799237,0.034291487,0.095791586,0.08771582,1.3136355,0.666315,0.493592,0.49761707,0.2823908,0.0947268,0.00621795,0.0004993046,0.120524794,0.029142676,0.006848294,0.031136485,0.15753661,0.0062962607,0.0049528205,0.035986815,9.2892056e-05,0.26899832,0.009099528,0.08177927,0.024158964,0.053078637,0.36219046,0.03474783,0.026153341,0.02711967,0.007981385,0.26673618,0.0004995151,0.02381287,0.0014519788,0.008118999,0.09221963,0.27234432,0.14947058,0.3521987,0.3991308,0.78479403,0.27845177,0.019200161,0.0273551,0.0736167
368551,0.508732,2.4652622,7.91784,8.8230715,5.216369,17.092762,10.5156765,24.674183,7.516695,7.4172044,35.209248,34.345264,7.5596,90.77326,40.624283,68.551735,0.008112381,0.21322413,3.8220768,71.23531,9.099424,37.93631,26.774502,41.210926,10.331869,81.023895,13.643104,64.32402,54.257465,0.10124373,68.69036,9.617861,0.16629952,27.605635,98.69146,113.8767,0.69729775,34.65916,47.45119,15.088526,1.8583089,0.83536935,1.379024,12.885848,7.26065,12.30418,11.006133,27.800945,4.021023,9.113886,30.433298,62.784134,1.9323747,3.452048,0.6421539,4.5536633,0.0025356098,24.500038,3.4391847,38.326763,0.7919733,0.349223,84.8466,1.446502,44.95666,38.166077,0.6004485,0.20084992,22.848785,2.5967486,12.739185,8.543008,64.19597,94.475624,32.227333,53.945877,80.69374,67.7608,45.18919,12.956031,20.257622,0.037552055,8.451262,15.274236,8.305414,21.833452,2.9689267,23.568872,2.071405,30.297462,6.3767815,29.834646,16.490515,6.5221205,3.1500282,9.383941,36.76498,95.893684,0.13473839,35.715195,13.058174,26.375578,24.206635,2.7295127,0.17945342,17.23708,15.416345,35.400932,125.095276,30.794125,24.401924,4.5061407,11.932117,0.07338917,28.6957,37.603645
368753,0.91594464,0.16387495,6.438018,5.38254,5.23483,13.155704,11.776724,18.20817,8.716656,8.39151,24.014921,34.82851,5.2786317,95.43025,37.30605,53.364136,1.2902215,0.0007659429,3.7326849,58.79224,7.9428997,30.813068,24.076061,28.840355,10.712488,84.12067,9.046874,60.16926,33.454,0.06438127,55.96611,5.7589374,0.856662,19.196283,61.967636,67.88055,0.57873374,30.76651,45.500877,6.3589535,2.6779566,1.0621954,4.1088758,7.3206353,15.864466,11.201987,4.9741645,19.698254,3.946775,3.3523278,23.11223,91.25473,3.5369325,0.5243438,1.6292188,3.1165001,0.77170265,17.030565,0.6351358,29.991024,0.14451139,0.61448956,79.65485,4.190928,20.436768,51.75211,0.41931096,0.004868349,15.507896,0.17611451,9.895346,8.149591,39.222244,66.13085,12.203924,37.595753,62.130245,59.26552,42.124035,5.4842606,13.166113,1.5040655,3.8437927,13.893004,6.6530576,23.292505,4.252723,24.341675,2.1914504,22.478846,13.289524,21.615131,10.020327,9.9770155,3.510469,6.8783627,24.113085,71.42621,0.37623036,32.401154,16.605137,23.479715,27.529314,0.002890664,0.06840359,5.55493,10.304624,29.691698,105.96643,37.703205,29.25137,1.4823747,5.737374,1.8010616,15.295699,17.72985
371843,0.39049774,0.0132101085,5.4822683,1.8415861,2.360904,4.2448287,3.254872,5.5347776,4.448207,3.4397626,7.53309,10.060943,3.9481566,39.948296,18.538986,24.45406,1.9021088,0.040218566,1.2844944,26.757963,2.6284254,13.533156,13.563573,9.37676,3.45021,33.27174,2.8444545,21.54833,13.123929,0.13572972,18.711815,1.2401164,0.15560205,7.126078,23.303623,23.02212,0.13846593,14.3705,22.814968,0.70455724,1.64783,0.53669846,1.7105733,2.6289093,9.047365,2.7513268,0.98335207,6.8329864,0.8060922,0.6937478,8.774926,39.7257,2.1550088,0.05932329,0.39565405,0.4168775,0.8266167,3.6477015,0.5607788,8.533149,0.2016192,0.45616174,24.471342,3.307604,4.3072195,25.228659,0.9468351,0.018080309,2.5344002,0.45208922,4.3895874,4.3943615,15.195226,24.840452,5.037268,18.567291,26.206919,27.286764,12.731232,0.22555424,2.8010526,3.5739644,4.6293597,3.2676225,1.3716514,9.850959,2.6344593,12.210515,1.2121432,7.3115993,4.420867,6.665388,3.0975559,8.809012,6.2961316,4.4348783,6.8705325,22.759491,0.1596407,13.314251,13.81098,12.343578,14.819381,0.13150619,6.5003264e-06,1.0022113,6.7260203,10.448963,39.96792,12.841832,13.458807,0.2467341,1.6788034,1.2937032,4.8475046,3.8683074
376247,41.596794,53.533207,29.665087,6.7477,80.02397,41.613804,9.735739,47.424076,4.388078,147.28928,0.04290505,3.7225676,1.1110518,41.845615,2.2010958,28.71707,0.07529418,42.935616,0.08857124,16.81981,64.17271,14.112611,22.230602,20.589087,0.008233928,7.8920765,32.707733,82.45019,0.5862533,10.904916,0.82859015,0.00566193,29.174324,1.6468122,0.4237678,6.3970675,1.0494801,1.0199541,52.835415,6.034581,2.9728262,0.0044951243,105.999985,8.204049,13.082578,11.07153,23.569265,3.202574,0.84939486,6.523969,151.20073,43.65471,9.215617,2.9013023,2.6273165,1.165582,36.125027,1.3871349,107.0895,196.34433,31.778593,11.981872,71.667046,73.90087,9.213333,29.107157,4.600678,11.127927,1.5629468,42.26894,2.9681203,2.707598,8.621067,10.736885,27.229076,30.43484,37.452827,30.52316,7.6091385,38.841072,0.7657412,16.06953,24.848772,21.974968,44.193214,0.3801424,21.909847,60.798183,37.848534,0.051442314,113.33005,14.79882,19.73246,32.301395,81.526566,104.958405,0.18977702,1.7970454,15.107152,1.2233804,11.168913,0.39185905,0.13532297,44.901463,35.537346,10.294654,20.844545,1.6726164,44.47949,28.752844,3.936404,0.1786557,25.523071,46.358204,233.27908,8.726739
377451,311.7043,309.1035,242.29979,29.56538,439.4135,168.95378,140.34468,261.05463,32.87661,738.5199,3.864136,20.873371,65.1488,251.66856,4.6140504,185.27505,0.009650422,183.40298,3.3847196,43.915432,340.25952,29.319054,86.09158,64.63734,0.44584396,28.973269,187.87593,382.02127,2.6638017,36.35489,2.1866472,4.466089,145.78658,1.902426,2.748309,20.141104,18.392958,2.0379477,207.93109,56.695274,48.676125,11.183108,648.4434,26.005783,91.115204,80.273125,146.80801,13.842901,5.305731,25.961292,784.4027,266.56308,16.636665,16.32785,18.822062,4.986335,216.17583,5.626575,401.46243,841.08716,163.14606,66.287476,282.32605,378.46533,24.81352,200.40184,22.0469,98.45672,0.25964627,257.49405,9.142215,26.074224,58.333946,101.43662,203.04156,246.23076,175.83983,163.96085,38.379616,193.18721,4.221781,97.143745,128.19742,68.57653,217.62372,6.0890822,106.70248,361.71225,150.81375,2.4721384,414.3673,37.47576,53.20809,262.66577,342.54224,472.64145,5.81392,0.2292221,147.11847,31.540405,28.169287,17.964289,10.749563,170.49559,143.82364,34.016983,65.66089,3.207777,212.50682,127.16725,0.9512998,12.751095,249.03918,167.17154,1196.8165,74.3035
378756,0.29241523,0.0031746433,0.27127093,0.83454096,0.57690185,2.2779188,0.39339766,0.95051485,0.5152502,0.12612697,3.6247585,1.2724911,0.10673735,4.185997,3.1292372,4.9473424,0.0028288963,0.08833912,1.1313174,6.8592505,0.33217105,4.174074,2.4827142,1.3041453,1.4151868,7.4334655,0.4211203,4.0738645,1.4920492,0.0069023347,2.4132028,0.30591676,0.42730233,1.4587392,4.768113,2.882438,0.6998265,1.6669396,2.328626,0.6782982,0.7396656,0.042684477,1.3107309,1.4142404,0.94506466,0.28715572,1.3777641,1.7127998,0.17082927,0.13867831,2.0402653,2.570286,0.16251431,0.028342238,0.643754,0.18122095,0.038574826,1.6095765,0.22353084,1.9002264,0.90855247,0.9501065,6.6605916,0.051270813,2.4576292,2.4108627,0.5940755,0.61310184,0.53636086,0.00042330433,1.3970393,1.9585305,3.9483192,5.231697,1.7476594,3.1731186,6.0763574,5.2109733,2.2233198,0.07720554,0.8678301,0.27000296,0.40398294,0.8604802,0.12400859,0.4978709,0.2311119,2.4956486,0.07340482,0.47044513,0.021500755,1.0670016,1.3729742,1.2783798,0.97293746,1.7855836,1.0746945,3.6677668,0.011713332,1.6098281,0.3007285,1.2074071,0.88659835,0.18833889,0.9629719,3.217333,1.4731859,2.62797,3.6468582,3.0620894,3.077202,0.3715488,0.017287236,8.86125e-05,1.4825393,2.529931
378857,0.24447966,0.086907946,1.6874741,1.3021085,1.4333471,2.9555933,0.005159742,2.7855966,3.4388149,0.4022202,7.728865,4.49193,2.5151947,4.95199,7.886,9.8033495,0.019453289,0.2770303,1.796898,11.415231,0.3952861,4.3867607,5.2530575,2.762784,1.7937827,12.557338,0.5155221,8.290797,2.944279,0.0012611974,5.7441773,0.4358557,0.53508174,3.1748614,7.321932,5.6488905,0.6719279,3.281479,5.4737062,1.1109092,1.5791745,0.17103603,1.5545886,1.7953684,0.87451047,1.1061093,1.4088864,2.136133,0.29104152,0.26556662,4.0063176,6.476637,0.00026722022,0.002674776,0.51047605,0.93414134,0.42863026,3.645677,0.123899974,4.046051,0.8348481,0.6275978,10.57643,0.34789243,6.5946746,5.5811086,0.805804,0.46953282,0.16382603,0.032518003,1.804721,2.205555,4.7368712,7.1631026,2.2676084,6.6291533,6.686498,7.979354,5.9324355,0.045105007,0.9968882,0.44947752,0.82963085,3.415743,0.34707245,0.792462,1.0609947,2.301559,0.05095912,1.9002892,0.78976315,1.1627697,1.4487991,3.216702,0.08764614,7.7011867,2.669239,9.260613,0.06863845,4.4557114,2.5108294,4.841642,3.318381,0.06926736,0.8363484,3.9457064,2.9712281,1.9874398,19.240528,8.146632,4.9582663,1.0068103,0.024091458,0.19421329,2.25698,7.7568974
379657,3.6344104,0.3979221,1.9601918,7.8002467,3.8437223,24.134413,41.008465,30.423544,9.279516,20.029175,47.32369,59.098896,3.344515,199.56636,64.24359,103.498764,0.5064077,0.034667917,5.4675856,101.01855,17.267376,56.186848,38.654514,64.17737,12.2599125,139.79884,18.914038,114.1982,84.3395,0.024570776,103.837234,14.092608,1.2732776,38.071297,116.91966,139.7262,6.477431,61.210506,80.504166,17.22254,4.165112,0.37299716,0.5312814,7.7372694,28.75734,20.609488,5.69253,28.084558,2.663338,10.770953,39.75502,163.14171,7.648084,4.4423103,5.391343,8.44642,2.5624955,32.046688,0.6213018,52.502384,0.7894678,0.73238045,143.39342,4.531175,49.225666,98.05073,1.6036786,0.49088416,43.04054,2.2148046,8.143281,8.988883,88.021675,135.3748,37.343716,78.685936,113.84579,113.22379,73.98345,35.022717,27.776695,0.16912533,21.211058,25.911806,18.090786,52.617615,10.156943,38.746048,7.100638,47.380085,31.0219,38.669506,23.302835,8.992953,7.4808335,8.697794,48.707912,140.14307,0.8785469,53.166946,25.50334,39.674786,47.353832,0.3586803,0.36144006,15.567427,10.925131,51.474968,233.07605,40.79488,24.986374,6.9226003,8.752516,1.3184484,42.99752,56.339355
380036,0.15051089,0.6260554,0.008784532,0.034998234,0.16360658,0.121320665,0.029603582,0.019131739,0.10607788,0.2545749,0.040421695,0.010382076,0.015912909,0.06145669,3.258052e-06,0.008487422,0.032104712,0.34157693,0.009623786,0.11528966,0.06089112,0.15735818,0.28981507,0.018499902,0.006191974,0.011281233,0.365309,0.064630695,0.26996598,0.20769534,0.00079498626,0.1453149,0.9499609,0.0034830417,0.062567696,0.14619724,0.33484975,0.19737834,0.06283211,0.04765746,0.009729535,0.00035767118,0.0019002799,0.07245274,0.07289056,0.007847685,0.009111123,0.013048365,0.004199862,0.011979312,1.0992728,0.22242263,0.041324563,0.010257344,0.07169414,0.0016255181,0.5255502,0.27758366,0.06837892,1.1905617,0.5067269,0.0025465405,1.1327102,0.26522473,0.47882247,0.0013881185,0.025508327,0.07573408,0.20905113,0.0013067735,0.40619698,0.016718829,0.009849419,0.034253124,0.19510375,0.029082237,0.11406787,0.011288592,0.39263237,0.08494284,0.08499395,0.02767995,1.2681459,0.29268074,0.22129075,0.024293307,0.70416707,0.12471379,0.122943416,0.00041117702,0.36197698,0.004404937,0.008521699,0.85739607,0.007485703,0.24405168,0.30652532,0.0021024393,0.13130002,0.052860465,0.0018169575,0.00019846264,0.018857932,0.072877556,0.0031687638,0.17879145,0.03546319,0.1267241,0.36679164,0.004066506,0.015275717,0.0014953507,0.105672784,2.2278704e-05,0.06963526,0.0029153198
381038,27.16274,43.13754,16.800726,9.42016,53.9465,32.835503,5.0178757,36.272137,4.893588,109.29448,0.27747488,4.395168,0.11126084,30.474031,0.7679523,18.32166,0.41219172,38.357132,0.03272303,13.414932,54.892723,16.844164,26.92257,17.989452,0.055637885,6.304018,21.036268,58.21988,2.0819058,10.945783,1.8784698,0.5264236,33.274395,4.198612,4.1055,5.3426113,1.5756475,3.204344,44.500267,5.628246,0.47702324,0.04434702,86.022644,6.029311,10.099974,5.214049,20.457712,0.9516905,0.41154334,4.9235063,115.89102,30.804592,4.1485577,0.29442224,2.6221168,0.5299151,31.535559,2.560287,89.38487,150.6607,28.52068,12.937937,70.32304,59.924805,11.17195,18.130608,3.061344,5.3633204,2.3037694,32.03585,0.13810173,0.12047423,5.7966433,6.29956,13.848238,15.532005,20.66717,17.050123,9.413841,33.921204,2.7449934,14.311663,11.423437,17.745186,39.504303,0.16807556,35.228214,43.335384,25.780458,0.28833732,118.79818,31.444752,30.257837,9.402241,66.452,75.45348,0.09184719,1.7697729,5.8640556,0.04832016,14.779598,2.080043,1.3556705,52.571102,36.932076,14.1439705,32.32835,8.377,36.504593,12.281906,5.9590955,0.027106578,12.902266,45.631294,210.85188,1.764016
381543,79.980606,80.09024,77.59408,17.59191,104.92571,47.574368,48.55215,70.33601,17.728043,164.52386,3.4748566,9.78837,17.872486,72.8506,0.3269908,57.176544,1.6029707,60.355614,0.0026726308,14.422315,59.23412,13.882368,28.561546,18.689034,3.4078724,12.769069,62.602894,107.92323,3.9321175,22.402353,2.6156259,0.0536573,39.775883,2.3003118,0.28713936,9.200509,12.8887205,2.5927699,32.69951,6.108378,20.422344,0.005092827,148.6312,3.3964202,23.370033,7.7546387,39.672592,1.3450888,3.897014,7.6935983,174.20361,71.52747,0.5846393,5.886489,7.7568336,4.46185,60.05443,7.597681,59.719208,125.97036,47.853012,28.216991,84.334206,99.074646,4.2738924,53.63073,1.7077241,10.808519,0.11040606,47.04841,0.87004524,3.1849687,8.433648,13.492021,20.919088,31.948074,33.658833,27.184273,14.014251,49.10605,3.1086235,26.90147,42.07313,34.839012,57.695827,5.822619,13.918874,89.38388,18.21841,2.3929772,80.726036,6.1794567,8.330555,60.92021,64.759315,91.22773,2.1542196,0.3821871,33.16402,10.103124,4.329197,9.037476,2.465504,27.459476,35.664524,9.242136,7.264075,0.10143931,32.698112,44.119225,0.15486315,4.276771,57.676098,26.502712,247.80551,2.4989176
382242,0.14268978,0.07939423,0.10458071,0.11265058,0.027287887,1.6696455,1.4019297,0.2767497,2.1514623,1.5697874,3.2400887,2.252639,0.37783888,7.3228326,2.5216434,2.2307234,0.48841536,0.545249,0.6729615,2.284692,0.031919833,3.1112702,2.1375186,0.20969036,0.5686495,5.452176,0.11998802,5.0373955,0.8343075,0.008568378,1.474704,0.00046044192,0.054349475,0.6091511,0.97215337,0.008379175,0.39219716,0.30985183,4.264172,0.019930793,0.64341384,0.11307978,1.3645256,0.0012358194,4.8020024,0.01239074,0.04357124,0.6793613,4.4808394e-06,0.08226075,1.3851756,9.090739,0.0025999786,0.0040231925,0.1865088,0.13379553,1.4131876,0.36594886,0.0029594926,2.3271098,0.4772095,0.022347277,2.7253225,1.0798333,0.061857514,4.9018664,1.3928494,0.0738176,0.22969395,0.35641897,0.33715522,1.8814158,0.5385344,2.0962343,0.24931264,2.4013212,3.6396084,6.0685973,0.6696389,1.9154687,0.043613356,1.5483816,0.9307691,1.8679075,0.20531276,0.5863127,0.6248087,3.0106177,0.0040186117,0.8607008,2.6294255,0.20772447,5.0808387e-05,1.9775633,0.8872888,3.9350333,0.6376798,2.784165,0.010927314,0.79757035,4.355064,1.6940856,5.548953,0.821946,0.013195517,0.1662556,0.22095303,2.5259082,7.2170906,5.639229,4.2550926,0.21822247,0.4153924,1.8456966,0.78153664,1.9670575
385046,50.92648,56.22878,40.13767,10.239715,72.82415,38.182987,19.304918,49.36268,5.6630707,124.055244,0.19770718,7.4695888,4.4418592,46.35313,0.8281054,26.749075,0.0535937,40.054287,0.004900725,16.231142,49.05519,13.8651905,28.782347,17.072659,0.5372382,8.114897,34.536144,81.188576,0.70460504,10.043913,1.2975528,0.00532761,34.375965,2.6936677,0.044169586,6.1911674,7.896542,3.3501358,39.790565,4.7634377,9.902578,0.04366762,107.3659,3.1050882,16.756962,7.712702,28.336218,0.67775303,1.462829,6.169616,130.93732,43.023785,2.8744547,3.2642605,5.1849947,3.8455405,39.01271,3.9420927,52.80359,134.94101,28.050611,13.103976,59.58848,65.49343,5.682396,36.074047,2.771795,8.377232,1.292187,45.30928,0.79103905,1.9313548,7.249503,8.86729,22.145798,26.238667,28.788805,20.143097,6.323326,46.486866,1.0119845,24.06465,15.982806,26.555817,38.622696,2.7997153,15.831064,61.48328,25.437378,1.5135802,65.41901,4.715094,8.195996,40.685402,43.56192,63.00902,2.3660104,0.813186,27.107374,6.6930213,4.345752,5.7571945,0.8588425,29.539074,18.79266,2.856257,11.730181,0.20513128,32.054234,9.394699,0.5159929,9.989303,46.36606,31.656296,157.35918,7.9884334
385450,28.433842,32.800453,19.214613,8.651221,43.84291,23.060028,13.909823,25.053883,6.240836,61.04856,2.0317295,7.474147,5.183022,25.665901,0.01873905,21.008284,2.284695,28.093166,0.8895549,7.980468,23.565353,11.928591,17.49682,10.243452,2.4978375,8.233208,25.6824,45.95155,7.220638,13.809324,2.7380962,0.42155316,25.028208,4.5443544,0.11466125,7.2776265,8.581286,5.047499,11.497363,1.0510671,6.0775166,0.10219094,56.567406,0.659515,5.726718,0.9760461,18.827051,0.02904145,0.54266304,4.5058513,82.02464,30.072407,0.6282762,2.5531805,3.8532755,2.7959905,26.27766,4.7782764,27.34679,69.84279,24.66866,11.119967,53.973476,40.42521,5.2369695,16.256067,0.36782986,1.1416345,2.5389552,17.505047,0.6600777,0.08452823,0.4615396,1.0490369,5.0272956,6.8881245,9.924246,8.721328,13.338546,31.274927,3.7519035,15.068702,24.032965,20.329695,31.344545,2.770635,3.053591,32.563,8.559231,0.7539341,36.25847,3.0372214,4.449639,18.609453,28.88392,22.864296,1.9033289,0.07256282,10.234275,2.5699956,2.7414386,0.5061822,0.19307688,14.173121,10.968277,2.3882122,6.047003,0.9046438,10.417967,9.949288,0.0048025306,1.2661715,15.789985,17.633791,87.32643,0.5872539
386250,15.155571,16.534822,12.407946,3.5743754,23.098114,8.7237835,10.135813,13.266728,5.0908313,20.459908,3.057795,2.4202123,4.696001,14.092439,0.15217355,9.686194,1.5016338,13.828245,0.55183685,5.894774,5.4728017,7.083267,10.592142,4.7386937,1.6777508,4.687737,10.613609,25.39083,3.6943243,5.703004,1.0428661,0.18826114,9.905622,2.402776,0.99306196,4.734128,8.352813,3.816346,3.3530912,0.10505535,5.5611043,0.25807983,30.249292,0.0046677087,5.673878,0.15571822,11.344275,0.00021591992,3.8393466,3.9855888,39.00238,14.323141,0.028230483,0.88912773,3.1421278,1.3538891,15.290181,2.9858828,2.919295,13.245036,12.438423,5.9623237,23.97681,20.007435,4.4419365,10.626296,0.023869442,0.01870284,2.2235072,3.390504,0.32821408,0.017034378,0.119548894,0.347011,0.2820965,1.8607486,0.8596865,0.3597437,6.0975595,12.476473,1.8438077,6.454478,7.6976194,11.8133545,11.998065,1.5193142,1.2852582,15.780121,1.6310364,1.2138473,8.565489,0.15540475,0.04024262,14.325333,3.138113,1.8913581,6.40801,1.7977569,7.5135527,3.3329844,0.2151481,2.0706286,1.4580061,1.8014703,4.921512,0.2959162,0.7826073,2.2044523,0.9687348,0.917861,0.08184182,1.3490446,11.709373,2.7417822,34.7676,4.8849483e-07
387959,0.9974228,1.7161002,2.3172703,0.8497196,4.9889984,1.9241638,1.3919473,1.4434775,0.4993219,2.824054,0.2358018,0.043301474,0.3319131,1.3014013,0.04095928,0.22973971,0.18665612,2.2105777,0.041146792,1.5942369,1.1853135,3.2230387,6.64752,0.5032238,0.3996201,0.4595171,3.4080071,3.9523523,1.764791,0.8042693,0.037257645,0.018819652,4.3278112,0.4289984,0.6146514,1.3999337,7.087471,1.4539739,0.32727882,0.039259955,4.55308,0.44598797,7.116677,0.0012762542,1.8354484,0.061573863,4.381486,0.010465702,0.58789486,0.08847182,7.5802574,1.3426117,0.06826272,0.064159535,1.1097604,0.25670844,5.2092404,0.47917956,0.003514773,1.0979972,1.4227588,0.9094921,4.718323,2.5246072,0.1958666,1.2272483,0.06842035,0.11063327,1.9361902,0.19894336,0.97797143,0.060392834,0.006246764,0.19730769,0.30243728,0.3639894,0.021359403,0.005696652,1.8589704,1.9113351,0.11360304,1.6051213,1.2144744,5.3406677,2.4718397,0.09881409,0.008340036,2.3895152,1.5748812e-05,0.315894,0.014984135,0.9847114,0.71067303,3.7714312,2.474668e-07,0.051601168,5.0207057,1.3711885,4.3112273,1.5608375,0.70410204,0.7152647,2.296684,0.004044589,1.2310768,0.33769825,2.952956,0.513774,0.17732349,0.04959537,1.3446437,5.072414,1.954063,0.18468094,6.325032,0.0025021355
389357,0.048687607,0.019216469,0.010522225,0.029620597,0.012142579,0.002664179,0.037396975,0.0012472824,0.068699606,0.11456738,0.04714101,0.00066627626,0.02319175,0.008188071,0.043723088,0.1673988,0.0169967,0.013702836,0.0045486526,0.018731544,0.00834144,0.24070683,0.0065983976,0.036240313,0.17269817,0.024645418,0.033995565,0.1360626,0.086154535,0.030359471,0.022801384,0.020780534,0.0030246533,0.01924955,0.0041718497,0.042244352,0.10467325,0.040868472,0.0029926624,0.02528757,0.05635662,0.034428053,0.07575891,0.0012755068,0.0020046413,0.02050801,0.04111735,0.14028555,1.8627532e-06,0.04052872,0.08680853,0.07739494,0.011958855,0.03690142,0.04198838,0.00089631847,0.11062304,0.08232521,0.03719102,0.6075684,0.002601383,0.1455897,0.03348249,0.014049101,0.030664843,0.110356,0.040260892,0.0020523553,0.06442686,0.2421346,5.505576e-06,0.0628126,0.029651659,0.024764352,0.17142086,0.097949594,0.040308088,0.04609199,0.05789214,0.0033956855,0.013155855,0.0007640643,0.021617293,0.0029854313,0.04836379,0.028298164,0.099999525,0.022561027,0.028725186,0.033018373,0.006293447,1.7629282e-06,0.028419677,0.13723746,0.00690815,0.095214084,0.14588568,0.00013589537,0.015962375,0.020411005,0.06334052,0.2652758,0.0002865396,0.019994713,0.121468835,0.0098147495,0.12622628,0.021278778,0.04854368,0.033007026,0.0005151904,0.06826506,0.07022853,0.000760066,0.2179375,0.09786117
391748,0.0059789186,0.019980716,0.27568632,0.2782915,0.26590523,0.17250271,0.13101391,0.17432389,0.010631073,0.3145306,0.018996539,0.013734852,0.0060643605,0.08692984,0.013699752,0.011564675,0.051008593,0.19388542,0.010898746,0.12910457,0.12704463,0.08881379,0.75186354,0.17367868,0.0003982464,0.053350456,0.23389487,0.2178595,0.30243346,0.012559476,0.035338696,0.005279116,0.31857866,0.040189594,0.051086027,0.31111464,0.112429485,0.31620714,0.66980827,0.050724786,0.016641164,0.00020618936,0.009759506,0.0014225035,0.042556163,9.431563e-05,0.00013475753,0.22062753,0.042491037,0.0042638006,0.27788055,0.20326337,0.034706593,0.1360232,0.004453994,0.003522035,0.3647657,0.041460518,0.03642043,0.1413114,0.059487093,0.19937043,0.0775611,0.057617486,0.032398738,0.07113,0.010948327,0.030076671,0.010038935,0.0012719607,0.16803932,0.19632745,0.104322344,0.14384271,0.021128297,0.122248806,0.0060004382,0.00053663045,0.16311672,0.012209205,0.056829665,0.27882832,0.03301643,0.058157902,0.13187613,0.0020308797,0.08899208,0.08096355,0.0064613502,0.12713265,0.041955717,0.664336,0.33449295,1.8985792,0.009162465,0.23943865,0.23236364,0.0089074755,0.21302938,0.055010796,0.083267115,0.42667168,0.053444475,0.10509438,0.042099845,0.006607203,0.021016914,0.122612655,0.00040686148,0.9974769,1.8058363e-07,0.7571178,1.0088713,0.001745055,0.2010063,0.32221314
392447,20.047523,26.019241,9.670156,3.7504332,32.937515,16.899706,2.665404,21.031939,1.9511776,62.596237,0.26198474,2.8843868,0.05558313,18.825785,2.7306654,10.907293,0.30511943,21.507484,0.00028235672,12.479805,29.746424,11.484138,15.002003,9.948517,0.20615362,3.2356389,11.439727,35.81132,1.3804433,6.4211264,0.25005442,0.14759785,19.075079,3.0214567,2.9434478,6.9678836,3.1284423,3.4148765,29.230618,2.039784,1.5574734,0.09432569,56.40462,4.3738976,6.8616824,4.0030847,15.660387,1.5995709,0.83746773,1.1938907,82.53073,15.760626,3.5907366,0.81185,2.2001657,0.29588753,27.487194,1.0950578,56.38732,108.18221,17.080462,4.5590677,53.673687,33.6153,11.237635,8.686959,1.2192395,1.4209795,7.089642,10.94086,0.05535839,0.009357614,1.2980723,2.337605,5.054869,10.371208,8.589476,7.1087914,7.43153,25.444054,1.7840267,8.840198,7.825847,11.20693,24.343994,0.00047751388,12.754458,24.102316,17.458393,0.0001510086,66.92437,16.102247,16.999672,5.4519734,25.458887,42.493656,0.8303902,0.36796,5.108543,0.03222033,7.050295,0.15588851,0.21650095,34.021996,16.74883,3.7590775,8.960835,1.288943,7.992454,3.8855085,2.0825067,1.7329298,6.7784004,26.477463,107.51296,1.109823
392750,0.063270606,0.00039132542,2.228884,1.2861162,0.7276278,2.9595473,0.07769714,1.8936658,1.8324395,0.7362768,5.9071393,4.613606,0.39765316,8.536987,7.2904263,6.017319,0.055766158,0.49467826,2.4159184,15.823746,0.39763543,8.266582,6.801735,2.8635366,2.433945,15.618622,0.10929275,7.133539,2.7811496,0.0027726162,6.277533,0.8388799,0.67356306,4.3899393,7.8918405,3.170532,1.9217548,5.1088986,7.8814197,1.7373111,0.25904346,0.107090026,2.820317,2.164425,0.3153494,2.1715312,1.0609196,3.558176,2.1335616,1.118766,4.9109163,9.249012,0.030923905,0.050900795,0.17957032,0.693939,0.081297226,3.7615654,0.21747172,5.787126,0.88420016,0.31179336,14.079227,0.39831948,5.9355474,5.518549,1.9008621,2.3857992,3.1653154,0.07263476,4.489361,5.1289654,6.9564166,9.958173,0.64869684,6.183676,12.868684,12.329399,6.342031,0.11494043,1.2844692,1.1772999,1.4037526,1.9459169,0.481414,1.2523415,1.1400638,4.3924174,0.04375046,1.2201395,0.27256274,2.396205,3.1585293,3.6027076,0.15212741,2.9886017,3.016021,5.2202644,0.015967572,4.2079687,1.3126732,4.3371677,2.5124824,0.1447028,1.1418192,3.9019752,1.6196399,8.999296,10.106319,14.946632,6.6352687,1.3326145,0.09133249,0.04028692,3.5140936,3.7749352
393550,0.67837083,2.5755227,1.823714,2.006085,0.5754566,0.8976695,0.24663125,1.5703884,0.20121859,2.413109,0.23474053,0.17381494,0.0792356,0.22940294,0.06280507,0.04895135,0.044493474,1.389957,1.0567205,1.0953294,1.7573637,1.0708923,2.6381068,0.694342,0.17357218,0.1272687,0.6989647,1.2378875,0.7464395,0.1643866,0.0001829678,0.0456669,2.1724865,0.21153802,0.44204715,0.027517725,1.7996927,0.6892409,1.2849392,0.028464068,0.79802895,0.008823406,6.561507,0.016678773,1.0607156,0.26907083,2.133655,0.3259657,0.075944856,0.15235311,3.9962502,0.8882685,0.002040809,0.14729773,0.09731271,0.35986373,4.5732574,0.36883238,1.1000274,2.4672735,1.2172905,0.180574,3.829614,1.7965181,0.5110462,0.07906437,0.15945475,0.10589891,1.9506347,0.13177712,0.068197645,0.041286744,0.08709824,0.54848915,0.25589058,0.9100042,0.06390988,0.013217299,0.24656476,0.022641746,0.2547682,0.44068655,0.62149084,0.09886615,2.2901251,0.008885089,0.62623566,0.60201275,0.2147126,0.08810815,4.6880136,0.78969216,0.91634125,0.38371804,0.07945526,0.06624257,2.0886443,0.18029815,0.6063384,0.09021131,0.300879,0.1396293,0.029826665,0.80605775,3.2746587,0.98419297,0.11273307,0.032149557,0.16711786,1.4751832,1.405877,2.829129,0.5443784,1.4331658,8.50823,0.0114337485
394956,0.11344764,0.033005293,0.046359476,0.0010140322,0.0016765804,0.029905858,0.031528115,0.14065002,0.0049003996,0.0048694676,0.16295615,0.6383792,0.0004411639,0.0044729128,0.028800264,5.0477112e-05,0.00019899115,0.00033493625,0.023007687,0.028264783,0.040730767,0.09379723,0.43691927,0.1918908,0.09578659,0.1069317,0.08432302,0.21686292,0.00096071477,0.008264872,0.36826697,0.15385684,0.00041487403,0.012759641,0.10369874,0.13952883,5.4834313e-06,0.027524741,0.0021381571,0.24889155,5.6744277e-05,0.109040394,0.06957872,0.010849479,0.0012730494,0.0029591813,0.00015812727,0.010632729,0.00084915326,0.014731673,0.041809898,0.08659649,0.0008896925,0.019016277,0.00029379904,4.6551036e-06,0.036086336,0.14464286,0.22862948,0.69170994,0.11032811,0.010718866,0.014531291,0.029653063,0.0049575972,0.020889377,0.08503596,0.0032403334,0.03274118,0.14944628,0.19525845,4.7197536e-05,0.017900147,0.07795854,3.6701663e-06,0.0017949276,0.08571239,0.17261794,0.024350531,0.0472503,0.06561941,0.0006221753,0.3672176,0.039892588,0.021626128,0.028454268,0.05556974,0.024948837,0.084881425,0.09980488,0.01799786,0.099120036,0.004512631,0.003258368,0.17168227,0.21182287,0.053139687,0.016623069,0.0046908064,0.003367873,0.013491548,0.02019317,0.009888256,0.019006263,0.020832008,0.013141345,0.020610623,0.047509648,0.09179768,0.1351583,0.00037863158,0.018262155,0.0025472324,0.0031113615,0.0733646,0.21756199
395251,0.1755939,1.4064348,10.335849,7.345806,4.9824696,8.351571,0.28198034,14.798339,8.090815,0.32385835,19.678772,18.32597,10.433798,21.381527,24.583534,36.19514,0.05865135,0.63353,4.612072,38.30807,5.156154,17.082102,17.738167,18.074038,7.1389174,39.61639,8.41593,30.296022,23.85896,0.00011648049,33.156376,5.779535,0.7473605,11.50115,28.150354,39.087402,1.377101,11.050995,22.45897,5.1751494,4.186474,0.5394305,1.9642661,10.12203,0.8612053,4.295358,8.304577,16.916124,2.071984,3.7559428,13.796058,18.477673,0.00024257108,1.6413597,0.54904366,2.883957,0.33534452,11.586766,3.0753677,10.719942,2.5983346,0.5531792,31.416153,0.2679137,16.437246,10.945355,2.2437308,0.43825284,6.063082,1.6433585,4.0638957,4.765987,26.698223,33.38339,10.984633,18.25273,30.504343,25.200586,21.85536,3.1677365,8.081292,0.005029916,7.305306,7.810566,2.9981782,4.4132175,2.1902459,7.2306705,0.001776986,14.185632,0.051695935,16.063929,11.557775,1.8627831,0.413925,7.9585176,20.571024,47.526794,0.5369914,21.728146,3.1272035,8.473159,5.032512,3.0001664,1.5084093,12.259692,14.755582,8.966857,50.691914,20.485449,20.25127,3.8096972,8.977757,0.05450071,13.583823,11.736379
395756,6.821474,9.899197,2.8694818,1.1356415,16.865623,9.498379,2.5486522,8.30549,1.1682225,21.253996,1.3002306,0.57233286,0.48143673,7.4423203,0.527675,2.551462,0.44772485,7.6452956,0.029044213,2.5421662,9.263966,6.4144487,9.32354,3.0009003,0.26768738,2.7898357,7.630141,16.879326,2.4089243,3.5852482,0.15258272,0.0059507755,7.829386,0.6473022,0.33773276,1.5205237,4.587942,3.342939,5.1282125,0.22607444,0.75804687,0.003942077,22.92015,1.4954469,4.2102737,1.2612225,8.080145,0.40828702,0.6984911,0.6998853,32.72576,8.582246,1.2463537,0.55647963,0.6306625,0.060769126,14.931688,1.5935858,8.473244,29.786373,6.52417,2.4087481,21.914875,11.148524,6.3479295,3.0791786,0.34022582,0.16160731,6.107916,1.7933165,0.7402836,0.052585483,0.35176572,1.0275415,0.60537714,3.884509,0.7629987,1.1490575,3.4227772,9.577993,0.5070747,2.2938068,4.036674,5.853699,8.485297,0.024973953,4.163742,8.258053,4.9076653,0.059973188,13.319052,0.37069747,1.4454862,8.938299,3.909121,12.103932,6.1641326,0.60171145,4.0373535,0.9604099,0.9126272,0.9210043,0.2406016,7.225396,5.7491612,0.39409617,0.072525755,0.2607819,9.18619,0.001758084,0.19974002,1.6729485,5.2970605,6.1566076,36.776684,0.385757
395958,13.834493,15.018696,6.637606,2.4210525,25.752535,11.497375,6.7427344,12.533959,4.307089,26.741549,1.0730712,2.0327756,3.540497,12.826227,0.03296792,4.910647,1.6046522,14.173452,0.11832483,5.9925613,8.906957,7.016943,11.737501,5.4469833,1.8397502,4.7857103,12.125373,29.211796,4.0185323,6.3455725,0.9942378,0.16790828,9.817681,2.1451352,0.53769386,5.0103984,6.8222027,3.159605,6.573187,0.42031506,3.8046615,0.026125751,34.919712,0.27781403,8.550857,0.009593335,13.308922,0.08091312,5.553281,1.7501453,47.64448,18.414616,0.6036277,2.429219,5.454316,1.3177954,15.45454,1.9499588,5.6654744,28.343,12.864607,4.1206326,30.468306,20.47655,5.155903,9.48387,0.09926259,0.0005125961,4.474971,4.5245705,0.1061921,0.18997428,0.11717031,0.5904654,0.5917414,2.6937635,3.1988873,2.702893,6.324987,15.748179,1.6364422,7.6457477,5.6719694,6.3189874,14.003173,1.4288213,8.68725,12.796943,2.923677,0.85492575,6.181286,0.1525167,0.058907505,9.640145,8.138568,9.821406,3.685987,0.5072204,8.377426,2.4809496,0.052430723,2.7978354,1.0869437,4.633567,8.645131,0.7840912,0.06982226,1.6762257,5.531629,1.736464,0.29300013,2.8271947,11.582407,4.8190484,40.004803,0.024177171
397154,6.1196566,7.7313843,5.4444985,1.8068382,11.630559,6.0714827,2.9801376,4.6516156,0.8030958,13.792728,0.72242343,0.28560996,0.35808733,5.3635964,0.33543423,2.4504638,0.56302726,6.9269443,0.4503598,2.870709,3.7882898,8.977292,8.789472,3.1449547,0.07398072,1.5975087,5.6623807,12.287564,2.4488032,3.146,0.22375688,0.06360907,6.306081,1.4386774,0.6450617,3.0699487,4.3494544,3.2986233,3.9108088,0.057101965,1.4171395,0.24222058,15.375103,0.69157314,2.93122,0.15500265,7.9314566,1.0333255e-05,0.5620109,0.6322577,25.593245,6.5462995,0.9852033,0.32243684,0.44320214,0.15201762,11.624408,1.7936566,5.293317,20.752546,6.580927,1.6495694,22.747538,9.514863,3.6303017,2.3066757,0.00012192969,0.028856218,3.8676424,1.1149008,0.6707821,0.08983164,0.19542237,0.5110565,0.11041728,1.1675861,0.52810997,0.30939612,3.3006692,9.382826,0.76531005,2.6632504,6.10409,4.797857,7.0611825,0.09678991,2.560003,5.179768,2.9068975,0.026226226,7.040086,0.3825707,0.23041008,5.162773,1.7350798,7.8905134,3.576604,0.5954254,4.0146236,1.7152529,0.22912839,0.32749328,0.11666128,4.80602,6.0948844,1.2206413,0.00018504247,0.08902167,7.168775,0.009782475,0.0014557077,1.3697205,2.7461853,5.234493,30.530016,0.90979815
397760,0.8025917,0.021869734,3.131124,1.2861016,0.78000546,3.1436377,4.790745,4.7061853,3.4862876,6.6824937,6.983776,6.8784914,3.207251,46.617893,13.945778,23.344973,3.402346,0.71636313,1.0708871,26.13093,1.3750991,14.157621,10.301807,6.124612,1.6278536,28.25391,1.985743,17.106422,9.675962,1.5400069,16.718624,0.22148366,0.67890775,3.8422096,18.832457,23.161488,0.0058040526,8.077194,18.96142,0.36833382,1.6137103,1.4670516,2.0644045,3.2877686,6.3839927,2.2446182,1.3633265,7.937348,0.91530335,0.49830258,9.222411,46.349358,0.94481075,0.3395661,1.3363286,0.015077847,1.5835434,2.9318955,0.045177266,6.6265297,0.28834307,1.0320429,20.218199,4.802698,3.554123,30.571547,0.94330466,0.22197248,1.1321251,0.22177246,4.3877487,2.599701,10.42991,19.866287,3.2230196,14.887629,26.484835,25.308146,9.547589,0.8572026,1.6517673,3.633132,3.5523658,4.5710626,0.82260466,10.949937,1.8244121,14.231994,1.0087006,7.2114477,7.1828694,4.0993357,2.956374,10.645363,3.350664,11.559796,10.535868,23.945837,0.5102141,10.681324,13.518741,18.943367,17.174717,0.88296765,0.017951393,0.98946583,6.805527,17.176792,39.984985,23.936434,15.733314,1.1246535,2.6890812,1.8716896,3.1270385,3.4763603
397861,16.129051,29.81924,8.739506,1.2082747,41.06261,21.358986,0.9072996,26.634453,1.2203834,82.21766,0.00043483943,1.864962,0.05831394,23.421133,3.2675161,13.706488,0.18233463,27.742245,0.0658173,13.883254,42.19175,8.439433,12.54485,11.856556,0.71840125,3.2451518,14.846916,47.83444,0.28836983,6.9756546,0.05916216,5.7802732e-05,14.968737,1.2137696,0.00765756,2.142327,0.18282843,0.87708867,41.966545,4.7813406,0.10978494,1.3845603,64.202324,6.351258,5.0942683,6.363977,15.837045,3.2941983,1.2681534,1.6474988,95.07589,22.013073,7.2419276,1.5665994,2.0274494,0.115866914,19.360056,0.3531782,57.331474,123.99838,15.224593,3.5958667,44.485455,42.49766,8.628082,10.604485,1.758516,4.3133807,3.7703424,19.327398,1.7950966,2.1300929,5.391095,8.062613,16.059519,19.700747,21.015553,16.338594,5.777269,34.17551,0.26893172,10.992437,10.622992,15.566815,23.339546,0.09052514,18.722843,28.30919,32.141205,0.013891026,61.84088,15.256264,8.186632,18.807207,34.112453,49.62011,0.5683215,0.5828741,7.5366735,0.03488765,4.8728204,0.309044,0.069436245,38.342175,11.965902,1.7356077,8.575714,0.21718238,15.914063,5.0878043,2.7980258,0.7699677,12.601445,32.097324,109.712166,1.250003
401422,110.33679,123.52908,95.530075,17.241491,178.11215,84.77749,44.335747,116.237305,12.94785,328.7203,1.3685894,14.012244,13.60342,110.74227,1.8432078,69.21486,0.26304665,91.291855,0.7055655,30.396633,130.24643,24.945318,47.605324,39.71194,0.30250147,15.944432,81.62357,178.3011,2.1324997,18.294989,2.7125244,0.082445554,69.08626,2.7490866,0.15722491,12.796971,6.676125,2.8445687,97.58024,18.0002,12.404943,1.3283396,273.21298,14.082215,33.188118,30.941067,61.492626,5.818889,1.5308653,10.87819,332.77087,101.203285,10.880683,5.3339057,6.4942436,2.4520342,86.349785,3.2380629,207.06287,407.4165,73.65003,29.199827,147.72528,167.10526,14.994413,78.81501,9.848467,34.496735,0.11521746,96.48893,1.7933513,5.298889,19.739014,31.878958,56.660316,71.46611,70.283806,60.83795,21.284714,90.567375,2.4896688,42.059204,53.8333,40.198837,97.27288,1.5154847,51.18648,155.58217,80.92651,0.257404,229.62766,29.760052,36.59243,74.118645,146.19633,185.20486,1.1783522,0.33413976,44.159683,5.979545,21.679745,0.70740527,0.7556086,98.43993,79.25193,23.760994,32.243095,3.2715259,87.256714,49.161324,2.613582,1.5771435,71.6354,86.669945,534.7608,17.306484
406432,20.64062,28.949018,10.073244,0.93354887,51.894867,23.551226,1.7492146,23.822653,2.0774183,81.37238,0.13753532,1.0041499,0.022180201,18.152384,3.2339017,12.430047,0.3869476,24.345236,0.4849941,12.770037,38.819702,13.441571,11.964293,12.745768,0.7452844,3.8853266,14.372781,46.918476,0.8828107,7.862335,0.1386936,0.06825416,19.003277,2.0757368,1.0280385,7.155908,0.4516967,1.5725586,48.16488,4.078077,0.23447314,0.32995394,66.744385,7.4106917,5.78976,8.274594,15.2704735,3.7087965,1.1830875,2.109683,101.035934,23.500488,10.034248,0.6827406,1.0398257,0.11645136,23.806448,0.15449882,70.487495,140.35141,21.73675,3.7887065,52.819252,41.19185,12.262622,12.943944,2.6544755,3.7197456,6.643466,17.580072,0.0038303921,0.40814498,2.5837097,3.6741428,15.174454,13.493268,12.772601,12.535726,6.9506764,36.36535,0.39848796,7.9860077,7.3155556,9.085603,25.287592,0.56216353,25.76404,32.106377,37.691338,0.28322116,96.1385,25.489365,26.43594,7.561227,37.78635,58.74191,0.1624773,1.112913,4.5967793,0.052666362,13.829927,1.6183572,0.26083598,54.505978,21.404116,5.813735,15.394593,1.0572754,24.405062,5.3514767,3.6868086,0.13979395,9.309888,34.70406,153.16786,2.2438524
406836,0.0046223975,0.7837965,4.659463,2.9480383,3.2886558,5.012023,0.01780651,8.43044,5.0256357,0.43893012,12.108741,8.080675,5.7617116,11.873431,14.944337,19.32225,0.00085485284,0.510553,2.1279204,20.480541,1.2280995,8.403736,9.527131,6.5773883,4.876286,24.083048,3.170898,14.601964,9.1396055,7.972668e-06,15.488458,0.99965316,1.0847256,6.1163306,16.773855,22.138397,0.61945933,4.619651,10.9388,1.7872825,1.8698497,0.8837234,3.2704775,6.189612,0.19657224,3.6544917,4.76278,6.9308934,1.5202538,1.7997503,9.670351,10.609713,0.04193693,0.7067129,0.45744166,1.3183069,0.00079543836,5.817602,0.4861865,2.539732,1.0564487,1.0080923,18.106539,0.15284705,7.9502,8.7279625,1.6591617,1.3857164,1.3946292,0.6274729,2.9215586,3.4868503,10.42905,14.968595,3.72107,7.5547876,14.393343,14.587579,10.0554285,0.9823329,3.0792618,0.1599493,1.5284376,4.961297,1.1022323,1.9278246,1.0531553,5.9844027,0.009926796,5.6472793,0.0010992911,6.64149,4.6285634,2.801591,1.0371108,6.8139877,5.8619223,18.51908,0.122534275,12.203132,2.009954,5.5979614,4.7195435,0.82560515,1.161657,6.1742444,9.611647,4.6189055,30.278835,12.06373,14.0722475,5.081597,3.0930321,0.077590615,4.4859776,12.019149
412528,0.0055024126,0.036576908,0.006880241,0.007021334,0.00012588625,0.0494613,0.28976429,9.373304e-07,0.014698037,0.18823476,0.06861803,0.011130863,0.0072997278,0.13425693,0.26950914,0.01365151,0.0005842539,0.027335716,0.009835705,0.1691596,0.0016997157,0.3691476,0.002814057,0.07533764,0.00056033465,0.19709377,0.0056220996,0.15907483,0.028318793,0.014730223,0.0031633643,0.033659592,0.0050518005,0.03112693,0.10777741,0.22868928,0.103899166,0.026377445,0.14891554,0.18192658,0.0063500656,0.005371549,6.2341736e-05,0.02938273,0.27406,0.015016175,0.007923576,0.03213893,0.081329286,0.028749917,0.0019651542,0.10267736,0.0141898235,0.010174378,0.00046812012,0.00018408372,0.25710028,0.025641553,0.019552877,0.16065463,0.011604002,0.05146129,0.019683423,0.014339379,0.038210504,0.080558985,0.00039794136,0.0061359825,0.15224507,0.06131478,0.032621183,0.34370145,0.3223598,0.4694486,0.7438824,1.1919652,0.05990552,0.35595027,0.013453213,0.031564407,0.0018094981,0.0053933854,0.09582647,0.009404518,0.06747696,0.0022726683,0.00054143724,0.057231225,0.03926339,0.027179653,0.09410637,0.16339988,0.0077929823,0.0025366049,0.2083326,0.022740012,0.07246615,0.008441445,0.015309722,0.00855696,0.09510632,0.0364923,0.088176794,0.4197713,0.14721093,0.57535803,0.21951477,0.4577096,0.37296936,0.088411696,0.03718794,0.0071384343,0.115904674,0.0007044643,0.01918264,0.09677828
413934,5.1842837,0.025775574,4.2858644,5.9421654,5.232734,23.48686,40.992783,25.422358,10.477291,19.5033,38.406727,49.131077,3.4478357,200.96051,55.59684,101.86764,2.8726814,0.6431033,4.0411544,90.06862,13.255228,47.493587,35.58366,55.727245,10.850607,130.46849,13.141561,96.67996,67.60544,0.708783,85.71336,8.580142,3.1346042,32.813427,107.988335,129.8263,8.12554,46.066063,86.703384,13.908997,3.601664,1.3890144,0.36938533,8.580226,36.924778,17.24121,4.3178167,28.09113,3.1271899,8.477135,33.359505,160.77803,8.866224,4.1195602,5.198089,7.337306,3.628965,27.107414,1.0624262,54.75141,2.1512127,2.3587995,117.316,8.178884,35.736877,102.78685,2.7432826,0.957049,34.070255,1.0054376,10.288373,6.0637703,74.48628,119.867455,20.501358,58.567467,104.9814,105.43172,59.72822,11.882003,18.58275,1.2011213,18.136225,27.313522,11.389073,51.640602,8.269484,42.048325,8.342487,46.337265,24.323082,45.300735,19.825039,9.324992,8.764033,8.308343,45.225754,134.05658,1.45385,52.180252,26.373919,33.355824,48.107082,0.7994905,0.5887883,14.136135,15.855806,53.231388,204.80414,45.270554,34.10758,4.9987197,11.635306,0.9443697,35.624416,24.519024
414229,0.22486825,0.010814705,0.22432154,0.8718519,0.18225625,1.299104,0.6291599,1.0694438,0.16074757,0.14462124,1.6207108,0.7206341,0.07049304,0.8717981,0.9300971,3.1844053,6.22105e-05,0.14222957,0.7116773,2.9508872,0.22284083,2.559477,1.4649665,2.0221217,0.87449646,4.687231,0.0018391185,2.0652392,0.88781136,0.039721888,2.068597,0.15947989,0.4639682,1.9136906,3.6774275,3.0722024,0.8529433,1.2438921,1.0594418,0.567235,0.6751544,0.00954974,0.52096266,0.93502146,0.36804432,0.46593767,0.5808164,1.554058,0.03996636,0.73578906,0.51579577,1.088138,0.67728573,0.0019546468,0.51617014,0.78161883,0.013632039,0.93164015,0.32065207,2.0979793,0.3115968,0.14088954,4.421627,0.042827293,2.3699963,1.5209357,0.619489,1.805224,0.019225657,0.06337446,0.81249535,1.8924046,3.384128,4.1926866,1.9316072,4.2746415,4.224895,4.3412986,1.6240869,0.0009768754,0.82442534,0.24510325,1.577219,0.5038228,0.06294496,0.06652846,0.26545894,0.83351564,0.017424433,0.58291274,0.46929067,0.054648194,0.4083651,1.5518852,0.06881706,2.3750436,0.3730736,2.1004965,0.009335717,0.3559851,0.26277715,2.3558755,0.79673296,0.048679538,0.23196582,1.3373234,2.7996562,0.29296678,2.933769,4.481217,1.9545883,0.14912131,2.0682492e-06,0.15180686,0.7874228,3.5436628
415837,60.61707,65.43371,52.629234,14.067232,98.5139,49.426044,30.557886,61.938023,12.094356,155.75148,1.5420792,9.2624855,10.881666,54.06826,0.036495022,47.19623,1.5103867,47.147682,0.34848008,13.110056,55.630608,18.102596,27.51185,20.424955,1.6633711,12.628421,60.854607,102.223526,3.4634676,18.90296,2.8450847,0.26858547,42.552555,2.849851,1.8849791,16.866323,6.868488,3.1554415,33.111244,7.210419,10.061357,0.059852168,130.03455,4.0651627,21.915514,8.933187,38.944466,1.7141984,3.253913,8.82463,176.3024,59.69939,1.5979942,1.8325329,6.791909,2.4754586,55.478287,5.5043197,74.18436,135.8377,47.352547,19.246489,88.99802,90.75513,11.001121,50.677288,3.7510428,8.203126,0.62164384,45.830303,0.3455568,0.19037738,4.216474,5.876488,18.637901,23.11571,28.516146,25.505373,11.776704,47.097523,4.22969,18.497597,35.30129,29.60075,58.433865,2.2692568,21.24495,76.32335,21.459978,0.4796625,102.14438,21.70785,22.220472,24.309595,89.61058,107.61456,0.75824803,0.276168,18.870144,4.279602,14.177214,0.0115340175,0.06624453,46.60836,34.875813,10.226348,28.770126,3.6902308,39.957714,42.149887,2.0869873,4.3529887,42.75313,43.4506,265.42044,6.599216
419239,10.0927305,24.003899,7.171048,7.4451904,20.498615,17.073616,1.1821223,17.919958,0.81963396,63.368774,0.039224472,3.8208008,0.1096743,17.462326,1.7599041,9.4897175,0.04989166,14.713868,0.01405546,8.521477,27.922323,9.152043,14.08432,9.37749,0.0061957645,2.3234558,11.787251,27.544634,1.1120348,5.74971,0.43614662,0.08950947,16.885666,0.88372225,1.3703394,1.4635831,0.059513845,0.6682712,33.423027,2.9973824,0.09409066,0.04283114,39.422348,4.254454,2.6721208,2.5781982,10.376807,0.49338406,0.18287624,2.450087,57.77516,11.329531,3.5206492,0.31813675,0.021833414,0.02222747,18.922176,1.9454825,42.79375,64.63518,11.566431,3.3611424,38.915028,25.557116,4.3968744,4.991589,1.6163591,2.589669,3.2423112,10.9026785,0.49089712,0.011577472,1.3922185,2.3227007,6.426592,8.79454,8.3885145,7.3760257,2.4656234,10.387099,0.70149934,6.389436,9.9361725,9.385084,17.42903,0.0012605668,13.089683,15.648623,16.38711,0.1359705,65.783745,20.756708,16.17868,2.3182852,31.697277,39.696564,0.09815892,1.891667,1.9400581,0.6159952,9.339202,3.546917,2.2544668,31.458567,24.210632,8.116766,20.430313,3.7511873,14.489687,4.640269,3.7795973,0.08682613,4.282684,26.803862,116.63749,0.39732414
421226,0.054418635,0.08212483,0.32386574,0.066296056,0.15000342,0.7250124,0.15088597,0.3918045,2.0879872,0.6129176,2.8719742,0.8102516,0.3782052,5.323891,1.9773204,2.2709074,0.31201327,0.024428379,1.7414281,3.2497067,0.12700994,2.107848,1.184538,0.17204103,1.5127429,4.9072323,0.1339329,2.381799,0.7988662,0.05012628,0.8384535,0.0018971645,0.059654072,0.17872204,0.7750719,0.09479258,0.18215129,0.08411433,1.8586766,0.3011978,0.73971117,0.15939184,1.0014155,0.31652737,1.4053795,0.11291358,0.048869886,0.8431739,0.0014450072,0.2107315,1.3462546,2.4612598,0.1334977,0.0018582214,0.0003400185,0.15750013,0.10578737,0.17530957,0.011947742,0.5898953,0.0013973075,0.04295251,1.8505019,0.39023513,0.22433278,2.6965537,0.027451409,0.06795849,0.014016268,1.0959914e-05,0.12169652,0.7893337,0.09350366,0.5329453,0.04369298,0.49339554,2.0338938,2.8709123,2.2627044,0.83444536,0.21620563,0.54537714,0.12858619,0.67207795,0.06451431,0.06566902,0.2750216,1.458085,0.1089544,1.1212038,0.072230875,0.7073785,0.9380627,0.27396777,0.053634655,2.5024185,1.0060246,2.186038,0.03423711,1.4445312,0.27613485,1.0110654,2.3838694,0.00095665647,0.46407458,1.5860566,1.9751201,0.72230285,8.477107,3.9322395,3.7783115,2.683897,0.009851078,0.39269653,1.3362299,4.849544
422632,0.40561777,0.82860434,0.3557506,0.32129982,0.26058167,0.07045028,0.27111387,0.1262051,2.34279e-06,0.22853316,0.675253,0.18299223,0.015815508,0.04807827,0.04983334,0.15793325,0.0072424226,0.5818769,0.31070557,0.028580273,0.74162555,0.47366256,1.7931247,0.00944604,0.17059076,0.012527521,0.3889791,0.58406097,0.56203395,0.15842013,0.04627953,0.19991449,1.1129897,0.020758415,0.54486936,0.2545675,1.2873218,0.36290464,0.002065343,0.07486398,0.110420205,0.037149567,0.9698248,0.058608614,0.11187064,0.02347782,0.73630655,0.02981455,0.002098866,0.0036506439,1.9043131,0.32035044,0.013137464,0.14291728,0.2680296,0.047802955,1.9391695,0.41847628,0.011202509,0.6166391,0.69270396,0.10298756,1.3735833,0.29716387,0.3533054,0.006417612,0.07287431,0.056206614,0.11306136,0.025310092,0.07808591,0.113038935,0.00016340066,0.061643235,0.2947865,0.089036986,0.05377573,0.004169752,1.414178,0.4177172,0.1050857,0.046199594,1.3070309,0.04918104,0.3783831,0.0022252533,0.16181885,0.439309,0.15823254,0.06549465,0.052229647,0.356242,0.00023808179,0.26346222,0.0028476897,0.06310477,1.5873789,0.27404496,0.75055456,0.010243796,0.08172598,0.18899395,0.031725816,0.21242896,0.57276326,0.00046638527,0.021677786,0.002274146,0.0391477,0.24529728,0.024973491,1.1017245,1.2635345,0.17096928,1.5650393,0.038383592
424939,0.6538699,0.07644364,0.7517336,0.22740428,0.3483761,1.2573893,0.060854387,0.6180916,2.5971844,0.3978703,3.1328611,0.5509172,0.15662353,4.4048133,2.6704326,3.6501489,0.07722841,0.0014990316,0.18161806,3.1664472,0.014762305,2.4094646,2.0322046,0.4243901,1.0118164,5.6414,0.16203581,3.211981,0.9573078,0.4774155,2.38303,0.09348947,0.13142005,0.6829259,2.822175,3.1064157,0.28825724,0.85381925,1.0354493,0.4599504,0.16217238,0.19063985,0.006466768,1.0262122,1.1753093,0.13669586,0.337757,2.0534425,0.045429032,0.39125064,1.1590408,2.37528,0.03071773,0.34058157,0.0076690773,0.46210992,0.012628882,0.9701453,0.0022551077,2.181134,0.25896052,0.14100982,4.0198426,0.19699928,1.8453878,1.7805191,0.17125067,0.3071978,0.00037173886,0.00020100006,1.418234,1.2755374,0.7107494,2.1619542,1.0470381,2.7967818,3.1231408,3.8896468,2.170549,0.02862127,0.18408403,0.0845179,0.15509397,1.0101297,0.0005576937,0.36974725,0.047243416,1.6170418,0.0062786886,1.2471138,0.23999517,1.9011977,0.15510759,0.4017321,0.07191543,1.722865,1.06267,4.0753775,0.032373648,2.6803844,0.56795067,0.740053,1.3435036,0.89339834,0.6355713,3.7119648,4.681929,1.5807239,3.9653122,4.1937046,1.6746385,0.62259007,0.09824773,0.012611794,1.1371506,5.1316156
432332,0.45706183,0.99129933,10.9239,6.1434193,4.903822,12.011092,5.4365172,13.495878,6.973789,6.708496,15.192574,19.483665,7.8812633,62.03899,32.08458,56.53534,2.5654075,0.28291798,4.6720667,46.193245,6.3995366,27.645315,21.946213,18.536533,8.533513,63.754143,9.139706,45.90642,29.313225,1.0577489,45.33342,2.9419842,0.0023181443,13.139076,48.81675,62.075924,0.013042102,16.230806,30.126722,2.7864423,3.4648805,2.2138412,1.2968316,7.668045,9.000987,5.441349,4.7776613,19.548504,1.2097863,2.3251095,16.393284,64.82862,4.2581825,0.16949636,1.3850317,0.41730663,0.11533397,8.817898,0.6326719,13.923244,0.024812512,0.8977196,45.866066,6.1819673,10.779669,40.825413,0.37479025,0.16199654,3.8884935,0.09893265,7.70458,5.195276,29.193031,42.822308,12.833161,29.513578,43.337265,39.343384,22.793104,0.086723156,7.9394813,2.2969537,7.2992277,8.542372,2.0676806,20.109709,1.6405154,22.372635,2.4527922,16.914408,6.3029165,20.42916,8.796741,6.8409324,4.339454,9.3731575,19.946016,62.811253,0.16805261,26.852108,17.687017,24.287252,25.770924,0.09412006,0.16587105,3.5324576,15.637466,35.76957,94.610916,30.518997,30.148443,0.6296189,8.585143,1.401576,10.340098,17.583147
433839,0.00017352201,0.12279835,2.199731,1.06983,1.286335,0.61321676,0.0008839637,2.1528065,3.016135,0.8131611,6.4613705,1.9920559,2.312479,4.929626,4.254385,4.639968,0.009008102,0.00062251557,0.11423695,7.128866,0.40226972,2.2482085,0.5250734,2.8629425,0.9267587,6.2394342,0.07855136,2.900935,2.5129008,0.38286954,3.1646402,0.06688929,0.5011117,1.4417318,3.5513697,3.0282152,0.018150598,0.62571234,2.9734898,0.66106284,0.4466404,0.81498235,0.014210222,1.5405084,1.1330833,0.28619912,0.87763256,2.530885,0.037123814,0.29537672,1.9624172,3.2717633,0.016030192,0.26724404,0.004956697,0.50336903,0.004481356,1.8679677,0.073370285,0.7244366,0.14192246,0.000859023,4.489401,0.3013279,1.2053243,3.2615058,0.31657654,0.083685815,0.0054469695,0.013111079,0.95942295,0.66538936,2.8391075,4.5274153,1.7831272,3.010421,2.67298,5.6158223,1.6767001,0.056090735,0.8044943,0.1762693,0.0017109619,1.4338635,0.047951013,0.3163221,6.33843,2.2180545,0.09084243,2.146197,1.0438765,2.4407573,0.4091756,0.4317372,0.009583915,4.294338,2.8265543,7.991647,0.24702263,3.1485097,1.6408533,1.1044494,3.6129227,0.9040637,0.013578991,1.9661374,5.014428,1.9766346,11.836661,4.75966,2.1870315,0.2332342,0.12822881,0.25141212,0.7909692,5.529818
436239,14.875162,19.92204,9.436975,9.275805,26.310785,19.471035,3.4640036,18.407991,4.273787,54.22323,1.1672028,4.8837113,0.33198267,17.67052,0.0021081716,14.565477,0.68739307,19.78424,0.5666559,11.88838,13.479591,15.561837,15.475825,11.820468,1.2986339,6.265082,18.210302,33.809856,4.6390824,10.650123,2.2159817,1.4455684,18.924822,3.4806538,1.9765002,5.141455,2.35191,3.430232,12.166168,0.4537007,0.87668186,0.28202623,41.533916,2.4788494,5.4112487,1.176046,14.3364315,0.075827226,0.58795834,2.6039686,58.607533,13.845647,0.7057611,0.09946049,2.149128,0.28918943,18.056631,2.546063,41.798527,68.17545,15.7087145,6.554106,46.421227,26.463999,7.47188,8.896818,2.1254413,0.75842494,3.6875284,11.453561,0.37498885,0.3366699,0.08689399,0.085959956,0.86619973,1.0577937,6.3997345,3.7217488,8.523806,14.852082,2.1912227,8.64903,16.516317,17.173637,20.624266,0.47410128,4.202376,23.487854,8.835333,0.01596313,56.688766,14.542814,10.156837,2.4606607,23.900856,31.464355,0.80462474,0.5566445,1.4956843,1.1249503e-05,6.396531,1.6071397,1.6172479,21.017197,24.968954,11.375142,16.402767,3.1010308,9.555359,6.8158536,2.9394233,0.012516408,5.71715,14.715618,117.88829,0.16345292
436845,0.013515568,0.024789993,0.01940863,0.07631166,0.05672007,0.0017676615,0.00075481826,0.0047509996,0.046626717,0.028775658,0.014521636,0.07709415,0.0019249197,0.09650179,0.007989882,0.13578916,0.001537351,0.04492876,0.10289433,0.00015364919,0.097231604,0.00043244514,0.016588528,0.015800385,0.0027604678,0.024448544,0.0019499037,0.2877551,0.025927205,0.029734297,0.0025712342,0.0427633,0.0071362993,0.030187177,0.04660064,0.3969914,0.10497824,0.020792874,0.004025786,0.004012006,0.16406891,0.009666496,0.00023088115,0.0022071647,0.14165775,0.0030209501,0.07344943,0.0762906,0.003895934,0.01057489,0.010988147,0.010946026,0.18451376,0.020072412,0.0045019486,0.00018979308,0.0055236425,1.4820994e-05,0.1418973,0.09005595,0.0008113732,0.0038263898,0.101695225,0.012349174,0.15210599,0.084647685,0.07458138,0.00017441274,0.111109465,0.027056279,0.048259262,0.021632615,0.013492766,0.009673365,0.16339082,0.10781136,0.0065372824,0.0026087267,0.00050238735,0.0116480235,0.20401008,0.012880241,0.000152954,0.0012752983,0.030221004,0.0062633343,0.04506228,0.0038936576,0.049311567,0.00017500283,0.12227732,0.023818526,0.12739815,0.39338508,0.00094014,0.38613492,0.0012531918,0.038374133,0.01620894,0.005988255,0.006326054,1.2873776,2.7874812e-05,0.3306555,0.0070586926,0.019551244,0.08347655,0.009020425,2.7500741,0.048775826,0.2756129,0.090062924,0.1215721,0.025717674,0.0072130547,0.4163999
441939,0.3754516,0.097942896,3.2590077,2.0436404,2.5690026,5.219307,2.8029559,6.746796,3.1367304,4.025052,10.891737,12.765869,4.678155,35.248516,16.477255,25.752937,0.07772513,0.27596092,2.1295614,30.386103,2.7967706,15.754375,12.108339,12.039909,3.266078,34.382908,2.844135,20.834206,16.739563,2.8483568e-05,22.431282,2.8079975,0.055381563,8.816477,32.086735,33.81412,0.4709873,12.599807,17.620314,2.0516868,2.0099843,0.3162709,2.839469,6.36788,5.2881584,6.052326,4.059596,8.017095,2.2223632,1.745745,11.661788,28.429876,0.45678133,0.00021787483,0.041751456,1.2531719,0.086207375,6.81954,1.9583284,14.381776,0.8901831,0.092764094,29.741398,1.4218751,11.975372,17.68389,0.4241348,0.21074633,6.3389044,0.0070078894,9.2503605,6.2867813,17.875408,29.411871,6.6703186,18.571438,31.836239,26.68694,17.80816,0.7538196,5.622719,0.70790106,1.3593311,3.0626307,2.264481,7.986978,1.0313509,14.504066,0.3867833,5.883279,4.7156878,3.6126704,5.4831095,6.6387415,1.4847949,6.4505825,10.857566,33.63003,0.025395332,14.962651,4.648284,9.54689,7.8522573,0.52362204,1.1810124,6.521497,9.496143,10.185929,58.248283,18.220295,13.0305395,2.8347497,6.4868927,0.010639544,10.146384,17.848751
445543,3.4777155,0.18792301,1.1071506,2.6243424,0.80592126,10.695897,30.4455,13.067917,6.0389853,22.657438,20.8977,31.936878,3.0586126,156.87784,36.229095,73.16305,6.417557,1.5043877,1.5938654,48.750275,6.256785,27.51194,24.55271,29.28636,5.143258,79.94194,4.9799314,51.39808,37.14786,0.9367234,51.423214,1.63605,3.183179,16.088371,57.586185,74.078766,5.6630116,27.521824,51.934494,5.271315,1.2393752,3.039873,1.3887584,3.808534,39.396904,10.409044,1.4489837,17.2866,1.3091894,3.0515132,22.526062,138.24352,9.239752,0.23369606,6.348589,1.7448914,6.6544805,10.7039175,0.28263873,24.246098,3.6220877,5.4483914,71.215096,9.66617,13.568691,84.298676,5.474694,2.249286,15.529572,0.07777164,4.370145,1.661094,37.159737,68.88169,11.696084,41.11325,66.33059,68.88733,33.502506,3.8942478,7.857148,3.9329672,13.803708,14.904807,5.918972,40.646904,5.3259068,34.311424,7.3977594,30.038244,21.819149,26.317297,13.606365,7.706392,11.024217,6.755128,23.668743,81.42052,1.5038514,33.74597,23.12805,30.042986,35.49336,0.24377371,2.2946596,1.9300939,13.649099,38.985027,166.29636,32.514656,21.297958,0.09247306,3.454087,3.3460143,14.134886,22.254004
448347,9.075357,11.128453,4.459529,0.8820057,20.81638,9.53778,2.431226,9.31415,2.2854435,19.360231,0.31383923,0.79331756,0.7975144,8.384983,0.20537272,3.007449,0.44180077,9.52459,0.38142833,4.873475,8.23538,7.5790315,7.9647202,3.976923,0.15829916,2.077669,6.8893533,21.006067,1.5461268,3.5447054,0.3922053,0.15717158,7.512423,1.778747,0.57153004,3.1464744,4.03192,2.342492,5.7794514,0.39144275,2.2394502,0.37955755,21.363905,1.1699206,3.6895595,0.64686996,8.528873,0.38279173,2.7388976,0.7134656,37.026806,12.53892,2.0815089,1.5624467,1.8670822,0.36299506,10.793809,1.1977968,10.11031,30.659956,6.851178,2.1346986,20.902927,15.550634,5.068437,6.9434824,0.041575905,0.036987137,3.8967578,5.473847,0.041417286,0.4043376,0.102866225,0.19513315,0.20147257,0.83595425,2.112777,1.5196642,3.7450867,13.021671,0.5570263,4.2929807,2.7416408,5.133813,8.269703,0.050447978,1.505893,9.029186,6.2383432,0.17365763,9.491438,0.46382725,0.4162843,10.136821,1.4851464,5.3478723,3.7458894,1.1572776,5.267023,1.9124975,0.027681665,1.3792368,1.25757,4.2810364,3.804508,0.2574202,0.009677622,0.58962876,1.7602698,0.24558379,0.015386848,1.6258463,5.1650724,4.5896664,30.900494,5.7312547e-05
449753,5.1508718,9.527492,5.0644293,4.580687,16.21292,12.508131,2.0834455,8.773554,2.9277396,30.32887,0.53172195,1.7663816,0.015895285,6.896517,0.07232746,5.0620303,0.36817184,10.037136,0.017625492,5.114588,8.272835,8.820781,11.560427,6.2940035,0.894701,3.494311,7.78261,19.733274,3.6438916,6.058754,0.96114236,0.3991182,11.632299,2.0102158,1.8691791,2.014498,3.1385648,3.0217233,9.287557,0.8923482,1.4408662,1.5665563,28.851414,0.43534327,3.1971414,0.005565068,9.356872,0.029795086,0.024048325,1.3312916,36.090477,7.477297,0.646214,0.049188156,0.17079072,0.0016924829,12.141788,1.0213584,19.014141,46.818874,10.244345,4.5882607,28.522549,14.333326,5.3013077,3.0029166,0.7327549,0.11491695,2.6466515,5.051856,0.12064813,0.12626517,0.060632974,0.2646926,0.49093035,1.4107134,3.2251184,2.459811,7.2388043,9.250169,2.2360067,5.873661,2.509379,2.7848756,12.779099,0.3913192,18.283875,2.2252991,3.1356068,0.027601229,29.15149,10.699656,7.587434,0.8050707,14.213394,20.024006,1.1944274,0.21590586,1.0546579,0.022114446,3.1546655,2.5928583,0.2696378,10.184502,16.890928,6.8782578,5.2424555,2.6815255,8.290197,2.0626428,0.5768342,0.506119,1.5033907,10.886016,67.2919,5.8244046e-07
453441,0.08848633,4.016118,16.501333,9.4162445,8.55761,19.144926,1.8747149,24.041553,9.740523,3.6539462,26.381744,27.039104,14.628525,52.900063,36.599163,65.92689,1.3236495,0.12891898,5.3822956,53.592003,3.9679747,29.801296,22.114658,21.83974,8.834071,63.46072,10.75601,47.972946,37.865673,3.1796947,58.847496,4.2942967,0.8986666,14.476206,60.791862,86.51833,0.07471861,15.808281,32.813435,5.7941403,2.462482,5.0250316,1.1423533,11.570424,1.2998585,6.2403274,10.125732,22.343485,1.3217636,4.1435237,23.851433,47.377,0.4208997,0.7490436,0.4795096,0.22506833,0.23372747,19.04243,2.5914843,13.989614,2.6286263,0.030694582,45.133152,1.9673471,22.021616,31.762594,0.3091197,0.043598674,2.4746716,0.017856508,9.540423,5.7476773,37.5094,52.51031,17.249847,27.597473,47.613514,37.370773,21.3002,1.2746474,9.410947,0.22293493,8.853899,8.493556,2.717437,16.493885,0.43624175,24.47138,1.3306189,18.935698,4.49597,18.074171,13.119357,6.9386435,3.5891628,10.479458,30.59633,87.12407,0.042334296,26.706236,15.572126,33.68062,24.598885,2.5522697,0.53232384,14.737084,39.36531,22.11896,92.05541,24.270979,32.562744,1.4751295,13.677461,0.0030674413,20.55303,33.169643
453542,56.887848,67.528305,25.421848,0.0981141,144.53355,55.00528,3.5593536,51.01166,2.3409433,201.55847,0.033676602,0.76328176,0.580685,43.616608,8.465343,24.000898,0.04317773,44.8276,0.71256346,24.860838,97.27175,17.54956,19.290503,24.60792,3.0851922,7.541505,34.292217,102.71255,0.08172395,9.415336,0.02097241,0.41263926,33.107437,0.99962264,0.0006071337,8.164864,0.00052868755,0.19283313,104.705055,20.84611,0.62510973,7.0475297,167.14868,28.575165,19.708345,28.569838,34.13796,18.59296,1.1588252,2.583176,256.69308,62.166355,21.733002,1.0576596,3.332019,0.009880819,57.24428,0.00072573085,185.01003,378.62988,45.30284,3.9631085,125.75131,101.292564,27.659657,34.621784,8.633242,19.655231,8.125438,56.751907,3.902019,7.2033134,15.690646,25.172995,47.412495,58.29677,54.309196,50.412464,11.406421,76.034645,0.61476636,16.042841,15.406274,13.418211,62.371773,4.625357,83.700645,61.13001,88.197754,1.6252271,200.11655,52.8319,50.89354,24.445076,96.96247,177.50124,0.07185794,3.262324,15.333632,0.06662609,25.440798,1.2246022,0.12149813,128.17448,43.283775,11.756244,34.54004,0.5937162,62.316006,18.784557,5.1496596,0.0025676994,35.195934,77.63984,382.33054,6.201766
454140,16.393797,1.2353727,1.1866341,19.650005,8.190689,69.15097,162.92929,91.69169,23.894087,74.04042,134.65984,188.0773,2.6563792,683.49164,168.64189,295.87912,0.69533867,1.1126049,8.7998085,271.7808,43.409336,160.31859,102.59677,200.3094,33.444546,423.35947,47.071354,328.2962,261.67615,0.78680116,321.4213,43.923717,7.315188,114.113525,345.37433,423.83777,45.975704,178.56253,243.36682,63.366642,5.867642,1.0460289,0.1255925,11.756118,134.24811,63.711227,8.528504,68.23816,6.026933,36.43726,117.29483,532.2539,42.440037,16.194841,26.423334,24.397642,9.153487,94.8078,0.63952297,165.67198,6.293118,2.180159,417.58102,14.582203,160.22679,337.60944,9.390017,4.3974347,152.3652,11.308627,22.633862,17.755539,257.1652,422.90158,96.061386,225.01173,350.36954,352.6129,220.84291,107.34998,86.171715,0.028434621,68.65237,87.94064,51.065166,193.06993,26.706038,116.95531,30.08993,156.48782,67.34965,146.25333,78.06373,12.83872,25.8893,22.08873,150.34528,453.05658,3.948719,147.58606,65.2073,122.280304,148.3311,2.3394923,1.5735828,55.02822,24.97826,139.7231,822.2185,98.41814,58.509727,14.752573,43.734005,2.976894,135.062,154.78185
456346,0.1389821,0.24376953,2.9747322,1.9113951,1.4227992,3.201498,0.0048810397,4.4770412,2.503108,0.3576126,6.7915363,4.213503,3.1254303,6.7671576,6.2875905,9.17315,0.09954207,0.01741144,1.4561694,13.531942,0.0062306067,4.8766103,7.6053786,5.6286087,2.5982742,14.872773,1.7025526,8.535265,3.5372486,0.51078516,9.102228,1.2152549,0.07133714,2.3558087,6.3750787,8.601715,0.11622624,2.5276988,7.7525063,0.35761753,0.68075275,0.7933605,0.23434569,2.1181564,1.1732525,0.75521415,1.9181415,2.9612184,0.0403224,0.6552466,3.1293113,9.943072,0.0772782,0.009410301,0.011898567,0.13060221,0.116101265,1.719012,0.07936712,1.619365,0.15258227,0.14326297,7.3746142,1.0743008,2.429042,6.975123,0.22521564,0.097175926,0.69709575,0.069354706,1.1223906,2.2197306,6.419801,9.761419,2.7971442,6.569405,5.6538486,6.104181,2.704957,0.042376727,0.82923806,0.8384336,0.19042149,0.004588719,0.2753996,1.9728764,2.0726986,15.921045,0.0003088035,2.147208,0.87799585,3.9780755,1.7776927,3.131197,0.031058298,3.7768621,5.2098956,11.034195,0.0002173866,5.52552,2.6837053,4.934205,4.4185963,0.1470208,0.3770521,2.504376,7.3157425,4.571728,11.245143,5.18993,4.7944565,0.9265935,1.0244766,0.26681,1.537639,5.5549474
459453,0.0016759605,0.013988366,0.014176542,0.12158291,0.00022337174,0.020154865,0.07190738,0.0055806777,0.013754334,0.00045291157,0.05520414,0.0072512846,0.020878205,0.012591132,0.06044848,0.00012882466,0.07110352,0.08946089,0.07474424,0.023458946,0.028255686,0.12629347,0.25947186,0.11519042,0.0015488848,0.0007844739,0.0712667,0.0369413,0.0001371336,0.13794655,0.0043909457,0.0005373404,0.014182717,0.007395143,0.19769154,0.0983067,0.16375417,0.1807921,0.7838955,0.058294598,0.28030387,0.11420923,0.040077638,0.032207716,0.033724725,0.08327429,0.005067388,0.015453469,0.030749131,0.06498825,5.3651165e-05,0.07079572,0.001651091,0.035386525,0.0839494,0.0026420525,0.0027268212,0.004937806,0.1956297,0.11345575,0.0004499861,0.054815695,0.03195232,0.02344562,0.01769449,0.0044474564,0.04483811,0.047747742,0.012628413,0.055183806,0.22367129,0.0761781,0.26115802,0.044893663,0.28384456,0.22754276,0.2114383,0.13074914,0.97716796,0.12231308,0.00020132448,0.05635607,0.04458316,0.2708524,0.005147462,0.09262045,0.185013,0.53241235,0.018612111,0.024395049,0.24070583,0.079511665,0.14298758,0.4740379,0.46909967,0.061077822,0.00929509,0.00038354238,0.0038947472,1.4037673e-05,0.023624513,0.035788853,0.03048995,0.0030053437,0.000997577,0.02942005,0.00018603785,1.6289805,0.224235,0.082154915,0.2860264,0.4207833,0.012203752,0.007803163,0.001998476,0.0013154064
461743,7.557644,13.52775,4.6571975,1.0476816,19.44695,11.52327,1.42754,9.90589,1.0130962,25.7198,0.30727354,1.3300194,0.49691555,11.260207,0.7179905,4.4461956,0.63930964,13.058586,7.481021e-05,6.028906,9.009547,7.973004,7.9737015,4.7991166,0.00037556287,2.4589696,8.155262,23.32467,1.924859,4.354909,0.14397576,0.013187468,8.777006,1.1294272,1.574134,3.741399,4.284065,2.4619405,9.887982,0.27559537,2.322538,0.027927997,25.968002,1.4090279,2.2637732,1.0433745,11.416414,0.6980497,1.0748302,0.41696364,39.341076,7.664875,2.1884334,0.0074364217,2.6764212,0.62782747,13.40563,0.9975101,14.120619,36.191124,9.22386,3.0265937,25.722273,16.549398,5.7300615,5.088792,0.29120544,0.58473545,4.2153854,4.077953,0.017418386,0.3766856,0.1207233,0.609772,0.6672345,2.052444,2.994969,2.2821531,3.8749857,17.653671,0.5288385,4.4653006,3.1589274,6.778244,9.743542,0.004752148,3.9504788,13.56436,7.6337724,0.060379006,17.54646,3.0286129,2.8875687,6.012957,4.177849,9.14843,3.5995967,0.31062406,5.600506,0.6429666,0.50306666,0.14181837,0.4992048,12.301969,6.4181366,0.6930215,0.11143538,1.9926095,7.162009,2.3285582,3.20096,0.0038618373,4.370368,7.914372,47.344177,0.12825902
463040,44.553196,43.058796,19.080595,0.15234827,98.005516,33.345123,8.807129,30.75516,6.5508947,99.94912,1.3004984,2.6590965,4.277238,30.414534,0.74390084,18.988409,1.6319497,30.077763,0.0011180597,12.908223,40.477642,14.557824,14.056893,12.386687,0.016355727,8.225681,23.700457,72.11736,1.9397204,8.442501,0.2464142,0.002368226,21.41264,2.0310063,0.07805108,10.119844,3.0828676,3.0480728,36.01026,4.795081,4.821428,1.4131796,99.05568,8.933979,18.783562,6.0777164,30.104982,3.3481581,4.744759,3.5194132,149.96791,47.853153,5.0830107,4.35451,5.417987,2.063455,39.10698,0.38477054,52.74831,149.05096,29.166315,4.9305515,78.11141,60.285484,18.638968,30.69709,1.4361575,3.620504,7.941077,21.729845,0.017428366,3.7595975,3.8791335,9.218327,17.3281,28.529184,16.904242,14.331169,9.246442,56.562004,2.4224064,14.936987,17.29515,14.647392,38.89615,0.025975386,26.588547,42.844284,32.53219,0.6509402,68.60351,6.9690504,10.772411,33.730465,39.098873,69.96285,5.2428865,1.3146317,18.417624,4.934649,2.7119756,1.0967766,2.7068553,35.44928,19.220959,3.1476805,3.9552968,0.5264211,23.313286,7.4278555,0.024477564,4.6196384,35.78718,24.067753,182.8229,4.592422
465852,0.002601411,2.6840476e-06,0.05137729,0.012588413,0.00013270727,0.20868488,0.12700374,0.010673545,0.050610945,0.21832767,0.033600323,0.0022882978,6.7006164e-07,0.00039780597,0.11235451,0.28073105,0.0020300227,0.008937273,0.003989123,0.034759548,0.027277378,0.0027124612,0.033571813,7.240302e-06,0.03635943,0.088370055,0.019680863,0.00029467154,0.011921284,0.013126196,0.04924502,0.0004934893,0.04802212,0.001504268,0.09931044,0.005885023,0.09142126,0.0047413087,0.26733333,0.005545275,0.001101914,0.0073536322,0.14079235,0.0032682887,0.09936254,0.01828121,0.065355845,8.392743e-06,0.05557165,0.1130698,0.00907853,3.3406304e-06,0.010090008,0.052844476,0.0024260343,0.018129207,0.095078155,0.0204645,0.14081289,0.014885107,0.0029039748,0.0024006045,0.066907905,0.0014965521,9.1640715e-07,0.027957499,0.038296603,0.00035712542,0.060453806,0.08665108,0.0010416239,0.0002571374,0.008064098,0.023796821,0.033501074,0.0007103687,0.00038598024,0.00014540958,0.06374332,0.009297697,0.0062409616,0.009848395,1.2384907,0.6198137,0.0111348275,0.027260946,0.06351258,0.23243453,0.0011166828,0.027124638,0.66337323,0.3011764,0.007851374,0.10276858,0.5985272,0.18284647,0.057823095,0.026365642,0.0069631697,0.032325074,0.11264303,0.14247164,0.0002735607,0.027854737,0.07899198,0.14690496,0.20996606,1.5262201,0.0362751,0.17517471,0.22553602,1.39534695e-05,0.041408528,0.003665232,0.014475543,0.033501435
467351,3.4777098,0.4334105,6.315531,10.121364,3.4541593,23.687435,33.27565,34.29623,11.043009,20.797039,40.45885,61.753376,8.312391,198.97078,64.03105,104.00226,3.382608,1.4787009,4.8230195,101.18344,14.090552,58.271065,37.912735,59.261566,11.585827,134.32611,16.796896,100.515305,82.19205,2.6597397,108.72271,8.25465,1.0411202,31.643913,125.9643,156.53871,5.262147,47.31379,76.939255,13.460495,3.2189002,5.6878896,0.8068105,9.000151,27.052431,15.383621,7.6842117,34.38635,1.12237,8.424347,43.169,177.99257,10.521181,2.0443919,8.592322,2.901293,2.6238682,27.635227,0.14831758,30.822132,0.6943446,1.8592567,135.43837,9.316275,38.363396,115.48286,2.4713707,2.562474,21.949577,1.0334748,13.304599,6.932647,79.25268,124.80994,29.339092,65.15978,121.49866,109.43157,77.135994,12.302299,23.744843,1.4085451,22.766481,23.950905,12.67925,60.510918,5.9422154,45.188465,9.640273,51.27527,22.215307,46.146706,25.3229,11.224862,7.647414,15.348701,61.32614,166.06784,0.90765166,54.14049,35.352383,54.658722,56.602448,0.23093306,0.20476352,15.889861,21.286478,54.49607,211.36351,48.72146,47.449707,4.5730963,17.133045,1.1323774,38.420086,37.63697
468050,0.083705746,0.023127787,0.35695043,0.8436012,0.34265587,1.6088648,0.10381457,0.5332669,2.184699,0.4216216,4.334622,1.4707321,0.60818315,4.623768,3.263927,2.6750593,0.08240074,0.124876596,0.9752209,5.0758824,1.1438442,4.817528,1.9881604,1.3410286,1.3750226,7.108037,0.7114916,5.330849,1.4169233,0.028075464,2.053848,0.24117155,0.1074699,1.1955212,2.5094182,0.533496,0.2634701,1.0854198,3.0743735,0.11693351,0.8342103,0.01682526,0.7190112,0.74730563,3.1977117,0.051489525,0.074814685,0.8872363,0.19503391,0.40353367,2.2072651,4.534439,0.10167717,0.026449319,0.0015128369,0.27746564,0.73661083,2.1193326,0.005158734,2.4219782,0.00879484,0.044065632,2.5298848,0.37735543,0.42882174,3.710727,0.026716765,0.08649912,0.00047132358,0.20345475,0.2500881,1.5739809,0.40893283,1.646446,0.16858578,3.1745102,2.5567117,3.6328957,1.009215,0.64596546,0.04111342,1.0423368,0.23516989,0.7272704,0.12096637,0.28521028,1.1704106,1.1520947,0.00017995367,1.0503231,1.3147386,0.03893593,0.518009,0.7780375,0.24481271,0.82641894,0.5513055,1.2357956,0.022009637,0.91117555,1.296806,1.8888938,2.5755966,0.08766834,0.0759995,0.4616023,1.3482884,1.1313891,6.4476666,1.336685,2.1561468,0.08763379,0.18455572,0.56304634,0.13265102,4.855463
469961,5.4978848,7.395957,2.5928473,0.009114262,14.93661,6.8777823,0.8680245,4.742124,0.44403464,15.076888,0.35357365,0.06442624,0.12865224,4.4919395,1.4866065,1.0739022,0.24417816,4.374205,0.14920446,3.7924452,11.125479,4.113625,8.015056,2.1211653,0.06278864,1.5874882,5.1914787,14.812556,0.8151514,1.7275748,0.018261764,0.06031694,4.800322,0.39476097,0.9342942,1.7641124,2.8752103,1.1824628,7.4589677,0.7632134,0.3120401,0.35465318,21.102657,0.6787686,2.766543,1.0119749,6.6124616,0.3581589,0.9638195,0.6468944,33.083504,9.337842,1.7770388,1.0305725,0.6028651,0.025783787,11.697795,0.39093524,7.9240375,27.466503,4.4584103,1.1969761,16.522264,10.835225,4.624335,4.6889954,0.09599896,0.2610988,5.8833504,2.7774158,0.06659858,0.7307416,1.1006172,2.4722085,0.6770935,3.226186,2.0653248,2.919428,1.8185043,9.628089,0.12992841,1.4937377,1.4039587,1.7908758,6.464384,0.20348854,4.850786,5.45904,7.481668,0.05155138,11.049008,0.32073042,0.6092624,9.193593,5.622341,14.953719,3.2494743,0.21225567,5.49007,0.5309153,0.316912,0.9695631,0.7381296,7.7908874,1.8604767,0.0060587735,0.8168815,0.11256921,2.9690077,8.5111824e-05,0.30059853,1.8005551,7.1751103,6.8948474,29.317076,0.84892374
473952,178.50447,223.24411,143.16873,35.35193,245.2778,133.92097,52.670685,200.981,12.339987,627.3914,0.485271,19.352755,8.98725,180.99748,12.56904,115.93238,0.6019442,142.69048,3.2367897,51.527073,311.78006,29.754616,80.35692,63.227943,0.44857916,15.953072,119.20067,269.1303,0.112464845,30.84244,1.4364027,1.7910465,120.29145,1.6756428,0.09348569,4.52166,1.0487536,0.54000443,240.56958,44.071774,8.053645,4.3347154,496.7559,32.459736,56.811512,76.360245,90.46633,10.572734,0.53034854,17.12062,593.1413,161.59222,24.508526,8.926298,5.13026,1.3413166,141.1219,3.5057945,486.22012,868.60474,126.57475,55.36487,248.91179,292.24677,26.071907,116.57572,24.446566,85.77982,0.0044778134,193.2588,13.852479,13.748705,52.22701,72.9215,172.63457,165.91133,173.00888,152.90903,28.64537,116.467735,1.2365355,63.297077,87.88152,62.688187,165.66812,1.1340134,107.63006,284.001,167.62381,0.18815099,500.2048,85.873314,107.32345,116.168465,369.838,431.56747,0.49548122,6.46326,61.275944,2.386559,79.31741,0.077744566,2.0147047,226.30215,140.9029,47.246147,124.3177,16.19404,220.97633,102.2963,4.19143,1.1323144,109.92164,213.12851,1041.3655,50.603886
475855,2.352926,2.673025,0.30106544,0.21663776,9.921814,3.495587,0.15459697,1.2359258,0.22501262,3.705287,0.037046976,0.20592292,0.0035135965,1.2378423,1.1166118,0.021725282,0.10382984,1.0897527,0.16553114,0.9700512,3.826887,2.4392781,3.088682,0.50143087,0.0053021503,0.40602916,2.4575152,6.6108494,0.43806985,0.5458051,0.3713018,0.13715366,2.4348252,0.009080918,0.21926585,0.13477953,1.135739,0.40879333,1.4279149,0.32996815,0.31793857,0.21810634,6.625161,0.8235851,1.2122552,0.84340006,3.0041254,0.4398719,0.24109411,0.2795046,13.61069,4.1903152,1.0433913,0.37662238,0.34849915,0.0003384744,5.2160673,0.20658953,2.1254368,11.230251,1.1072334,0.12891713,6.804241,2.1434314,3.465773,1.318593,0.39443523,0.008257295,2.7990391,0.23078601,0.11519535,0.45831355,0.23409607,0.89284056,0.6937223,2.6714578,0.7002365,2.0830944,0.4313852,6.5316234,0.1733058,0.24985807,0.63156635,0.51618207,1.9150068,0.7495042,0.99652773,2.4650693,3.195645,0.07867722,1.9615109,0.14761457,0.08187062,4.429013,0.8892658,5.0472636,2.0051463,0.58843714,2.7250407,0.86740583,0.0024792661,0.80779934,0.35292968,2.1878242,0.46796367,0.19882555,0.14103425,1.0471467,3.0984855,0.4628535,0.81411755,3.9888651,2.8703809,1.8123257,7.9568605,0.41650236
479762,12.617392,3.3889906,0.04111775,19.647495,5.7633185,56.57092,139.53728,89.53852,19.468426,43.92056,109.248604,156.01842,1.053911,502.4297,130.77696,233.09758,0.079358526,0.03239672,5.9796047,247.57825,41.52736,131.6332,67.42585,179.97768,21.046667,311.40482,33.51743,261.73093,243.08673,0.09559052,260.09885,44.39949,3.9622989,104.306366,311.0365,367.8899,37.830044,164.26855,213.40227,92.656784,8.98489,0.4939232,5.003465,12.89182,109.52727,53.691914,10.395349,63.024784,0.82187873,37.592125,103.940506,362.0163,30.51087,31.46935,14.991241,34.53442,5.9040394,89.19593,0.5172853,142.105,2.0585217,0.1839407,373.48633,3.187735,166.99945,259.97067,4.495582,2.005633,158.29109,22.53828,24.899097,17.58094,244.19853,408.94293,109.82258,212.82259,297.40405,296.7005,225.06999,125.393814,81.32901,2.6112046,51.93651,79.26979,50.94617,128.26791,20.164371,72.9,20.0967,144.92815,32.400124,144.96532,83.11803,2.8588085,12.490081,12.546081,146.33685,399.95645,0.9523737,134.3466,28.921251,63.66909,86.07254,9.312331,0.021421086,81.63434,15.829391,87.082535,594.38257,65.44593,37.20573,20.426323,47.618393,0.23646288,132.3071,142.1222
480141,0.032657295,0.018286139,7.2405223e-06,0.16711086,0.090613954,0.0033186483,0.08494117,0.27242136,0.19851063,0.03575438,0.4834264,0.32387227,0.019096222,0.6201584,0.36827636,0.21502714,0.0073389495,0.010347269,0.02363516,0.25465292,0.049279846,0.18383707,0.21821083,0.02473729,0.018182697,0.09033563,0.007042627,0.47377577,0.056010976,0.04958576,0.054480646,0.062259935,0.0081671355,0.047407594,0.30542094,0.0046142233,0.057688788,0.0130971195,0.17390391,0.110396914,0.096766524,0.06673826,0.061402503,0.011593576,0.943985,3.6806218e-06,0.00631309,0.18592776,0.11737242,0.007517049,3.442384e-05,0.10075523,0.0064602867,0.0034997005,0.03101256,0.07969901,0.059482735,0.12506479,0.016877938,0.14357941,0.06854373,0.25983965,0.003822431,0.0063794334,2.7954834e-06,0.002881885,0.019657917,0.003024201,0.02457769,0.04503646,0.005982878,0.15023787,0.21584293,0.27045175,0.31927517,0.56038874,0.051140334,0.4129922,0.18251687,0.07386462,0.00018701797,0.012549325,0.001454705,0.06394654,0.04637371,0.0038578676,0.17415804,0.034250587,0.0031902317,0.0057894127,0.21152322,0.11599054,0.0037324096,0.0032583475,0.119586736,0.66086,0.13923948,0.0035711976,0.039395947,0.015341743,0.031942286,0.008168105,0.00058753794,0.17773107,0.14517352,0.12351909,0.012279816,0.8449588,1.2760383,0.10727198,0.17716713,0.028760362,0.41314784,0.01120348,0.4501983,0.1197789
481042,0.0013940776,0.044553842,0.00228103,0.026923986,0.15126352,0.103770174,0.002615014,0.0011291475,0.07217724,0.014009724,5.2998937e-05,0.028562864,0.0001347129,0.014104505,0.03495369,0.023378937,0.005865944,0.11705845,9.296941e-05,0.01223347,0.028325804,0.11630748,0.002937397,0.0029704075,0.05588571,0.022142384,0.267695,0.06362213,0.0020796314,0.019946557,0.07174792,0.006548861,0.040320832,0.016302329,0.023067614,0.08920537,0.00012342134,0.090320334,0.000753036,0.01713896,0.010237215,0.00314325,0.010583821,0.02282817,0.034355164,0.09545219,0.0049171643,0.0014972136,0.0006179549,0.109830625,0.00460637,0.00934082,0.059110828,0.015747339,0.028804908,0.00790574,0.002028773,0.04253803,0.0073314505,0.00036602386,0.10168173,0.016993921,0.090642735,0.017185647,0.016455242,0.10197936,0.005827216,0.026898475,0.09387007,0.08104607,0.0011779726,0.017439192,0.0026311034,0.0033073644,0.041851275,0.03195294,0.09882884,0.10243917,0.003875766,0.17792496,0.061712645,0.12924518,0.13879262,0.13853812,0.015533447,0.00572137,0.015006901,0.13451514,0.0008684605,0.09472198,0.02558365,0.0019891902,0.08195233,0.24843165,0.1952507,0.38418505,0.016685516,0.026770245,0.008337144,0.09060902,0.0045423093,0.11780999,0.036611103,0.002926569,0.009176157,0.0010961108,0.024946088,0.22766072,0.52562803,0.014644989,0.50209165,0.057753887,0.0052200896,0.0068247537,0.045682356,0.4447423
481951,3.1613111,4.6234345,2.038804,0.5802439,5.8072166,3.7765164,0.5940185,3.4097853,0.08999414,8.062778,0.21421751,0.094128035,0.095279165,3.6498878,0.38789544,0.705245,0.15717632,2.3289912,0.10598218,1.3205361,5.8803644,2.5670013,3.618203,2.1273146,0.003908709,0.5191991,2.0104501,6.065614,0.50079525,1.0240747,0.05877949,0.0029813715,3.0326583,0.054530434,0.24351019,0.09156764,0.5567025,0.19793472,3.5939903,0.55917096,0.06640574,0.20673625,9.148335,1.6468753,0.68991375,1.6260822,2.2003443,0.61258876,0.00049276673,0.41454226,12.919735,2.5682209,1.031663,0.035676554,0.18443091,0.20306268,6.675669,0.36201054,7.3905478,15.279774,2.0126934,0.7770518,8.39709,5.144889,2.202142,1.9836881,0.9818802,0.4978259,2.0631773,2.3645263,0.00072629296,0.14517438,0.29367328,1.1776152,0.41160575,1.7152963,1.2599103,1.3322036,0.7553914,1.9145778,0.22000666,0.5374472,2.0623899,2.5644894,3.979264,0.702263,3.2908313,3.6750934,4.1503334,0.07974672,8.559174,1.5029286,2.1927328,1.008537,4.374791,5.766405,1.348398,0.0029284782,0.8642219,0.004582737,1.2184751,0.47551945,0.0700782,7.8648424,2.053762,0.3736835,0.7095641,0.32506222,3.5312657,0.07811289,0.23765954,1.2046804,0.4661111,5.698449,24.163023,0.76269364
485757,121.00938,137.7795,85.36084,16.615608,183.3175,93.00705,37.179226,124.59726,11.537864,360.1306,0.65883946,14.120411,7.9475045,109.75844,5.1590185,70.89566,0.0792488,98.592674,0.8947352,34.87696,176.53232,24.02443,50.134686,39.63962,0.01427295,13.698667,75.223946,183.43843,0.50448966,20.152365,1.8209156,0.13558455,81.46423,3.352048,0.009559248,10.45126,2.8449605,1.2167866,131.52217,23.587774,8.765852,1.736793,287.32327,17.438034,36.47516,31.997702,63.086582,7.5423784,1.880463,10.212716,370.5766,112.04337,16.85112,6.6750407,6.9581156,2.4964447,99.035805,2.394687,237.25331,480.25122,82.00915,33.087704,158.65184,177.4433,20.724169,79.31403,13.811788,38.498486,0.8140304,108.26805,2.049629,5.1698127,22.8357,33.9266,85.19353,92.49171,86.36717,75.70903,15.535603,101.01974,1.8031049,44.330906,50.61333,44.714367,102.1109,0.5446988,56.9106,169.80139,96.278534,0.20760155,277.75296,45.963135,53.931107,75.968735,179.84076,237.67535,0.19402945,0.9917563,43.773586,5.052094,35.294994,0.6334986,0.035097606,125.38057,75.85986,21.58699,58.58074,6.3979325,108.64995,56.298077,2.6810374,1.5777094,74.24221,112.39887,582.13556,28.691843
486759,0.12799063,0.5015728,0.28782386,0.6387813,0.07148615,0.04494407,0.381798,0.14961949,0.11936518,0.3753276,0.17578027,0.21804431,0.038931753,0.00025715437,0.11140966,0.07044855,0.024897583,0.07583796,0.27346292,0.27327007,0.8927485,0.010330893,1.0298516,0.0637144,0.0003147064,0.0148019595,0.007409923,0.13835041,0.08415264,0.014113737,0.085968226,0.00412526,0.6358343,0.012559072,0.0025731388,0.06719535,0.098552406,0.0024300213,0.27502537,0.42761627,0.051077593,7.552438e-05,0.6014784,0.07725843,0.24133767,0.02948307,0.062318917,0.0016010199,0.20266597,0.032353766,0.73123044,0.41880208,0.0034793878,0.0029028575,0.021508945,0.021139579,0.94628143,0.36703035,0.024165342,0.0034182717,0.3347236,0.19052781,0.8850259,0.14457092,0.069114305,0.032475106,1.200126e-06,0.0006954263,0.49196202,0.29494154,0.54432017,0.51154184,0.10955601,0.17711891,0.1412415,0.36293957,0.106684156,0.115056045,0.003109543,0.12915789,1.8638551e-05,0.08037934,0.99431217,0.35590687,0.1211154,0.018219892,0.3689079,0.33299375,0.4412592,0.070259936,0.00080133806,0.002958293,0.583415,1.4348983,0.6266818,0.084856294,0.11488684,0.00039522376,0.24124415,0.0730489,0.1425215,0.069753334,0.01016756,0.025803419,0.021833546,0.15169534,0.4022989,0.06729701,0.35325247,0.2833372,0.0017417177,0.25082144,1.3693421,0.12560678,0.2172809,0.11053371
492754,0.8323649,0.034353472,1.9649628,0.65464306,2.0840535,3.7668433,1.291661,2.2553725,3.048263,0.38762996,4.8587008,3.7375417,1.5587546,11.881178,6.8872933,14.521831,0.83414745,6.8723885e-08,1.3689406,13.755083,1.8965245,6.641092,6.2644577,4.5652175,2.8812497,20.06641,1.486935,11.687893,4.2783356,0.013021254,7.582777,0.46275488,0.007281083,2.9361298,7.946023,9.11668,0.5334881,3.483695,7.544268,0.61129236,1.9398779,0.050423443,1.2481303,2.231024,3.931698,1.1420993,0.7992771,4.001171,1.1253697,0.3898401,4.222954,12.681689,0.1508223,0.3428168,0.017601756,0.6988222,0.7853249,2.315666,0.06957297,5.4782934,0.038242925,0.025307033,10.25499,1.02735,2.9490576,7.5714273,0.057848938,0.0580464,0.7069975,0.005329894,4.718631,4.31647,6.252383,10.509146,1.9251207,8.425943,13.992618,12.839838,6.452334,0.199066,0.4614723,1.0517863,1.7233229,3.2642334,0.44864488,2.0140798,0.19137721,5.4841332,0.012487178,3.9492824,0.7197946,4.530024,2.0129066,2.0562696,0.8513208,6.4751663,5.290442,11.953649,0.00017059912,8.513067,2.445067,2.5411646,4.3438654,0.40881637,0.10322561,1.8795487,4.7532487,4.540832,23.93069,11.360718,7.4266925,0.42431214,1.4397386,0.24763002,1.9600811,3.8052456
495255,1.9312222,5.19563,1.8680434,0.8932395,4.807959,3.5953078,1.0727108,3.441072,0.36981395,4.8328776,0.26339045,0.4175129,0.2606231,2.4009905,0.0084713455,0.98280686,0.18010712,4.0407257,0.17280972,1.1754967,2.6714313,2.099624,7.007137,1.7842656,0.06029804,0.7680198,1.774704,6.53885,1.1235301,1.6037855,0.016014522,0.1292404,2.7589035,0.21428569,0.2476167,0.4571563,2.4286535,1.0462229,0.22555962,0.0023711447,1.7664986,0.06606721,7.442963,0.102101274,1.4736096,0.009183873,3.1543767,0.0072823167,0.60161,0.12077603,9.671105,2.3724172,0.1624666,0.57291394,0.6472327,0.25330627,4.632139,1.3736023,0.23894711,2.843963,1.5252147,1.3392202,5.094557,5.1428623,0.3140739,2.4609444,0.00054985017,0.086389884,0.98661685,0.5350548,0.11389143,0.6984693,0.27900976,0.40200838,0.30491123,1.0823162,0.19820513,0.18721333,1.2216656,2.1415975,0.04958515,1.968796,4.742906,3.3114877,1.6224623,0.09169387,0.07569002,3.0495687,0.7039091,0.9851167,1.3630677,0.9629006,0.34656468,5.848811,0.07218759,0.41274196,4.7074747,1.0717839,4.1017966,1.7709923,0.044840463,1.8772286,0.4384471,0.10280536,0.7035311,0.25860628,3.0520298,1.6763846,2.6153378,0.92940986,0.55198175,4.431103,2.8813436,0.368858,5.360733,0.72833407
497865,1.3393505,1.7591006,4.743994,6.1757755,5.7144995,17.812544,14.082523,20.482246,10.962445,8.760592,32.396893,28.340254,8.042698,100.71891,41.585514,66.327034,0.19146608,0.028039197,4.4635496,73.40985,8.402181,35.225883,30.497633,40.3483,8.775007,80.44051,10.8055725,61.01227,54.28516,0.09008056,69.99896,8.149324,0.017154023,26.141022,87.5448,98.19485,1.0420192,35.99439,49.58406,8.394474,1.7000048,2.9730346,1.7370827,8.483864,9.469222,14.686474,8.135042,21.590256,6.03652,5.802884,28.852003,87.82677,3.5852053,1.1920655,1.0456755,3.7357452,0.15515055,21.234097,1.4328564,34.268684,0.20848082,0.1851757,95.33171,3.413556,40.273582,55.17466,0.24842057,0.03781736,21.92731,1.8681023,10.263841,7.504542,61.61225,89.33298,23.48826,46.63528,72.416435,63.314323,47.67549,8.776561,16.921291,0.5193237,3.6295912,12.17862,8.215254,29.669538,3.893385,27.270166,2.5567846,26.096664,10.355393,28.77209,18.314484,7.693884,2.5991044,10.265179,31.701916,86.45978,0.1734,37.16415,15.726301,31.108936,27.936178,0.7185013,0.057266306,9.43538,10.898235,48.988483,140.69984,29.802015,20.333113,3.2763906,12.7968025,0.619391,16.800346,28.020945
499566,7.283688,9.169185,4.6599445,1.8638991,18.636381,12.308737,2.8690546,6.898329,2.777155,23.933416,0.7996356,0.36297488,0.4297365,5.165403,0.26784405,3.2480702,0.94236916,5.389013,0.04344337,2.8222713,7.5800986,7.8932714,9.696716,6.485689,1.0417029,3.8634362,8.282314,15.995518,2.484612,3.6784139,0.9345148,0.8778354,9.064318,1.22105,0.36066508,2.4110677,1.878622,1.650528,3.917722,0.7128841,1.2837479,0.046214283,17.442936,2.2935677,1.420054,1.6009758,7.381103,0.4024121,0.024973491,0.24703985,31.484045,6.1255054,1.6484127,0.07987074,1.2549943,0.010065105,13.785736,1.2191721,15.98651,31.25419,6.2836933,0.81387573,24.491392,9.377662,5.2677937,1.9578346,1.7272612,0.39959198,2.8045347,3.8055775,0.9793059,0.060464058,0.056889456,0.32685673,0.67419404,2.4485886,1.7066755,2.6340146,2.8690395,5.8874307,1.4696208,1.3869187,5.4829216,5.814534,10.351801,0.1656664,4.578532,8.790946,4.755072,0.050208706,24.485752,6.7985096,6.9922013,0.70163035,6.6746874,14.319482,2.334844,0.11983923,1.4207019,0.006478898,3.4118445,2.038512,0.4544398,16.34911,10.496866,3.3265133,4.598646,1.4048126,4.1853943,0.46154577,0.059127927,1.6272467,2.3407426,8.548556,54.80285,0.28012326
500222,1.5362173,3.5678532,1.4484508,1.924808,0.53966224,0.8717343,0.736628,2.3674042,0.662172,4.803235,0.43117836,0.006447483,0.14664747,0.84643537,0.18330859,0.025502045,0.270845,4.6586823,0.43499458,0.6296324,2.2300925,0.9006399,3.310591,0.8456817,0.0017283976,0.017579459,0.3956856,1.1081393,1.1736463,1.065487,0.10311667,9.944863e-05,4.298264,0.39668763,1.1641934,0.3127519,2.6777194,1.433349,0.14708252,0.061683077,1.1727812,0.051927473,6.078326,0.1732289,1.1714875,0.012436522,2.933304,0.01766737,0.19945845,1.2789534,6.298203,1.9493047,0.054508843,0.3399724,0.071723305,0.12752178,5.056918,1.1454688,2.9788103,6.129281,3.1097941,0.89236116,7.6188636,4.889493,1.1050664,0.36738592,0.008917619,0.02593613,0.5890897,0.84775424,0.01502375,0.13422267,0.19555624,1.0237572,0.00072341086,0.6090432,0.021502731,0.0010232242,0.8057646,0.5686779,1.1332335,2.321921,4.565518,0.8604,3.5336497,0.2875092,0.23103067,1.6749008,0.07779227,0.004272231,1.3561468,0.05187765,0.00095515454,2.9831307,0.57016504,1.2632335,2.1021924,0.39608794,2.5382705,0.041607708,0.044132017,0.023146514,0.18072684,0.096863,5.4018555,1.490234,0.12503842,0.077276275,0.0132151265,0.0089741945,1.0385246,3.1391103,1.6630664,1.0028538,11.932453,0.22394134
506234,0.37597632,0.068551905,0.3891017,0.24238558,0.0827977,0.73491,0.071332015,0.19371258,0.41080174,0.2593254,1.9146392,0.2587092,0.20239583,2.1135116,1.6011537,0.87556005,0.0010157449,0.015910307,0.3023069,0.8759152,0.016782641,0.9679172,1.6932611,0.6997494,0.8032581,2.7793064,0.30322388,1.8902923,0.33522168,0.20086229,0.73781794,0.0016731824,1.1229873e-06,0.18369138,0.87795913,0.47638586,0.02533713,0.07793428,0.6715787,0.0073234453,0.044969965,0.5716717,0.022228448,0.51775414,0.5496508,0.040552445,0.00067557045,0.11530822,0.06559788,0.07885101,0.12912267,1.1425155,0.030563451,0.003399257,0.00768941,0.1443655,0.20100646,0.31420016,0.008568621,0.597995,0.005796835,0.092329584,0.36975878,0.038409356,0.050393935,0.6378803,0.012808103,0.023050472,0.029836796,0.041434463,0.024206504,0.16017967,0.36053354,0.9840562,0.564171,1.0954282,0.907187,1.5784831,0.49156058,0.12965429,0.003945059,0.14312091,0.052296076,0.31560546,0.004833693,0.1096289,0.1374709,0.46824032,0.029066332,0.4139744,0.003044959,1.5670989,1.1486752,0.023672277,0.49216413,0.39069593,0.13650385,1.3843603,0.0023048848,0.6161033,0.14871262,0.03631676,0.23893161,0.31202397,0.2688966,1.3645347,0.45250034,0.284679,1.2340732,0.3570156,0.7080744,0.17394547,0.2467539,0.032164685,0.50647813,0.072156966
510225,9.790808,11.954805,9.880404,5.7440057,19.711472,9.771296,6.471335,10.236639,5.078243,28.216404,1.0667496,3.1028545,1.748631,10.958625,0.4625143,8.023053,1.2161571,10.450477,1.3835444,5.624848,8.103212,7.0491147,11.510787,4.741236,2.0375469,4.8749228,11.168514,16.963593,4.1878324,6.9072676,1.8142109,0.33795476,13.191563,3.7954428,1.7805061,4.027625,7.6467786,3.957971,2.7393744,0.10293165,3.5114036,0.88065964,16.954409,0.33151406,5.3600597,0.033008344,11.092519,0.114044435,4.061987,4.621131,34.043774,11.010882,0.06463291,1.3207452,2.9187374,1.8762275,15.773988,3.3684573,2.7439516,18.052248,13.553331,5.0614786,31.425743,14.420689,4.323896,5.2955585,0.266531,0.01692896,5.1272707,2.3887067,1.0513413,0.18544838,0.099721104,0.106293626,0.02757528,0.78218955,0.6867369,0.33820122,5.939442,14.950456,1.824456,6.3966503,20.909563,11.201708,11.371369,1.704503,0.42682883,13.23901,1.9464132,0.48146933,15.953517,1.7416801,1.0757462,4.7722974,1.3854643,6.093347,5.2762723,1.458548,4.374212,1.6037103,0.07770213,0.31331113,0.25620344,3.310922,8.879322,1.9561327,0.022604398,0.8566375,1.8918644,0.46688133,0.23470348,0.2973607,4.5601807,4.113323,35.56811,0.7460069
510326,13.990113,20.951994,8.891314,4.58735,36.18908,19.214655,3.435735,18.587358,3.874568,55.86281,0.42001894,3.7223468,0.22454092,19.232983,0.49624395,11.808297,0.4517145,21.363579,0.1576877,11.834847,18.006388,12.517427,15.893562,9.908213,0.7314569,4.694857,14.905254,41.57678,1.9504769,8.852191,2.1577568,0.59869486,18.577217,3.5084198,2.0894055,4.2806487,2.025765,3.0553198,22.30953,0.42151004,1.4706402,0.48582566,45.15991,2.3487682,6.13598,1.4071169,13.492383,0.2798543,1.4220028,2.8809602,62.36049,16.056038,2.910102,1.3315909,1.3059068,1.7197798,20.032389,1.4946295,35.516884,81.69622,14.022495,6.0627255,43.590977,32.35705,6.2711287,10.169489,0.39249256,1.2751352,5.1439457,12.5506935,0.03273772,0.0102548925,1.1823744,1.1391197,4.320213,5.006578,7.9315815,4.624917,5.3134036,24.256712,0.75535095,9.390234,13.437332,14.407911,16.953451,0.41287255,7.2479224,22.074232,15.6976,0.10062095,48.1512,4.9271,9.071684,11.41847,29.044512,32.82489,1.657485,0.14492545,5.9804616,0.9878302,5.26795,0.054108266,0.024843622,18.45759,12.125788,3.528737,8.359392,1.3315059,7.0421925,7.0656304,0.34269217,1.6335802,10.087007,16.077957,91.98967,2.4481156
512835,14.717144,24.810608,5.02912,0.14088051,37.610416,19.924671,0.34369025,18.782015,0.4434752,54.380703,0.0026292922,0.47423416,0.03239891,14.598774,4.313068,7.9784136,0.08823349,15.907566,0.042781346,9.811465,33.677082,8.112788,8.371321,7.5416255,1.4015387,2.3892415,7.793447,37.87632,0.13310625,4.5348225,0.060018577,0.0039447374,11.685988,0.8301681,0.005973753,1.8449688,0.17956097,0.6242029,33.7732,6.598764,0.008011415,1.2828999,52.217533,7.63602,5.6679726,8.038634,12.543334,5.9860754,1.0471061,1.2348909,85.10645,19.061783,9.308243,0.41597515,0.9711214,0.027878746,20.161854,0.1996175,44.34052,103.28986,11.903287,1.2816556,38.175472,31.55736,12.109096,9.968561,2.2124085,2.8334324,4.2013845,13.745989,0.5461451,2.2058175,3.2284248,5.294086,12.687251,13.6446905,12.703902,12.923799,4.1786356,34.58178,0.12988074,5.3425617,4.031935,7.5176077,17.732256,1.9927603,28.547928,17.730713,32.58956,0.08503038,49.64261,9.069453,8.805299,13.961853,20.167875,36.411987,1.6599507,5.8153106e-05,7.8422136,0.31122115,4.529532,0.08131824,0.46192834,33.763676,8.49758,1.1743554,5.942206,0.03794107,6.4720798,3.6283567,0.6192244,0.8027575,11.914519,22.171234,100.76162,1.5467824
513130,0.6998856,0.92361945,0.7656966,1.0592327,2.408797,0.7724144,1.0425762,1.0134109,1.237173,3.532296,0.6006767,0.12365527,0.4624155,0.4824353,0.047864992,0.00082869007,0.08365913,0.9359289,0.24551243,0.3988183,1.3442415,0.8872199,3.8451786,0.38599056,0.57976913,0.4308128,2.4018033,2.0915155,1.4519851,0.24427435,0.0095223505,0.15541883,1.3111115,0.0728783,0.15077691,0.034306895,2.7600422,0.6588735,0.13457605,0.1634555,1.7922484,0.14149311,3.3254406,0.0045190738,0.51123095,0.17172715,1.2951357,0.026766988,0.39405867,0.09629328,3.0929818,1.1240361,0.058530677,0.06237872,0.04531898,0.0014314894,3.838433,0.14165008,0.45007184,4.384887,0.8895402,0.17090175,2.9996564,0.7076337,0.26800367,0.08298961,0.16051863,0.08698557,0.5678711,0.08093081,0.0001689236,0.2671614,0.09484661,0.9926475,0.08523349,0.7253132,0.01384753,0.07084139,1.3063577,0.042447094,0.111014105,0.62386304,1.3851004,0.259962,1.5411977,0.017231928,0.0460741,0.74062693,0.0003231682,0.057232905,0.059097342,0.36609045,0.7170924,3.400333,0.19945349,1.0250036,3.213911,1.0925611,1.755261,0.24352577,0.27342135,0.4576077,0.32986826,0.009861434,1.469037,0.011080345,0.9533613,0.002282075,0.03416576,0.14590015,1.4351782,2.3645208,1.7663357,0.45442325,4.403255,0.18593337
513736,1.2550671,0.22763674,6.04881,5.485221,4.4062805,12.129265,8.681824,17.175882,6.6207166,4.8050666,20.878979,22.559275,4.1156926,72.43947,31.442255,48.279854,0.45963678,0.0007267428,3.2337942,46.530415,7.465299,29.209156,20.203056,28.559425,8.536308,62.22523,10.102061,48.0115,36.149353,0.020967232,47.571526,6.219899,0.1949039,15.410186,50.397102,60.516163,0.7665035,24.736435,46.004288,10.601297,4.2872767,0.5671013,0.6605854,7.077903,11.823805,7.5354276,4.3113985,16.641006,1.5931299,4.7449574,17.832504,60.503098,2.5889316,1.5230464,0.94458854,3.8645372,0.75841,13.086654,1.5258696,23.462875,0.00061222445,0.3353959,50.624966,2.5232801,17.948477,38.26777,0.101987205,0.12877016,9.012562,0.07365296,6.12042,5.3369193,41.150745,63.632595,19.15531,36.621613,54.437737,50.598316,31.270298,5.1383615,10.838012,0.19908525,17.18391,12.787417,5.862036,17.69802,3.2039135,14.273328,1.3106788,24.109158,7.2694206,19.39709,12.491151,5.648715,2.4053817,9.904726,25.989075,70.85772,0.0864597,26.390078,10.513228,14.406025,15.703992,1.5757579,0.3931859,10.967685,15.570996,11.371331,100.85829,31.363962,16.11225,3.0911417,8.227626,0.014150976,21.330637,20.605795
516742,0.036175847,0.010267451,0.18436335,0.18948914,0.20075929,0.000547064,0.076798104,0.011900739,0.2038845,0.020723263,1.7113121e-05,0.15890072,0.11382104,0.00039624347,0.038730565,0.05051995,0.0016418858,0.1759612,0.020624038,0.0021702866,0.6501531,0.002907659,0.08368166,9.21677e-05,0.0033241995,0.0009849025,0.006106054,0.053627178,0.013752496,0.0032732533,0.0055466928,0.005001911,0.31001225,0.109195784,0.065947525,0.2309087,0.06577265,0.15324089,0.21986452,0.02597575,3.358274e-05,0.00053593755,0.100775406,0.019026734,0.40326548,0.4459195,0.03277796,0.036559794,0.013251446,0.031179637,0.33577663,0.10794102,0.009065083,0.025494926,0.008429709,0.05949471,0.17792328,0.0119833695,0.5202037,1.9006977,0.08355234,3.611217e-05,0.12457674,0.00028576725,0.0018342907,0.09586489,0.04591863,0.002095514,0.18086934,0.0019014194,0.032922614,0.084049545,0.038587052,0.079866424,0.007201376,0.1397667,0.09978081,0.18290523,0.67971784,0.077328615,2.6983296e-05,0.052809898,0.3642606,0.00018649828,0.11316398,0.009399741,0.24551797,0.09125084,0.00543192,0.04359904,0.002562326,0.0026198688,0.44315493,0.1152775,0.03723348,0.0061689382,0.010315026,0.03165274,0.00021648609,0.004549227,0.23425844,0.004903287,0.0066957823,0.028228682,0.06156017,0.021204434,0.14582945,0.00028407903,0.82699275,0.15467504,0.4023049,0.113899775,0.051703025,0.010178656,0.451864,0.01488814
517239,0.6770581,1.8647764,1.595578,1.3006852,1.4690756,1.324446,1.1919527,0.61900234,0.14707649,0.39693198,0.8204841,0.04499699,0.010613,0.3592649,0.03965361,0.0009879015,0.0038671952,1.2586291,0.507008,0.9200359,0.13945496,0.8729819,3.1000266,0.7186361,0.1150753,0.65850914,0.9316128,1.5756465,0.58840805,0.14632544,0.23254228,0.04494471,2.7364419,0.52201635,0.04749817,0.016459376,3.855557,0.69417334,0.00819653,0.0017437057,1.7729647,0.44847754,1.7051668,0.090245545,0.3761323,0.07475389,0.9355163,0.00020991889,0.012106758,0.08324481,1.5139005,0.33290434,0.056107365,0.03934048,0.5270337,0.045010194,2.446429,1.3112422,0.029116808,0.030378398,1.6210399,0.22919336,1.9385289,0.6834893,0.04646039,0.07146582,0.022705398,0.008135074,0.39070845,0.014994979,1.1754155,0.00021617224,0.010209492,0.0071154437,0.21170999,0.16356693,0.20336877,0.015357132,1.2644556,0.5961671,0.000110061366,0.39595705,1.6423415,0.551909,0.8059881,0.014966367,0.010302329,0.9952416,0.007936134,0.11378665,0.4338231,0.5212339,0.3844544,5.928446,0.15836458,0.0049281274,1.7040181,0.71944124,0.8896784,0.31324488,0.72298247,0.9931564,0.4340476,0.315164,0.49770907,0.041077945,0.03718026,0.056916486,0.33982298,0.10987438,1.1303166,0.27164212,0.9828936,0.040915623,1.882711,0.12139709
518746,1.3649553,0.9436606,8.46889,8.245307,2.049254,18.737,20.082754,28.533983,7.597066,15.713383,28.06939,40.88823,8.779567,145.89552,44.203175,95.729034,8.174474,4.743815,3.1149564,71.59779,3.8550024,32.847034,26.365852,33.77565,5.6281652,94.885414,9.715363,67.68267,52.96114,7.9498434,90.47423,3.44799,0.25268102,19.152601,85.30127,120.6785,3.9641623,22.805622,54.425846,3.8999612,1.0663788,11.373755,0.11243878,10.317853,18.09651,10.139308,3.9237695,28.977032,0.14930283,5.0086117,31.734009,134.71663,10.996242,0.5939167,8.054956,0.12457419,0.79487705,15.441469,0.17446806,16.65189,0.5968152,3.0679038,73.66115,13.07484,20.460047,87.44592,3.894834,5.775598,6.248567,0.029634684,10.027407,3.4559326,52.628372,68.6186,20.89437,29.310957,67.9136,51.268208,33.380135,0.955922,10.7400055,3.2305498,22.883535,16.044939,5.1760974,54.170677,3.838619,40.106853,8.366483,34.963474,12.366916,40.170483,22.262331,6.516453,11.927413,6.559758,44.71214,125.283585,0.07495346,43.541805,34.385662,47.180172,48.64846,0.49772772,0.77675223,10.519324,28.528757,47.123882,132.25826,23.662762,46.187546,1.8094776,16.529072,0.12228713,24.681232,21.680296
519647,9.408135,16.221544,4.0270996,0.84994364,12.318808,7.4242496,1.1262153,11.733607,0.8644091,27.442574,0.1591443,0.840468,0.021999836,9.114925,2.0398152,2.443589,0.3806764,12.734597,0.2080608,8.198674,20.860476,5.5338984,6.4563556,6.157379,0.8715195,0.53052247,3.842495,15.95891,0.33619916,2.8222713,0.04886185,8.7007276e-05,12.145944,1.2022442,1.0748203,2.3303337,2.4490979,1.7904276,13.0720215,0.94792837,0.47548714,0.86594325,38.047203,0.170454,3.4012606,1.8442681,12.828195,0.022601543,2.3896303,2.1946537,51.35796,12.841925,1.831649,3.279717,1.5399181,0.030213855,12.140912,0.53086287,21.097391,51.526592,11.599393,2.92616,33.09781,20.501492,6.437686,3.9373028,0.32354805,0.32099825,4.904494,3.5252335,0.2869981,0.9239766,2.6824052,3.3140354,6.304419,8.581465,4.5140758,4.524449,5.9637084,16.33148,0.40998644,3.9868853,1.3413881,4.211486,11.947765,0.038559705,12.712338,8.519585,10.000602,0.03778891,21.6108,1.3986539,2.4127035,12.693382,6.343437,10.497918,2.5227659,0.0041172383,7.397846,0.41686034,0.1492639,0.69776744,0.643767,13.7826395,3.1874137,0.037807953,0.08003479,2.0205607,11.48873,0.022967907,0.028470213,2.611169,8.447353,11.515477,37.060463,0.77510387
519950,0.1557266,0.43547124,0.8882983,0.107356265,0.55757093,2.0066504,0.6370134,0.3782429,2.6096714,0.68991375,4.8699975,2.5236797,0.46672732,11.529492,7.360792,7.6611357,0.37466663,0.016717322,1.18471,10.051827,1.4566051,7.9620275,3.9907153,1.1985816,1.5244334,13.987793,0.60631615,8.761017,2.196998,0.08873634,2.8575811,0.20703389,0.002834885,1.4598212,5.840052,2.2698832,0.73422444,3.1915157,9.525295,1.1395743,0.5658278,0.052752603,2.4053898,1.1094688,4.824561,0.6101506,0.20967048,2.5938704,0.9026287,0.5892297,3.6636968,10.820978,0.05701741,1.8341473e-06,0.047342725,0.83683753,1.4573846,1.234664,0.032067284,3.7878444,0.02313207,0.0071308045,8.383764,1.0189568,0.79398197,6.2559032,0.048579283,0.13864844,0.5140551,0.2163335,1.2580867,3.7756839,3.4641545,6.1292176,0.69595176,6.630344,9.660576,10.247003,3.6726453,0.6140418,0.43796736,2.008492,1.1872649,2.1566243,1.5062622,0.7421301,0.21090604,4.7640915,0.2315661,2.7263517,1.0679859,0.7453534,1.2890277,2.6432106,1.3387176,2.5813713,1.4437723,3.1174724,0.029225746,3.1830363,2.6689434,2.708877,3.7441366,0.29255012,0.017433813,0.15567572,1.3580494,1.0637559,13.700837,10.126421,3.399363,0.012528111,0.09646174,0.9494082,1.0054988,2.7630768
520228,0.007514755,0.12428293,0.06372269,0.11596075,2.9087205e-05,0.55314255,0.026041867,0.13985561,1.0501909,0.06300261,0.97550666,0.39385372,0.14236276,1.1197209,1.0476408,0.48152897,0.008903358,0.022667471,0.73916304,1.0290489,0.052887987,0.9125517,0.64175904,0.28277445,0.08558829,1.0207387,0.02042921,0.8338547,0.31093207,0.17709494,0.17710914,0.079211704,0.002709194,0.21075465,0.71122485,0.004865036,0.05650445,0.04027094,1.1712013,0.2107523,0.35836703,0.009495263,0.5075442,0.010020785,0.49568918,0.0016977302,0.0033149289,0.45607308,0.13805744,0.07976936,0.6324168,0.6241018,0.07127405,0.1386562,0.13138844,0.039811604,0.1864164,0.28080142,0.08438924,0.15666795,0.00016465527,0.010023528,1.2500952,0.02203371,0.102014996,0.41991466,0.009245277,0.10898748,0.0016832174,0.040182684,0.0009571266,0.34132853,0.1185937,0.39563674,0.074830435,0.41884992,0.42151114,0.6962564,0.23595253,0.51134866,0.1132242,0.08907186,0.00050726207,0.024180526,0.5991073,0.012037141,0.34573257,0.9870454,0.49378404,0.35269147,0.26892072,0.402013,0.13932909,0.0124857,0.766668,0.12011032,0.16084419,0.071914144,0.042952687,0.16971338,0.17336152,1.2843116e-05,0.51941746,0.013096303,0.08818885,0.008262806,0.049942084,0.85630375,0.904602,7.037475e-06,0.03694618,0.007932563,0.013859155,0.30518547,0.0074094688,0.007297144
521331,1.6924667,2.9043067,1.0450817,0.6441249,1.7428122,0.7836726,0.73633295,1.4176009,0.0270087,1.6788229,0.33088407,0.00046104132,0.14874011,0.98026127,1.2261324,0.034154817,0.06591492,1.0058342,0.8199377,0.48154956,2.4491215,1.9178016,3.025343,0.06395193,0.069286406,0.005863116,1.0362524,1.2341156,1.1240886,0.5287107,0.20901063,0.53316635,2.4070556,0.067927815,0.17487724,0.38020244,1.335254,0.8536691,1.6232927,0.42834568,0.21699362,0.033622935,5.430074,0.1551331,1.9462625,0.46593302,1.8089328,0.00017919886,0.13340361,0.0074761347,5.951299,1.5094959,0.3775194,0.2649953,0.008726511,0.016009055,6.7825127,0.7779226,0.36340305,3.7219977,1.1029376,0.22809485,4.7213783,1.1197774,0.7059681,0.20289658,0.017524913,0.06812494,3.8867598,0.020998111,0.115048826,0.07970559,0.2740093,0.7525543,0.69677633,3.5105696,0.0039296574,0.04308984,0.5365381,0.78349394,0.033296246,0.39142537,1.826871,0.42087618,0.83109444,0.0877333,0.584766,0.6131911,1.9260579,0.0052347635,1.6608536,0.06893198,0.48205498,1.4771293,0.25070497,1.352262,3.5565698,0.6450209,1.6335979,0.269931,0.12411293,0.022164706,0.008146012,1.0879505,0.35058355,0.2004889,0.43658242,0.07380034,1.5550289,0.34946916,0.533332,3.5827987,2.8651023,0.79227716,5.2469044,0.3122926
522434,0.11158158,0.011506289,0.2725648,0.15008387,0.46521634,0.8633344,0.045457944,0.57750034,0.97696173,0.029658334,3.0205655,0.9079198,0.8672177,1.8276187,1.6991736,2.0847013,0.022629075,0.010864996,0.5288577,1.7110386,0.0047433325,0.54249066,1.6585912,0.31579888,1.0735048,3.3923118,0.16668545,1.7073159,0.5000176,0.031017032,0.8163936,0.0055646603,0.11497804,0.27923244,1.0913935,0.12901063,0.4169965,1.4635906,1.2948931,0.1938617,0.42291307,0.13633287,0.019481227,0.85044485,0.69397146,0.009891706,0.19936071,0.53595304,0.20008938,0.32403803,0.43594038,1.3865259,8.327178e-05,0.0014997113,0.3365773,0.30802897,0.0016462512,0.626703,0.013939814,0.837379,0.06473074,0.29838893,0.7410323,0.14978212,0.20655575,1.1880904,0.13227728,0.2351633,0.03389391,0.004575973,0.029091163,0.07539028,0.27483433,0.57838845,8.178624e-05,0.9514428,0.8236337,1.0496176,0.87747765,0.09874117,0.034516603,0.29291698,0.061990455,0.34121236,0.057220172,0.14477052,0.4129981,0.7349882,0.03852561,0.655195,0.05761496,2.0663137,0.6371524,0.13663138,0.003401478,2.8043318,1.7106559,3.8782356,0.21673568,1.597421,0.08265719,0.23529,0.53853005,0.42279664,0.43701062,1.0709908,1.8512428,0.21696863,2.4973204,1.3509842,2.898524,0.35777417,0.16013679,0.26406202,0.32210267,2.2986617
523032,0.26770654,0.08352502,0.87893766,0.19355679,0.7109638,0.5348659,0.060768392,1.0238237,1.2769585,0.047393758,3.008253,0.9322318,1.026618,1.2143154,3.169972,1.1856751,0.0042764344,0.004112393,0.97025275,2.2549422,0.0053316117,0.8803773,1.3124115,0.21712969,0.44184506,3.8916507,0.09724101,1.9603904,0.6637298,0.69237596,0.8898738,0.0006399405,0.0074564605,0.13431445,1.6108507,1.6608549,0.0069148345,0.02606254,1.1675996,0.019214448,0.24078354,0.29956937,0.02057289,0.49456173,0.9666355,0.00011329099,0.14686882,0.5705523,0.018968716,0.42500678,0.6963818,1.3713822,0.037772864,0.07309161,0.033329442,0.50787693,0.06345302,0.6548192,0.18410066,0.28360105,0.0003111221,0.00015831883,1.2355653,0.14508447,0.74307895,1.2026329,0.110372,0.09351689,0.077973716,0.027574668,0.03346691,0.42279416,0.81944424,1.0634488,1.6920604,2.2421422,1.7444504,1.9630369,0.9993397,0.0027224747,0.08827169,0.022923125,0.16095416,0.26202905,0.06284006,0.027719134,1.496903,1.8297331,0.06639158,1.5331767,0.00484348,2.9151132,0.7015484,0.0017743689,0.8274055,0.5718965,0.99325806,5.292939,0.062513486,1.88683,0.28644338,0.50659627,0.8194449,0.59731245,0.7223855,1.6452216,0.05859772,0.51613504,0.63630015,1.444882,3.62264,0.0045888885,0.03328403,0.057526857,1.7245187,0.5042749
524135,0.6136572,0.6424281,5.935817,3.746452,3.8264802,8.647469,3.4353354,8.102746,4.13834,2.660742,10.664629,11.36427,5.0946083,40.558197,15.5353565,29.318125,1.9297069,0.33157837,3.1641872,29.010908,3.0491078,20.145773,13.761661,11.781134,5.7753,36.151554,5.2593164,25.22475,17.423182,0.55538696,31.315948,1.937569,0.16393548,8.346264,27.917395,36.24614,1.4006761e-05,11.772056,20.18546,1.2872691,2.1077077,3.7385225,0.72490054,3.4253395,5.5811467,3.1068442,2.7290928,9.371279,1.0591117,1.0849812,9.54366,40.289047,2.4933174,0.14537613,1.057022,0.09351262,0.11124051,6.595331,0.14044392,8.948043,0.032843765,0.40984118,28.12338,3.634404,8.356146,23.744421,0.0435235,0.005366104,2.7688375,0.23069054,8.229506,3.552992,19.6975,28.76722,9.995546,18.962711,31.0242,26.49493,13.216267,0.4998989,4.2376795,1.0472289,3.311611,3.6763945,1.1513602,13.754344,0.015589823,25.197603,1.4423105,8.547929,8.986644,7.455686,3.6636147,6.5213056,2.9868295,11.634659,14.4611225,38.463707,0.96524197,12.125857,15.609018,16.959723,16.640253,0.03175211,0.0018189322,3.759825,8.701108,15.5428505,56.02692,18.944687,13.812495,0.028603313,2.681714,0.82616794,7.6486855,15.035601
525541,1.7900283e-06,0.008785523,0.00028328845,0.0025503782,0.0193943,0.044147003,0.006502327,0.080997355,0.095439754,0.06626731,0.0003010712,0.0073105562,0.058533113,0.15673278,0.00052364456,0.011878609,0.005701537,0.026046513,0.02137329,0.029679634,0.08066965,0.05959638,0.17218427,0.024255687,0.0003349271,0.04058829,0.21071015,0.033725064,6.7197806e-07,0.0016803159,0.0039242874,0.013698876,0.0050204257,0.05201252,0.10053012,0.37333345,1.0656485e-05,0.009748594,0.009693052,0.06732235,0.02546623,0.048395175,0.04874777,0.008256052,0.002118348,0.0045760646,0.07991134,0.030966066,0.181663,0.032510422,0.0013860485,0.02388388,0.06931437,0.04464978,0.03504382,0.0012587818,0.027155545,0.042671952,0.050615013,0.43108442,0.096283734,0.8035175,0.018033847,0.023956774,0.032530434,0.014967191,0.009269203,0.008513497,0.036658876,0.83465564,0.010232686,0.00045593083,0.012623701,0.017427474,0.008218057,0.014866357,0.054839596,0.0033530567,0.016969668,0.007290105,0.019548744,0.009236803,0.29925752,0.16021782,0.002798199,0.028816232,0.037639286,0.0008480628,0.0046824627,0.007505594,0.036506124,0.109276235,0.21846378,0.03468632,0.10755769,0.00051438506,0.030642739,0.0032909783,5.4978198e-05,0.0019876326,0.0074081784,0.009123306,0.05878093,0.0038379019,0.019071428,0.019154854,0.0075382,0.048995677,0.31265035,0.27055994,0.12757304,0.00060386554,0.13066804,0.07457524,0.028664252,0.13575433
529549,0.0123268,0.06574114,0.04430714,0.0021615874,0.035781585,9.552175e-05,0.009442778,0.0008078862,0.017949492,0.001593747,0.041969087,0.005925704,0.0010896763,0.010200153,0.00079543836,0.056160647,0.00598487,0.02011618,0.00040801408,0.010390103,0.021264603,0.0511104,0.0047107777,0.0006966406,0.024791846,0.12910734,0.08616755,0.00015485732,2.788014e-06,0.03834383,0.003037711,0.048612244,0.033422988,0.058013577,0.0032868874,0.028088074,0.019298479,0.016408116,0.04443616,0.18467276,0.03719587,0.0035008572,0.04036101,0.00069379446,0.101297446,0.014888773,0.000731697,0.0068153567,0.011037036,0.022213258,0.0025335273,0.020181911,0.08895485,0.018213574,0.04170195,0.07494305,0.012180796,2.5769948e-06,0.021267433,0.02714125,0.00037769793,0.006350042,0.0003304175,0.007795146,0.10594013,0.029100379,0.025451118,0.0061664623,0.090753116,0.053573098,0.23138396,0.12914132,0.0006202306,0.0074163377,0.012748158,0.00939625,0.008457562,0.010438519,0.07546791,9.395187e-05,0.0004935503,0.037998676,0.004618156,0.013434663,0.028533557,0.009912717,0.07556623,0.1912153,0.0045248093,0.010192299,0.050437365,0.06181905,0.0050362437,0.0041009123,0.00894959,0.39089164,0.0003657639,0.017115902,0.0064077433,0.009691567,0.003377967,0.0091623515,0.034060825,0.057751264,0.14867543,0.051477514,0.010970488,0.6853148,0.04410909,0.13562475,0.015724227,0.07836647,0.033315673,0.15434712,0.18943803,0.1696898
529953,174.04445,179.70195,148.8157,22.230665,232.36156,102.38334,78.74761,151.57974,19.812643,409.83487,1.0085701,15.638701,32.325287,141.36984,1.7215465,99.180305,0.02426264,109.72667,1.2790931,37.398262,175.24033,25.331776,53.613144,41.15033,0.44031066,17.896019,113.58721,225.41945,2.5323017,24.740444,1.7578659,1.2037953,84.070045,3.5251055,0.609336,16.861471,14.542764,3.4418964,96.30357,20.108849,38.806717,1.9198685,349.92355,12.2819805,43.534504,34.191895,85.038284,2.9696732,2.0910466,14.692104,441.51035,159.115,10.163808,13.524073,13.886753,6.703415,123.61327,3.9581332,213.9991,476.0602,96.152466,40.970917,159.06181,214.76518,14.207363,111.84295,9.930841,43.67127,0.17492217,110.67175,4.6481504,10.812658,20.56036,37.941875,77.86485,100.516945,88.492,80.09227,27.707346,116.09046,2.6065361,57.56219,67.844345,50.472744,127.866325,4.539459,63.979942,203.74306,80.17392,2.4802313,230.5284,14.732204,28.845928,145.49017,180.94038,239.421,5.229951,0.5861949,81.83447,21.78531,14.5992,8.307122,6.1176305,86.840225,69.702614,15.671828,28.182838,0.09543829,107.503136,67.955,2.076941,12.012366,137.25642,82.87511,635.11774,30.982574
530635,0.35069975,0.0008568302,0.3722251,0.1858021,0.3535463,0.99996305,0.27922338,1.0828785,2.4985776,0.37480405,3.0086124,1.502629,1.0834261,4.5715966,3.0723028,4.860004,0.5405493,0.020111851,0.84669113,3.590172,0.04388963,1.6372155,1.4220293,0.2663231,0.55191684,5.482023,0.10361854,3.4782372,1.0614742,0.27977586,1.2222264,0.0020811975,0.015550702,0.37562314,2.556054,1.4893543,3.1532196e-07,0.45000884,2.0846727,0.08046631,0.1813045,0.33657107,0.15859634,1.5170809,0.25591585,0.05471981,0.29772553,1.1788672,3.5820485e-05,0.07379535,1.7301016,3.8003619,0.00744974,0.030008217,0.018709378,0.34689164,0.19710203,1.0850612,1.0544595e-06,2.0065877,0.0076554846,0.1089505,1.4763864,0.2708189,1.0294372,3.5180073,0.011893744,0.22347383,0.013342516,0.21942464,0.06669115,0.5810854,0.71177346,2.8800366,0.15795918,2.4649305,1.3217825,3.422654,1.0044504,0.31627396,0.0021313054,0.4815785,0.03680567,0.77337366,7.911112e-05,0.70130426,0.454692,1.580535,0.0009789444,1.3184805,0.25181663,2.5291731,0.6033743,0.8953691,0.9964343,0.57310545,1.6202792,4.188283,0.022006493,2.146363,1.5147616,1.6662631,4.091414,0.19740844,0.008498518,0.9766224,1.2789297,3.525232,7.5989666,2.34336,3.1079156,0.61201316,0.012120632,0.96133286,0.24473388,2.9244874
531536,12.108086,1.2820016,1.3596644,14.718604,5.1709814,49.9468,114.9336,70.74538,19.33467,52.256023,93.7337,137.31493,5.5676956,488.36206,129.8607,229.34024,1.6425909,0.43719465,5.9031625,212.9846,26.40246,110.623825,75.664345,142.70421,17.71317,298.17123,27.826914,237.23775,191.60216,0.8712995,236.35878,29.571457,4.9810553,83.06674,278.04855,348.09366,32.050518,129.99196,179.71606,46.54455,2.558264,1.3092391,0.38513163,13.74199,97.13992,51.567204,7.711256,62.11661,3.7623098,29.397318,85.85271,383.0135,31.329004,13.736835,20.114803,17.494379,6.634123,71.06092,0.25201192,111.55382,3.415862,1.2452792,315.9276,8.418948,123.30676,240.12476,6.997169,2.9897587,99.62543,6.786159,19.577305,14.491664,189.989,316.61804,70.314804,165.94867,255.84317,256.55493,169.90475,69.35174,58.86657,0.08330456,49.435833,63.60781,34.93874,139.86209,21.76577,91.40995,24.774845,121.14189,61.39058,134.67747,51.947342,11.029153,26.969233,9.667702,106.74224,337.54495,3.8811603,123.56756,55.78133,79.33104,113.25653,4.0285687,2.4895432,41.306282,20.955574,127.80689,537.7147,71.806526,44.938942,13.359128,35.147755,1.5949366,99.85386,111.2518
531940,1.2559757,0.038589556,0.834431,1.9894314,2.0978007,10.253386,12.874153,10.843893,4.174869,5.0284047,12.729289,19.509571,1.592999,61.0628,23.879423,33.653374,0.6528223,0.033911873,1.305111,33.12349,3.6253116,14.060505,12.757784,21.629269,5.3885756,49.821148,5.0027866,35.53534,22.823729,0.044010077,31.704264,3.8451178,0.49870068,10.874197,37.56941,40.09024,1.9670602,17.700508,32.223225,5.324209,1.0482751,0.24983472,0.8281251,4.494168,12.636972,6.7058434,2.5214102,10.658703,0.7867338,3.6626952,13.639622,49.95272,1.3695407,1.5214214,1.0882502,3.546313,0.96798277,10.155658,0.72901,22.687464,0.43680093,0.13463265,43.55443,1.7895103,13.567417,35.139606,0.80919325,0.15642262,11.604652,0.27750528,5.044753,4.2117553,25.455162,45.022808,5.7001987,20.07431,33.372658,31.852642,22.737358,4.8482933,7.624519,0.16453642,6.2743473,10.600113,6.2833037,12.660177,3.3295395,13.095894,0.95494974,19.94576,4.460105,16.380093,11.446824,3.2759068,6.1332707,3.4615548,14.0967245,45.182358,0.00028183113,20.839087,6.6682386,10.1934395,12.677912,0.4733548,0.43388575,3.480776,4.2872405,17.928164,63.379402,13.055674,8.969745,2.9017215,6.6962523,0.07185978,10.239141,9.110282
536647,7.8109713,1.1435313,6.208016,15.683443,2.3249803,32.45069,72.03271,55.092907,12.379562,44.878796,59.28833,85.16319,4.9958396,372.64532,95.045425,184.10869,7.132389,4.159646,5.6416883,153.9254,17.872765,82.928635,55.510555,89.40743,12.070965,217.34373,21.656178,163.38274,131.19568,5.501404,180.52805,12.652849,3.4927545,50.620087,184.7728,252.63133,18.887474,77.851036,128.23784,17.738365,3.1068578,7.4404135,0.07781182,9.988539,61.60673,28.993668,6.9385867,51.858936,1.8630884,13.401357,61.385822,306.3514,27.249962,4.0245786,18.401318,4.3747435,4.5374804,45.804276,0.43488145,78.2371,3.1908267,4.208016,193.66791,19.011917,57.056404,198.60486,8.742959,5.635773,44.793476,1.2799535,14.559183,7.6724167,125.914986,192.44658,45.248447,101.75969,174.2719,163.8734,104.48582,24.537468,32.9455,2.8577855,39.84387,41.38876,18.88112,124.40174,5.2321987,86.261475,22.268446,81.17864,38.633137,81.05444,35.796486,16.845358,20.176098,11.493103,84.78393,265.32733,2.2517502,91.673225,63.159775,90.22284,102.17775,0.2544148,3.6389089,15.918257,29.98753,98.72972,396.03656,63.808994,51.987038,4.3746867,27.090565,2.9176612,56.46256,59.13687
540436,1.3598671,0.65654457,3.9167562,1.6667229,3.2938573,7.5886645,10.555067,5.9299726,5.693314,7.282737,13.889806,14.250705,2.9276772,79.108765,27.314474,35.933105,1.9713135,0.09311354,1.6333991,43.97544,5.2587905,25.14183,18.876648,16.237251,4.999214,55.098217,5.0557055,38.455307,20.47207,0.030735817,27.852093,2.1961145,1.20333,12.148099,37.1186,40.004795,0.049471244,22.99124,36.844788,2.534833,2.7538247,0.60918665,3.3404355,5.4409575,15.138056,7.1251297,2.1721342,12.477204,3.3105106,2.238888,15.379159,74.086334,2.3823605,0.001059305,1.0842028,1.5290573,2.5494347,7.7951593,2.1162703,25.222158,0.4446001,1.797679,43.588516,5.4228663,9.737625,41.605106,0.06599224,0.08661301,8.632431,0.05507807,4.7857947,5.663537,28.259111,49.315857,10.126051,36.931763,47.901,46.994797,24.989515,0.3145262,4.8479657,3.787229,3.4782872,6.295846,2.5475674,17.422174,1.9397566,23.654621,1.2691551,10.759124,13.684034,9.135282,4.422057,16.564816,3.6354873,10.674776,13.946942,39.690742,0.35110927,19.953876,16.140497,25.332304,21.988337,1.0204576,0.0078030447,2.9926193,5.2938476,24.805777,91.251854,41.10513,26.930967,3.8086972,1.8308965,2.028257,8.435128,8.725806
541640,0.030650832,0.0033702843,0.108506225,0.110066034,0.010151418,0.0029336542,0.13973606,0.0037006258,0.034580648,0.005982726,0.19400257,0.0017486499,0.1027208,0.123232625,0.10675862,0.03875693,0.07807724,0.017631926,0.014719687,0.020110752,0.07484469,0.012782064,0.0034586156,0.03231401,0.093949735,0.0050982945,0.03873671,2.2966024e-05,0.06898359,0.008705847,0.0017251393,0.010550549,0.19188762,0.00073338125,0.17721656,8.846163e-05,0.12313449,0.07334282,0.4402268,0.08931809,0.0013731272,0.21281599,0.27063876,0.08470467,0.0028795304,0.0017706349,0.00091575214,0.016697826,0.15861848,0.026154479,0.03752324,0.059582178,0.2310932,0.030711077,0.132132,0.058977485,0.13029948,0.04674503,0.1327094,0.52073795,0.009823402,0.2750143,0.0011818259,8.960671e-05,0.18517661,0.038762104,0.031591035,0.008842161,0.17146401,0.012735515,0.14566337,0.011316963,0.036835585,0.0026103102,0.11025021,0.0011283532,0.00029875746,0.0057631563,0.014988535,0.0017739646,0.00045738256,0.0011061296,0.21837308,0.06944931,0.035041153,0.019326236,0.4377002,0.017508792,0.0549647,0.019034784,0.051843897,0.73082733,0.074355476,0.6634798,0.004882799,0.0021122922,0.07506371,0.072520316,0.133436,0.259129,0.07269691,0.08417474,0.04827324,0.09117289,0.15603827,0.263399,0.0025849259,0.020684514,0.033861686,0.1882298,0.29090515,0.2561483,0.17108825,0.5996825,0.2245323,0.07811517
541943,6.6762276,11.753763,6.247859,5.2806654,17.428392,12.336245,2.2627435,9.683099,2.3075492,30.12277,0.42642573,0.45457193,0.0014298641,7.8176775,0.20756017,3.2604392,0.2488319,7.7601104,0.106822446,6.0671644,8.631243,11.669919,10.62662,5.7669525,0.38600427,3.3334317,11.228869,20.273026,2.2361212,4.6366496,0.7403286,0.17317748,10.77264,1.2786375,2.1709318,2.1879847,0.9880045,1.9068866,8.285468,0.59842825,0.37224323,0.43734837,27.0179,2.0020967,3.5130627,1.2405099,7.829932,0.01642909,0.22267362,1.1653224,39.774506,6.1061587,1.0191599,0.014230444,0.11034353,7.402608e-05,15.095776,1.2990543,35.646835,43.947495,8.814403,3.0985618,31.92465,13.79587,6.5152016,2.8809838,1.4294564,1.3534101,4.5780926,6.5368915,0.0015238307,0.14985493,0.14876467,0.51161474,0.990318,1.1505792,3.3636425,2.1153495,2.8637662,3.580095,1.065233,2.013985,8.402291,4.6516967,14.116298,0.106674075,4.715701,8.097596,5.5106726,0.342536,40.399456,13.272812,12.636495,0.10310253,15.867741,19.130024,0.862919,0.51546264,0.69872516,0.3730581,7.984379,7.658685,2.2948768,21.759048,20.630672,8.1521015,14.506981,7.4183693,4.974263,1.5541724,0.57218885,0.049234577,0.9326357,14.272983,88.71694,0.048696715
545345,1.7085997,0.18939258,3.1694126,1.7483789,2.4270322,6.215812,9.068168,7.9859657,4.0902104,11.15093,5.9293756,12.53632,2.753302,72.241745,17.878933,38.742775,4.380477,0.600769,1.9115365,35.45889,4.685637,22.53656,15.889365,12.421413,4.210725,43.70989,3.9233067,30.742277,17.537464,0.9828891,28.75153,0.88015145,0.49570665,10.348428,29.180157,41.42976,0.115870826,18.09735,26.174044,0.84418344,1.2818747,1.8137876,2.0446606,4.0550346,10.23352,4.5452814,2.0389593,11.696952,2.0622196,0.8627098,14.422579,69.90264,3.9014304,0.08855084,1.8589824,0.5683574,1.9248123,4.896396,0.18536215,11.532278,0.31416488,2.1956673,36.21197,7.120089,7.4898534,41.15869,0.6958201,0.022632143,3.5744846,0.72790956,5.9482784,2.776335,19.036903,35.432392,6.526036,26.655172,35.10941,37.7208,16.088696,0.003124921,3.4356275,4.463094,6.0435123,5.656382,1.9489563,21.349749,2.2733777,23.845308,2.5747225,10.927579,10.583455,9.118256,4.5213976,15.6030445,6.328814,6.436259,15.180092,44.828156,0.3663313,21.670315,18.760323,25.041985,24.291374,0.46720484,0.4218447,0.9272208,10.018508,32.01848,79.57919,25.789185,23.097363,1.0441375,3.1950362,1.9852744,6.58176,9.914289
547046,177.35541,202.66722,149.54247,28.687742,249.0735,115.31247,73.29312,183.81131,20.610123,496.61255,1.2861952,20.891863,24.948013,170.75977,3.2586699,121.33675,0.009043253,122.94709,2.954976,34.970005,234.0001,23.22677,57.987076,48.372105,0.83752775,20.079344,124.05756,249.13518,0.95944744,28.01839,1.6474327,1.186023,104.42293,2.0819995,0.14210269,14.835248,6.0337014,1.2469522,151.96118,30.46443,21.493546,2.4363801,403.39517,22.50323,53.32867,52.804676,87.00073,9.841173,0.46993694,17.812986,479.88998,158.64021,15.536042,7.3490734,8.582312,2.1145425,133.05469,5.6750426,320.4093,604.66364,105.53451,45.62064,190.02138,241.89241,17.016413,127.31524,17.816593,61.93349,0.46901703,173.97247,4.459849,9.863877,36.349648,56.84307,120.65742,131.51352,130.30617,119.834984,17.050379,108.23961,2.7841399,60.46238,92.739494,59.838017,143.88144,3.1968493,68.16517,249.53918,117.6577,0.97488046,350.52756,54.716473,58.839985,125.81873,298.66165,344.31287,0.0657449,1.40197,68.394,8.977708,35.152996,5.2185726,0.548406,138.49452,115.84302,34.388603,67.119446,5.307208,169.29988,129.89929,0.4374917,1.091115,113.738174,140.37395,807.3775,48.283424
548250,0.5599167,0.08303122,4.45134,1.9907842,1.582577,5.089422,3.5271208,6.688259,3.0347533,3.3173065,8.128885,6.330881,4.9005322,31.607037,10.909534,28.283525,3.533512,1.0373342,0.96280605,19.312416,1.0242337,11.439424,7.6973443,5.496012,1.9050608,25.214529,3.1955304,15.885908,13.020742,2.9918747,15.63415,0.15153025,0.14535472,1.6334604,14.751558,26.44098,0.948027,3.3446183,13.054328,0.8144142,0.13236843,2.7461793,0.26985842,3.3785133,3.7150946,1.1845686,0.8257621,6.7957597,0.101698875,0.616068,6.994708,26.742462,0.7758027,0.34587306,1.2507311,0.038560126,0.4976327,4.3449755,0.9291944,7.7409334,0.17306642,0.5465857,11.283829,3.276259,2.9594376,18.290558,0.9107339,1.2630948,0.12672408,0.04121331,1.4721996,1.0813876,12.1040325,21.142868,4.7323756,9.455779,13.241536,11.98561,5.3801064,0.038015306,1.2561449,0.67355436,3.4401274,6.0097036,0.19723839,8.380178,1.8959192,8.256596,1.98487,11.183582,3.4649098,9.911014,5.568501,1.6276656,3.8272002,2.477484,10.827489,34.8148,0.043603893,12.777101,9.752897,12.407579,14.7729225,0.44287118,0.018990591,2.0903463,10.129793,12.803242,39.141266,8.493821,14.06874,0.05603129,2.6952589,0.16494173,5.475641,5.8469996
549757,6.3327446,9.473334,2.9701717,0.4970834,22.529697,13.852976,0.17318943,7.6450596,0.11328668,32.445652,0.15545857,0.02559259,0.06608557,6.044413,3.508072,2.9846392,0.008334974,2.12197,0.024728589,3.2182527,12.460248,7.01677,4.9640675,5.0029488,0.8781248,1.654015,4.896984,17.78598,0.09302104,1.1946713,0.26333287,0.02724958,5.8017507,4.7108922e-05,0.17425789,0.5793586,0.17782646,0.006286531,16.103033,6.1836796,0.23648037,1.4126502,19.446686,7.8484535,0.9986017,10.343452,3.1820374,5.928666,0.5474035,0.0024284408,39.250595,5.2595863,6.589001,0.45164704,0.010824476,1.6692374,14.0323,0.053859014,38.562737,62.852676,4.119561,0.002794497,17.614225,9.35313,6.2658744,1.6407604,4.337844,4.2129245,1.9346287,10.9772,0.107383944,0.17294495,1.3177551,2.943469,5.536803,8.2496805,7.0787616,9.256097,1.0079033,6.232686,0.0007245367,0.24326853,1.8189307,1.5289149,9.019368,5.0922613,13.6733,7.5232644,16.053722,0.65041035,40.948784,15.689234,15.265356,0.08204754,26.35766,45.409214,0.049075525,2.0222063,0.8576211,0.7248595,9.53571,5.2643642,1.4164505,36.792896,5.626987,0.68966866,17.507317,3.9549396,21.234602,3.383718,0.923998,0.15032947,1.2422769,15.36386,80.21867,0.5510067
550439,2.2443106,0.13852558,2.68758,3.837829,2.2649443,14.406019,24.110252,18.370596,6.4146504,11.876181,23.89466,28.057148,3.1472914,120.54663,37.328594,72.600334,2.984655,1.1664132,1.6214639,54.478077,7.239759,32.903793,17.164984,30.321602,3.7351644,75.404305,7.52506,57.506657,42.134533,2.3966565,61.903217,3.773675,1.0080087,15.216324,64.94321,88.35083,3.3930738,26.642372,53.96863,8.867979,2.4990373,2.6218696,0.37255785,6.1942916,21.178135,9.22129,3.8933337,19.645267,0.7606543,5.058474,25.015648,100.08251,5.235117,1.0646254,4.7632017,1.5887195,2.2060928,13.859097,0.18827368,24.312403,0.9221916,2.2654495,73.76417,6.067774,18.666979,69.432076,2.425276,1.4925963,14.779328,0.095216565,3.5784545,2.6829855,44.392166,72.36283,20.20462,38.203247,66.12276,61.448467,37.241756,4.5201735,11.42159,0.9038954,11.531921,14.262419,6.094503,34.849155,2.6282208,29.355026,5.844435,29.36163,12.049676,23.971287,12.770124,5.434505,7.672015,4.8318954,29.88786,87.393,0.8516139,31.057281,21.177279,27.960907,30.796293,0.24654108,0.037796713,11.8287,13.453766,35.603497,146.65271,23.99838,26.894709,0.8057173,6.8301263,0.20754154,24.049084,25.95531
552241,0.21264477,0.1656679,0.09472728,0.007793675,0.044264805,0.5267939,0.18871629,0.011875119,1.3144019,0.024217429,0.9165373,0.02509124,0.011463273,0.6741436,2.0447965,1.0569978,0.015653303,0.012566404,0.22890265,0.3277595,0.17573527,0.9539131,0.2230247,0.08496229,0.6070626,1.5662216,0.14922085,0.77308685,0.19339319,0.032996338,0.13451418,0.0070657353,0.0060071903,0.0009962474,0.49782118,0.20179218,0.026643334,0.02399505,0.7516009,0.0083999485,0.36697808,0.025650568,0.14756525,0.25942054,0.25980398,3.450257e-05,0.0020627414,0.25186217,0.019224877,0.1189057,0.15225805,0.2158441,0.006915459,0.08816616,0.0049955477,0.041929323,0.12875223,0.07999047,0.04265627,0.12733655,0.01941956,0.000374029,0.2810673,0.05675213,0.09621785,0.4715608,0.0019010451,0.0375713,0.2934075,0.0019056947,0.18047786,0.16587603,0.16357364,0.23396412,0.12993471,0.44765452,0.29207787,0.27910385,0.119434014,0.3806587,0.00097249687,0.08480283,0.045234658,0.052865755,0.09530196,0.008497633,0.0073387045,1.0126626,0.101242684,0.28052416,0.55395216,0.00064874464,0.1587208,0.0048867273,0.027310498,0.51375777,0.0723443,0.28961658,6.9594644e-05,0.037797067,0.07482209,0.00072537444,0.04139943,0.13388109,0.066240095,0.33756188,0.6089464,0.15904601,4.9415407,1.4057888,0.36341786,0.94944453,0.0021183782,0.13228,0.07502655,0.42727458
552544,9.211181,12.998038,3.3637497,3.706014,16.886963,10.72374,3.5494676,9.552436,0.97682846,18.930416,0.58983314,1.402144,0.28203237,7.45697,0.11491006,3.6570668,1.1174552,8.8460455,0.05271005,3.035557,10.292922,9.502328,9.34263,4.3060527,0.5341999,2.8068976,9.03668,18.040377,3.798665,7.743177,0.47645104,0.19737071,12.857361,1.920582,3.8199973,5.2950163,8.904838,4.9008784,4.313147,0.34710166,2.3649347,0.27921999,30.205835,0.22133105,5.6204915,0.37986204,11.738694,0.0032440259,1.0246538,0.34820744,41.895607,10.044575,0.11951197,0.0110472,2.8252351,0.23259655,13.122447,3.0631568,18.408321,32.4942,10.800142,3.2355313,33.181164,15.316621,5.7386928,3.5577228,0.3336811,0.1540089,3.855618,2.8710406,1.3039407,0.0045568068,0.16400208,0.478771,0.04296924,1.1025903,0.73020416,1.0412927,5.2599955,10.875081,1.4142212,3.2379565,6.480839,9.001971,13.408736,0.013864485,4.081269,7.4587827,2.309148,0.00819715,15.257519,2.902981,3.150264,1.4435141,3.610718,10.1219635,9.296162,0.8212896,5.1704726,0.9075776,1.2274002,0.50810343,0.054010272,11.647578,8.31132,0.24642125,1.9242805,0.63222784,5.333158,0.049928546,1.921082,4.960263,7.2977915,4.4125934,46.28023,1.1965688
553344,0.4060543,0.00053947995,6.4922585,3.0702178,3.1934545,7.0823565,5.2416925,8.656139,5.5190196,4.129098,12.464445,13.781956,3.2350378,48.62223,26.159409,35.26697,0.6136476,0.06803054,2.3558922,37.919533,3.833662,20.26149,16.454922,14.274377,5.148825,49.25402,5.1486945,34.94446,22.061129,0.08552074,24.865156,2.6910393,0.100536905,11.286839,31.720734,31.815924,0.002752849,16.183065,29.419556,3.3485608,2.524075,0.04936589,2.6337042,5.9728985,9.034107,5.457064,2.2280233,10.291083,3.8816037,1.4209352,12.453133,52.515556,1.0337306,0.27341816,0.22633797,1.8599974,1.5961568,6.5062976,0.7009195,14.965473,0.25028828,0.41711053,38.800716,2.930769,8.110011,28.448612,0.0052746087,0.05741953,8.6860485,0.029092733,3.55703,5.958985,24.85954,39.654297,9.584627,30.744497,38.851357,38.42874,22.057169,0.43092507,7.2706923,2.1507585,2.645529,11.15902,2.730083,11.10143,1.7991791,11.639388,0.8614541,9.9831085,5.321999,9.720524,6.5206833,7.2904973,3.4711404,12.154081,10.874097,34.25674,0.14296128,19.33891,7.808266,12.635832,12.741328,0.0018372416,0.039532147,3.4213119,7.724238,18.32602,72.10989,23.412329,15.742138,2.4021628,2.9377785,1.1756699,7.5798965,14.422161
555348,228.89145,240.42937,130.11324,2.6882284,427.79938,144.87846,45.7085,198.32407,9.885415,623.68036,0.1267377,6.0784755,21.972826,172.82065,18.93562,118.59219,0.7655377,131.27194,5.726511,43.460884,319.97476,32.795704,50.33995,63.26209,3.5924463,20.550337,120.80676,311.6964,0.0114981085,22.156654,0.09916594,6.232931,91.812454,0.86027527,2.389795,18.034897,0.974843,0.18397403,259.22818,63.787514,12.842881,23.92032,535.59094,60.08287,62.327576,98.592636,106.48098,46.552757,1.2829055,9.349643,732.8848,213.54967,51.01329,6.368127,10.046231,0.105343096,170.62427,0.32688135,488.85828,982.6143,121.66779,24.44907,272.81677,315.37384,40.249947,142.01889,36.305367,87.90219,2.5388176,222.91846,12.569901,29.08806,47.524345,80.58083,192.56885,211.07619,173.8061,160.5753,30.444815,209.51697,0.576623,62.480274,64.45402,47.764206,172.0315,3.77759,182.74535,262.9657,236.60478,0.5178851,496.53995,79.33238,111.7122,145.83119,311.72733,503.77295,1.8166305,1.5161579,82.79873,9.719929,61.98752,0.8522364,2.809674,283.66745,100.00553,21.361692,78.65313,1.6493734,190.91983,89.12841,0.6702943,6.084441,171.59244,190.1719,1117.9407,70.53545
555651,26.03841,33.440697,10.985068,0.0150865,69.56634,26.774567,3.3477175,25.594355,2.9637406,76.456726,1.0769429,2.5458794,1.890225,25.088446,1.2333535,12.700885,0.7407772,30.077919,0.05888906,16.194382,32.197136,12.937851,11.414386,12.598079,0.22555238,5.643126,18.856844,62.622807,1.8632699,10.767192,0.25926864,0.022285629,19.889292,1.7334992,0.39773053,6.0697627,3.8369126,2.515928,26.611103,3.6347308,2.7360663,0.7916492,75.40964,8.747459,8.864632,5.278852,19.80091,4.1035624,1.3119047,2.311418,111.15761,33.895863,5.8126373,1.922132,5.7433715,1.6567131,27.417818,0.2689938,49.361107,137.08055,19.65858,3.5394878,56.899937,52.994877,12.022244,21.573084,2.7184794,4.189216,9.060932,20.793413,0.75282794,2.3291345,1.7317101,5.281919,7.7060714,13.605834,14.40792,11.726247,12.880877,51.106915,1.3148619,14.431133,14.289968,15.178366,29.531305,0.14666888,17.886877,34.039326,31.477077,0.13490993,53.499146,5.8510194,7.9371743,26.520645,27.847427,49.84532,2.4820297,0.062975906,12.412911,2.098869,2.203166,1.2034394,2.8481503,30.524946,11.748225,0.6078487,6.325157,0.19123478,17.127827,5.813718,2.9691815,0.21407244,25.047138,23.898134,134.7492,1.6995634
555954,0.062367063,0.33680955,0.20366074,0.40093288,0.41387683,0.17133833,0.27203286,0.11747933,0.033829994,0.3412052,0.009870299,0.058720138,0.0052155345,0.039718777,0.21530882,0.02920596,0.051795103,0.14116266,0.20008002,0.0959079,1.7509913,0.31546375,1.7124707,0.04471432,0.0724605,0.0011940493,0.11745743,0.33102274,0.38931665,0.09499253,0.0038758738,0.14233123,1.282861,0.03914247,0.0112276,0.0055085113,0.13375804,0.019451942,0.45969513,0.20946115,0.0011016085,0.06285542,0.73456055,0.21380447,1.2658597,0.18338616,0.15905799,0.064330585,0.015052256,0.0019711833,1.2840073,0.6109037,0.07659807,0.016003354,3.0495528e-06,0.032412235,1.4851964,0.14296874,0.008259723,1.1405513,0.1571345,0.0073400834,1.4956119,0.1890281,0.06848822,0.04111821,0.04856497,0.00017670776,0.28335774,0.017719205,0.10246012,0.054437872,0.58486146,0.47959173,0.003295354,0.47581857,0.006221473,0.04694908,0.36458978,0.17005032,0.08215029,0.18249904,0.87325704,0.058686808,0.14274679,0.0100127645,0.1796318,0.13782805,0.13303933,0.017468663,0.03309293,0.010872813,0.02317389,0.64208347,0.040534083,0.56703705,1.2422448,0.16284983,0.36469746,0.06532626,0.0053119333,0.020874899,0.1611619,0.4333686,0.18617745,0.018447664,0.8591292,0.016731532,0.40905565,0.15705115,0.2232859,5.576312,2.603044,0.665841,0.6129223,0.07437477
557857,1.2139453e-06,0.048302054,0.009439008,0.017182304,0.000786308,0.0027459217,0.0011840727,0.014014095,0.24688825,0.041873004,0.117973015,0.036513243,0.08335553,0.030956889,0.37414715,0.036444392,0.039105806,0.013556621,0.41090426,0.0018464467,0.026873259,0.005619474,0.43454418,0.12392007,0.065895796,0.123691514,0.040362086,0.0031068346,0.05679088,0.012234086,0.04936724,0.004934573,0.08114784,0.0075113345,0.00033729605,0.012737197,0.054874573,0.08928749,0.038182955,0.04290378,0.09448189,0.07306929,0.009066582,0.024922503,0.05659035,0.0147671355,4.015665e-05,0.003772119,0.0032029229,0.016269779,0.097658224,0.08808052,0.12893367,0.12233476,0.0042241705,0.021587929,0.09955181,0.008501991,0.0024465327,0.04437765,5.127689e-06,0.0842323,0.0014002278,0.002780449,0.010891118,7.923841e-05,0.0010054428,0.02563708,0.011235546,0.09379328,0.005056549,0.007588502,0.0020455185,0.00024244485,0.10689142,0.008704186,0.025927126,0.025517734,0.05768541,0.023853881,0.023510555,0.043743704,0.17501476,0.16191897,0.011704199,0.08732975,0.55329794,0.0152686965,0.012148517,0.09139616,0.040371906,0.095679544,0.1551232,0.057356816,0.053280406,0.05600491,0.06916618,0.016481195,0.021362677,0.13659644,0.00023025484,0.21604669,0.012804906,0.21746844,0.015602329,0.03037476,0.04120247,0.19505286,0.19221413,0.15461893,0.01572085,0.612905,0.13808942,0.014188098,0.14958043,0.0037894617
558657,0.010427103,0.0062597734,0.018742755,0.021595057,0.005415152,0.0143748205,0.11385297,0.029071016,0.006204062,0.0017240935,0.04280793,0.10718586,0.0736037,0.039441675,0.0004033704,0.028918065,0.006929131,0.010110086,0.0300429,0.0014958855,0.049637325,0.024294803,0.0040125456,0.009714433,0.03527457,0.056327887,0.0556571,0.0034306855,0.0013434979,0.012894145,0.010767487,0.0017548441,0.0030787517,0.00025771288,0.00074912864,0.0020159457,0.007984384,0.05100057,0.22539957,0.0399832,0.0005436398,0.13943599,0.0007336686,7.7659926e-05,0.03142237,0.06470045,0.02176144,0.016648892,0.0052715917,0.14648171,0.017883632,0.005238175,0.02279414,0.008295438,0.014474828,0.0024997985,0.012033925,0.050122917,1.9133668e-06,0.0067814467,0.047350742,0.03924634,7.9158846e-05,0.03864191,0.0211732,0.011073886,1.5892956e-05,0.030108662,0.009627248,0.013791108,0.00010808185,0.029874964,0.08409186,0.051344126,0.0039087576,0.007710744,3.3884266e-05,0.005298275,0.054854665,0.00018899904,0.0075746295,0.00016961299,0.0014757637,0.010633384,0.07616345,0.012283938,0.277024,0.011334171,0.09682342,0.0034006645,0.027850073,0.095656835,0.075308636,0.06244053,0.004804592,0.051327664,0.011554254,0.020564161,0.002514518,0.0034478346,0.14184879,0.002085507,0.0010499539,0.018525042,0.20335545,0.34196985,0.03612293,0.002953066,0.4244085,0.12227382,0.0096089635,0.112003215,0.016951226,0.066711105,0.088528335,0.0017118694
558960,1.7429225,1.1948029,2.6225793,1.0417564,1.8651841,6.8657813,13.427286,5.320756,4.451801,8.132906,11.534304,10.739658,2.0842843,88.657616,21.65165,39.06554,5.102033,1.3191113,1.2361583,34.560055,2.6625757,15.416554,16.152895,13.66146,5.773007,51.693214,3.3763444,34.135048,16.44917,0.4230344,25.738585,0.68866235,2.4151692,6.7292447,28.955162,28.80147,1.0952692,13.120786,29.583807,0.371471,2.0390558,2.168444,1.5419958,2.692993,24.871292,4.169924,0.43508807,7.93006,1.7896757,1.1127912,11.2081,75.6645,3.898362,1.2141653e-07,3.1374795,0.46359402,4.4334807,3.6692002,0.34281924,17.80886,3.127805,3.8175533,32.14152,9.545598,3.4112425,48.920452,3.0190768,1.168346,4.950719,0.43523088,3.285896,2.4588351,17.863846,33.42393,4.956709,21.245722,34.35263,33.73686,15.636062,0.18980998,2.949262,6.25312,9.208428,10.815401,2.0018082,20.435745,3.6934996,22.766068,3.4242508,12.857251,7.208856,13.253036,12.241055,6.1507173,10.718254,4.525096,8.489613,37.023327,0.37012154,20.539164,10.845537,13.930051,17.53723,0.2578208,0.7649465,0.32381174,7.005548,20.021446,92.34049,21.558052,21.49572,0.033566367,3.0801325,2.9293199,5.0704036,7.378839
559053,60.33502,4.6813917,0.31970805,58.63468,18.562176,190.04315,547.7517,272.90903,62.1954,207.80894,340.81552,549.70233,1.9554688,1967.5067,447.79153,777.9406,1.2612016,3.3311186,18.187658,822.2319,132.32126,401.77267,255.33823,587.8491,65.701775,1120.9696,123.0248,927.5825,801.2893,4.207323,972.7363,129.47421,20.79687,326.20987,1102.2474,1387.4113,167.57692,490.01608,676.1574,203.64664,13.669713,3.534413,12.498358,25.67573,415.17078,201.91576,24.881527,212.08513,5.4565907,126.352005,333.88568,1509.3926,143.65338,70.73864,91.91371,69.914665,22.679737,279.02536,1.506089,426.07532,17.582294,6.742744,1233.0151,39.182774,518.14905,980.5626,32.053867,20.380793,434.2246,60.665596,69.21636,44.56672,785.4065,1209.0625,361.93347,658.8013,1005.6879,987.77203,696.18054,348.76108,258.54794,0.104438044,187.46745,245.94041,158.7237,607.95465,60.06015,364.4168,107.86578,457.73706,195.31104,455.36987,214.64436,24.853748,84.46389,34.67658,451.38443,1367.1417,10.097923,421.54257,190.83311,340.43195,433.69336,11.118338,16.185299,152.09612,68.50414,420.98776,2214.569,195.79752,120.20429,55.572987,146.88316,4.2147765,374.87158,509.7159
559457,0.33874887,4.909382,17.468935,14.055068,9.16243,26.223843,9.883321,38.091187,14.563061,5.5849204,37.785442,44.11032,13.724611,106.11317,58.440594,116.759056,0.6122052,0.0012287055,7.5118337,93.73572,12.166516,51.877373,37.76665,50.623913,15.23665,110.73331,20.837006,89.613434,69.01343,0.9306019,99.60275,12.221748,0.76703477,30.846926,107.41256,139.14207,0.5016646,36.01024,77.9436,17.64713,3.9218268,2.7890294,1.3215092,22.414062,7.5707965,16.29023,14.471075,40.52675,4.9372296,10.164712,40.983753,82.43213,2.3280547,4.5737805,0.12881106,6.071278,0.015250746,31.359322,3.6949105,32.218784,1.0639604,0.08848096,102.19823,3.0062177,42.817497,54.862656,0.16433887,0.011569553,23.352402,1.7597767,13.510349,8.846216,72.482834,104.75514,27.129837,44.971546,91.45337,73.88098,57.696003,9.531638,22.785643,0.047266264,24.053284,25.116966,9.037642,25.843203,5.992321,25.017694,1.9539487,40.217033,5.5424895,45.82367,28.238543,4.9953175,3.304612,22.890465,56.155205,145.27637,0.37961006,57.077812,16.24819,27.488705,27.607876,5.8562665,1.1503501,28.122091,35.929733,35.18253,168.88571,47.67093,48.362183,5.356684,19.073294,0.6430615,46.254272,46.44101
561242,0.2682472,0.008277836,1.6832075,0.6021252,1.2766114,2.737519,0.8089298,1.7481468,2.473107,2.176734,4.8193583,4.875705,1.7883887,12.395822,7.076879,9.747891,0.55003035,0.30092877,0.21583302,7.5809693,1.0932857,5.1363997,3.7418613,1.3368899,1.4689084,13.354503,1.3486818,8.554778,4.310188,0.5587574,6.012015,0.2368466,0.046622887,1.4555992,8.698265,9.059178,0.036791105,2.2388456,6.04028,0.18099058,0.04027888,1.6105953,0.6383376,1.7252874,1.9701301,0.19507676,1.1027693,3.9265134,0.23211586,0.05996628,4.135601,14.721824,0.0050406926,0.051363844,0.07241412,0.2769696,0.38044998,1.1876081,0.09613626,4.835227,0.0006737034,0.1586016,6.282877,2.2646368,1.8212968,8.867025,0.014195575,0.00031631728,0.21317373,0.20362917,0.9180996,1.5489776,4.4369283,8.135116,1.6369421,6.692703,4.9718814,6.7915463,4.130369,0.2013944,0.47996745,1.424108,0.6245561,1.5361937,0.050410874,4.5633583,0.014630081,7.1245317,0.080298126,2.497454,2.293867,1.1750004,0.74679816,5.4771996,0.4367839,4.1901627,3.2297614,10.8755245,0.13532402,5.951312,5.218783,8.770758,7.343577,0.0030304976,0.058683775,1.3815227,4.6955957,9.693957,15.266684,9.936157,9.674225,0.56289864,0.6402099,1.0587001,0.99531746,3.9261
561444,20.827072,22.428324,6.5368466,0.0027583507,45.238117,17.292767,2.8660963,18.270615,2.7313812,45.811363,0.46584678,0.69456613,1.4422112,13.418478,1.063216,5.3855543,0.29097986,15.838521,0.016700502,9.811851,20.557281,9.054467,6.877811,8.627191,0.34564033,3.1650763,7.7676573,34.473736,0.37637568,1.7211814,0.14892069,0.10491319,11.878258,1.8868189,0.0059134597,3.6761518,2.9413726,1.9649538,21.487347,3.3554392,1.0730861,1.3310273,50.366436,3.2008646,7.893376,3.3683295,15.2922735,2.0299082,4.5974274,1.919661,83.42751,24.094704,1.5385063,1.942642,2.8965366,0.3257825,20.493141,0.7550861,23.125261,86.16382,16.0625,3.6535158,40.55349,34.78891,16.304417,16.173296,0.32341298,0.35647014,4.9317226,10.022484,0.7356307,2.964213,2.049848,4.059242,7.6173234,12.638655,9.090137,8.919331,5.3102045,27.77748,1.0800785,8.334257,2.4775367,5.5825067,20.049568,0.03563419,19.511442,15.622583,16.371143,0.31162682,26.313808,1.9788758,1.4515991,24.258041,11.225493,23.518864,4.7284646,0.6687484,11.406555,1.672589,0.14464246,2.9488256,3.827843,15.084376,5.1186614,0.04073128,1.6906198,3.0020704,9.975305,0.94793487,0.06075199,2.3810024,19.57742,8.462311,64.87939,0.14051601
561949,59.086864,59.244183,60.031948,17.87767,76.50325,42.946316,48.058384,57.751583,15.979365,112.01221,2.4372745,12.122575,20.765547,49.983654,1.2030565,39.284515,1.9582123,40.79042,0.18506217,14.444289,34.18006,15.986094,34.167603,15.017336,5.7931523,10.403497,56.473095,94.7145,6.793121,16.639381,5.5774198,0.4549073,41.618786,4.511755,0.9678635,11.633648,21.72416,4.9912043,14.572798,0.8845807,21.189955,0.2979421,120.312805,0.32880098,20.778952,5.08627,38.699272,0.007893395,5.5412593,8.859166,142.01263,49.812767,0.18675126,4.5329504,10.939442,5.517001,52.27342,6.7427826,32.48181,92.40709,36.865433,20.52345,60.389153,62.04316,8.854397,38.158924,0.9400127,6.921889,1.4343809,30.085907,0.87765235,0.2083738,1.8094144,4.279137,7.9945035,13.875976,13.666445,10.301613,13.398395,32.08834,3.7526333,19.260487,44.257187,27.032272,48.96471,4.778066,3.8497403,67.0068,8.288022,2.1946084,38.072742,1.2623278,2.210287,48.294453,49.067223,48.562122,8.414324,2.5488005,31.68553,13.777375,0.9883217,6.905097,5.20664,8.457499,29.090855,6.0647264,0.46973658,0.17979391,18.934752,26.680904,0.44717687,7.9926605,47.536423,16.68305,170.21747,0.89164156
562345,9.964816,15.384066,4.2052107,1.0690547,18.658419,10.369209,0.9162616,10.9291725,0.18214655,44.008595,0.12436079,0.58137125,0.1366607,11.238454,4.2546988,3.6569173,0.112484194,10.843769,0.07714709,7.496829,20.75225,9.133215,8.577272,5.40701,1.6489598,0.47826153,6.1194043,21.670492,0.5808987,3.9793444,0.0007454788,0.029569216,14.143219,0.3514684,0.47498807,1.1832261,0.48390967,0.70594996,22.57297,2.2776318,0.186376,0.26331165,38.62346,4.0775714,4.701024,5.784197,8.939711,2.2094877,0.13364966,0.58025813,57.25922,10.00143,6.7748094,0.1416504,0.10341334,0.17015302,15.854969,0.013823108,49.224045,86.456696,9.296806,0.6109789,32.046364,18.638762,6.1535416,4.1333895,1.4240847,2.5357049,6.06378,8.774141,0.0035976118,0.14263067,2.120863,3.7559824,7.956722,10.568873,6.9243307,6.6415133,3.491523,14.0958,0.19030619,3.509997,4.74964,6.767099,12.256762,0.7432411,15.215039,13.69373,21.806118,0.15681678,45.308735,12.02356,9.4063,4.894669,15.650336,28.616188,0.5245142,0.29146826,3.5051544,0.1298755,5.5819173,0.632314,0.25598502,32.283115,12.834672,2.4875731,7.3020005,1.1884987,15.882518,0.5593717,1.451938,1.3196319,2.9498487,23.350521,87.63114,2.880988
562446,15.830113,22.565933,7.682812,1.959251,37.961662,19.658052,2.7175636,18.353067,2.2489448,52.45531,0.25448698,4.3284035,0.29362756,18.727684,0.49979854,8.784379,0.678835,21.988283,0.0507818,10.794819,25.136484,9.938338,13.147193,7.196128,0.035449937,3.9926782,14.634719,41.714314,1.8242959,8.599682,0.46893606,0.17796287,15.609645,2.1433282,1.3341529,5.589411,2.2632504,2.8410096,19.007767,1.5603728,1.033249,0.0008936384,48.86466,4.401047,7.9244547,3.7117167,14.643423,1.0386053,1.7313302,1.7818607,71.31007,18.740448,4.8420525,1.9648304,2.058613,1.049041,19.37257,1.5733774,30.03142,75.78956,15.786359,4.864071,47.405285,33.109974,7.9456253,12.753157,0.42770427,1.1491656,6.845387,10.741956,2.5588695e-05,0.46417317,1.8767651,2.5038455,5.7354116,8.14176,10.71729,7.9170375,7.462156,31.35851,0.6032795,8.545088,10.417167,13.460309,17.76608,0.07301137,14.4332,21.44031,19.140171,0.014569181,43.295193,5.996761,7.7329273,13.011408,25.909214,29.165161,2.3030872,0.048404746,6.703695,0.7903101,3.4463959,0.006060643,0.06008651,24.289179,10.481934,1.2710211,5.5157638,0.13179088,11.687909,3.9943843,2.0118942,0.21146771,11.657913,19.017456,89.070526,0.82933015
565452,0.7341989,0.10718536,0.0726061,0.0011409582,0.0069679352,0.66147804,0.33276877,0.22744878,0.95333815,0.2832148,1.5166442,0.62537646,0.5812911,1.6793565,0.91255635,1.4657466,0.11140701,0.0059631253,0.087118685,0.86871964,0.040349036,1.1785142,0.28670412,0.15483017,0.21599017,1.7642697,7.0561386e-05,0.9774033,0.2310992,0.04715714,0.34337598,1.8926188e-05,0.0009122059,0.089657836,0.48552293,0.02771724,0.123999014,0.066116646,1.575239,0.019098148,0.397161,0.093605064,0.0033876426,0.052646365,2.3129737,0.053220846,0.02399972,0.35955885,0.07300843,0.1259617,0.5772871,1.6931715,0.14268428,0.017295731,0.0013698117,0.19650713,0.7974356,0.12220713,0.64932895,0.0005539979,0.1952202,0.0023408337,1.2636887,0.17056614,0.2252441,1.1120049,0.6020915,0.13983887,1.0843596,0.8205851,0.041429054,0.348449,0.16468282,0.8311664,0.20824637,0.7062858,1.6350114,2.648578,0.50425273,0.33939824,0.025391713,0.08339542,0.6073969,0.950439,0.054005355,0.15076125,0.76368505,0.7094705,0.109484166,0.16508362,2.8102272,0.0074250563,0.0063005276,0.44580743,0.3209062,0.5330378,0.11299429,0.98160625,0.15208706,0.26391965,2.0098894,0.79465026,2.1080227,0.013198406,0.28188217,0.55391204,1.5886062,1.038122,4.2688484,0.865563,0.71629673,0.1515045,0.00023644984,0.6013286,0.25091517,1.1858892
566454,0.0058826664,0.0026380345,0.20242977,0.9230181,2.2618623,0.36762628,0.0108215185,0.024112144,0.073868066,0.066431284,0.012359749,0.084271446,0.04787759,0.054530058,0.09483688,0.080147065,0.0670238,0.043633796,0.030483123,0.4803898,0.40958166,0.18229713,0.07368377,0.016578691,0.08364535,0.0046683643,0.70526373,0.5507511,0.0047542993,0.00091144635,2.100379,1.0230204,0.11264998,0.4420813,0.00038817184,0.5675901,0.09240837,0.008834417,0.018476844,0.11713326,0.00756219,0.32553142,1.6956313,0.42217848,0.69600254,0.9422384,0.50712085,1.2417415,0.18352279,0.020933136,1.543675,0.10635707,0.07849142,0.09394248,0.3268391,1.3867132e-05,0.7109597,0.022029718,0.02556027,0.76182634,0.120898396,0.96908885,0.07460371,0.021705931,0.4154578,0.03413847,0.20106617,0.18057455,1.5908168e-05,0.6652419,0.006717641,0.08767441,0.04754319,0.09014512,0.06157895,0.20692278,0.043502092,0.33289436,0.2699204,0.043430515,0.2271441,0.22585337,0.056975644,0.06175041,0.0048959525,0.9804431,0.049262367,0.21727422,0.9182363,0.036933854,0.07497467,0.15911981,0.070192866,0.13397929,0.16191958,0.762327,1.1405582,0.17196445,0.1713612,0.23461273,0.012436629,0.0047819163,0.030170314,0.60022223,0.004902826,0.5327884,1.4513899,0.0049635144,0.16880827,0.00057838944,0.45514974,0.69640577,0.02246178,0.11138406,1.3333212,0.49886265
567052,0.21585679,0.10398806,0.26340476,0.63416183,0.36472893,2.1673307,0.8110189,0.37697035,2.6611998,0.69232726,3.6249366,1.824796,0.3302183,9.840255,5.3069763,4.645393,0.55752164,0.074731566,1.0895249,5.714869,0.78312707,6.992058,2.8276818,0.5785389,0.82241946,9.125646,0.06680576,5.599603,1.7721845,0.05345343,2.8618274,0.22652681,0.17887743,1.4278129,2.8793583,0.6260343,0.60219026,2.012506,4.572445,0.2737847,1.1780186,0.00421018,1.6578933,1.5948342,2.9883213,0.04612225,0.02918497,1.5112554,0.042919908,0.14620219,3.2398531,7.1980777,0.057713628,0.00021000784,2.617819e-05,0.85418737,0.9620148,1.6349764,0.060723286,2.328189,0.020774262,0.068249285,4.4104433,0.6275406,1.0998589,4.805152,0.046050522,0.5057183,0.38921618,0.1278654,2.1205184,3.6923842,1.7248133,5.0066514,0.7798145,4.487536,5.049905,6.8733325,2.758325,0.205558,0.14332116,1.0367211,0.53851265,1.4512892,0.10158009,0.3296835,1.4384187,2.0663555,0.000542773,1.4219829,0.5553848,1.7398547,1.5983902,0.5993919,0.19424212,0.7564369,1.258594,2.958171,0.010017321,3.3421652,3.1761594,1.3545763,4.011331,0.007984328,0.2853606,1.5100888,1.1893541,3.651907,8.031473,7.1262717,3.2512352,0.1758572,0.015106474,0.8101861,0.53703254,4.375267
567759,7.3365496e-05,0.07098915,0.0013759115,0.026996516,0.00627289,0.030529512,0.06743032,0.0017826993,0.040739212,0.01579186,0.013196051,0.0044014896,0.006894602,0.0006285324,0.041063912,0.023080489,0.0036258458,0.022058684,0.004828166,0.053396724,0.07201214,0.049385358,0.031321675,0.025458526,0.011030888,0.00065508316,0.03379681,0.001930321,0.038741756,0.007933034,8.5353946e-05,0.0042453487,0.038115475,0.06603486,0.0986546,0.014531535,0.00022099602,0.084423386,0.072233714,0.07725805,0.059958488,0.07213712,0.012348353,0.0908926,0.019693734,0.10730708,0.0046888674,0.13568029,0.004253633,0.017199464,0.07051732,0.004399663,0.0046213116,0.0025331073,0.009710004,0.083847284,1.5107825e-05,0.0451945,0.008967499,0.012528915,0.0016674894,0.02187185,0.0117109325,0.032184754,0.0051473845,0.0001126211,0.04611605,0.040567283,0.0028230029,0.0042601973,0.051074307,0.003939954,0.004775431,0.003936752,0.0070386156,0.0028743225,0.00846806,0.0788242,0.05249011,0.020962434,0.0025902076,0.011163171,0.054971937,0.068244755,7.57006e-05,0.08045708,0.06999325,0.0055186907,0.0031477865,0.00041496873,0.12486042,0.12046473,0.011809129,0.06819453,0.0036682666,0.35625002,0.0011089286,0.005116607,0.0071490593,0.014062244,0.00030529886,0.11538024,0.009593137,0.0018087857,0.03207358,0.11570752,0.0026571415,0.42817178,0.6087472,0.7592611,0.01884843,0.07565262,0.0046212305,0.09781158,0.0019088131,1.2779016
567961,6.5853567,7.9008355,3.6325276,1.5564545,11.115299,5.1409593,2.5839155,5.8636737,1.2920295,11.213025,0.82254314,0.9048027,0.9883421,5.2194333,0.12241656,2.9300036,0.7470811,5.800044,0.18412094,2.826582,6.150561,4.774254,7.405913,2.8128242,0.18547834,1.2997432,2.3227699,11.08399,2.0687141,3.020647,0.6207484,0.3446467,6.629933,1.1869042,1.4487765,3.5292637,2.0727239,1.5704247,3.0258331,0.11698529,1.2966678,0.012645178,13.785513,0.3204022,2.5909655,0.21059734,5.048456,0.111264415,1.8395491,1.063244,21.019835,7.3643622,0.5575765,0.90541655,0.66258633,0.59972525,8.58601,1.5094721,4.0849333,15.4739685,5.4425273,3.129099,16.944838,10.80256,3.611789,3.7243426,0.10355771,0.0150405215,5.1897116,1.0493643,0.23466228,0.0066896384,0.05501658,0.31601578,0.34770024,1.342215,1.4388522,1.0814043,3.757585,9.259409,0.69448483,2.1781757,3.865716,3.8953145,6.3513336,0.16017908,2.5198598,6.015177,2.5909865,0.11976442,12.038036,0.8526726,1.7987682,3.9432645,5.352103,6.7796445,1.5633858,0.21069254,2.661737,0.69716126,1.1179909,0.22682232,0.0056990334,4.409485,3.0393083,0.31132331,0.18894424,0.02671642,3.4564655,0.7193615,0.44940975,2.247269,7.2781024,3.9100573,21.19391,0.33432212
568963,1.098778,0.058210455,3.7447987,3.5520525,4.0327787,10.241819,14.656038,13.63377,7.729227,8.32665,21.524797,24.780172,4.719188,90.03173,34.963158,50.886906,1.359051,0.048300818,3.290343,50.60231,6.197607,27.523205,21.74679,26.035408,6.5461287,64.392105,8.734411,50.46023,34.987812,0.0034770572,44.406063,4.696954,0.34003058,17.131779,53.282894,59.721478,0.9452788,24.89098,48.21188,6.564081,2.9215024,0.7778085,0.8133763,7.8313823,15.539307,9.104646,3.0992887,17.618576,2.2278073,3.2482238,20.4916,75.52408,3.5778277,0.2513918,1.5172454,3.1059337,0.7821054,12.879007,0.66241,23.123547,0.10485856,0.5369706,64.27691,3.425824,19.384392,44.18025,0.26938605,0.020192131,14.333528,0.45697907,4.4713764,4.080877,35.75398,59.82502,14.297997,39.782402,47.039375,46.867596,32.20537,3.669915,10.904607,1.2060525,9.003605,11.0927105,6.18464,20.979431,4.814284,24.589848,2.2506835,17.937374,14.3642845,21.390121,10.447321,8.8073435,4.6466208,10.433737,22.255613,68.09564,0.22027172,27.833193,14.043661,19.731863,23.87659,0.084405914,1.5529833e-05,6.6089787,11.715071,29.738512,83.256874,27.07431,28.567131,4.2667117,6.567601,0.6866935,15.425236,12.366307
570243,9.152166,11.346611,5.2324953,0.79299295,20.3586,7.6820717,3.339166,8.097885,2.594981,17.654356,0.8761155,0.92648125,0.8345653,6.8726497,0.17223388,3.6007638,1.0366466,10.0514765,0.39369595,5.5859437,9.527172,5.950984,10.373082,3.9204001,0.35327104,2.861962,6.8603024,20.170135,1.7371475,4.5319476,0.30267423,0.14145418,6.6138525,1.4756958,1.4467027,8.397651,4.380005,2.4335644,4.596366,0.0028736067,2.5033426,0.12652539,26.575132,0.58570063,7.013999,0.049609363,10.831898,0.018093785,3.7668622,2.4741256,35.66388,12.615577,0.7597604,2.0390964,3.9397693,1.7450365,10.1359825,1.4209391,4.628559,14.965349,8.995665,2.2178802,23.277632,14.396802,4.9902287,7.8014655,0.1242274,0.042997982,3.7799008,3.0236135,0.023618815,0.3296625,0.22669587,0.32268083,0.761569,1.4727006,2.0161984,1.0104902,4.1947694,19.646564,0.7762665,4.1299644,6.356394,5.5043097,8.435002,0.16024357,3.2727895,5.757017,3.0107546,0.3113278,6.9201217,0.09325715,0.2584686,12.928894,5.3075852,4.1262865,7.361082,2.7282965,8.262327,3.9600782,0.02257908,2.8406374,2.1656077,2.428857,2.1876388,0.017975543,0.009653326,0.9521946,2.5522327,0.22718227,0.000195228,3.764284,11.346315,3.6016695,26.531622,0.5002059
571144,3.6222017,4.933743,1.092209,0.13927175,9.347224,4.7630186,0.35032457,2.4460266,0.102282114,11.910632,0.058250424,0.4813927,0.013081694,1.320257,2.0036519,0.06853577,0.06225265,0.87362087,0.0008168817,0.9591238,6.546048,2.6920056,2.400101,0.55343217,0.2354273,0.73519504,1.5591369,6.451784,0.18264782,0.4254649,0.44988975,0.33253232,2.375531,0.06522706,0.02953159,0.010905119,0.39492562,0.21371298,3.6070457,1.0206298,0.17202531,0.8197,12.473603,2.2201397,1.5417998,3.7603014,2.8607683,1.3017391,0.18997885,0.056731947,18.224606,2.686048,1.7198383,0.0016139508,0.045113187,0.32197535,8.205139,0.01633369,10.278318,19.678442,1.4371496,0.039216068,9.365158,4.572668,3.555989,0.6455267,0.90010095,1.1694714,2.0944977,2.6987417,0.33189854,0.47706592,0.8084319,2.52874,2.1584747,4.758835,1.6303124,3.3742287,0.88682926,2.4723184,0.032951973,0.09561912,0.46223336,0.6804093,3.768327,2.0209157,10.251867,2.056586,5.095122,0.15485184,8.80232,1.7516284,2.0106845,1.878644,1.8860183,11.748266,1.180353,0.03841756,1.653555,0.039892137,0.6352272,0.56704736,0.010329839,10.769908,2.0647988,0.009624465,1.2040344,0.045374434,7.0909815,0.016157,0.20166047,2.2973478,0.9907897,6.759335,22.224127,0.16078675
572045,4.2630115,6.4911575,6.667501,25.550055,19.358976,62.369022,69.48476,83.231445,24.727377,25.762875,113.21241,134.04745,7.9564557,324.11975,136.32008,196.51161,1.128191,1.694682,13.275621,236.93152,49.10452,117.06121,83.46093,151.91354,30.654812,277.33212,42.704018,225.25865,197.34572,0.5967812,221.06042,41.09271,0.091347516,95.87728,260.3117,306.11282,13.60529,134.36232,162.33646,65.519455,9.010672,0.02457227,0.008671131,19.481953,47.668564,47.99826,18.523323,62.471622,7.655881,34.00457,88.14879,243.96298,12.457827,22.298388,4.257661,32.343346,0.39797935,87.861084,6.454685,139.73843,0.22981514,0.2514933,294.79706,1.1191432,151.11478,142.97935,0.28425726,0.33378786,120.57863,18.732323,25.745867,19.956795,211.19159,326.01794,85.48276,166.0958,250.31923,239.08327,177.99123,85.64825,76.303535,2.8263156,35.660725,65.3956,40.823086,77.302986,14.438079,62.099964,8.499588,113.26778,21.185617,109.91798,64.62958,5.64892,3.4736385,15.8845625,121.45981,331.47745,0.5144686,121.65309,20.006054,49.81459,63.917233,11.203827,0.40825906,69.21445,20.15031,59.380516,515.0354,69.90911,45.10244,24.803934,41.193176,1.0622815,103.27416,144.75313
573249,4.4027276,4.8962507,3.2226746,1.300319,10.846254,5.2558722,1.7650343,3.4146364,1.6572932,10.119645,0.77072537,0.047141433,0.39426538,3.4107018,0.037150074,1.1016657,0.4294478,3.3873906,0.35839865,1.9809647,4.3481827,4.096228,7.864924,1.6933434,0.13942322,2.2439122,3.97794,10.36202,2.370082,2.2723174,0.0043480867,0.0005307838,3.9407172,0.5748299,1.650204,3.5142097,4.0169697,1.5046389,1.302072,1.3934245e-05,1.4038175,0.025464267,11.623005,0.38492095,3.8269587,0.14061119,6.369146,0.034224086,1.8810037,0.9866666,20.177229,6.1728916,0.044114087,1.1084234,0.5980226,0.07894423,8.742063,1.0750781,0.8934228,8.757927,3.8905563,0.5059429,12.012102,5.4319477,3.5758646,2.8610325,0.118665226,0.003443129,3.7740228,1.287479,0.0129567385,0.10196328,0.010446552,0.043943394,0.0015901583,0.7984209,0.18377934,0.32729545,1.7040776,5.184149,0.6865531,2.2913978,3.0306213,3.5023115,5.5704684,0.042638395,0.1880667,3.9816666,0.99811894,0.28457743,3.3262603,1.2627457,0.0077950144,5.8508053,3.0045192,2.9855413,5.075779,1.0179551,3.3855786,1.1613826,0.00016285446,0.4531122,0.27690846,2.4885333,2.2326093,0.014310715,0.25765124,0.1282184,0.7891731,0.80502474,0.07738043,2.576933,3.1369123,2.6466546,14.819232,0.040527694
573451,85.113335,88.123665,81.923546,17.747524,117.339386,63.644135,43.860798,86.97817,14.861187,217.97646,1.5120637,11.869928,13.478632,81.60835,0.13259336,61.15963,0.021219887,65.89838,0.027743561,19.168715,77.91577,17.52361,38.02173,23.214151,2.3717427,15.676839,65.362045,126.85073,2.013146,17.955494,2.642538,0.03101428,52.87938,2.3290298,0.09208063,8.600168,12.648651,3.3071861,47.766342,6.7671266,15.279155,0.034950513,180.77315,5.9177494,31.848925,19.78212,45.563324,1.9651583,1.4836549,6.4811473,206.10341,69.22033,2.5285034,4.0415177,7.8370934,4.5607896,61.06234,6.115267,94.035965,195.60313,45.942215,24.985592,80.75389,108.04065,6.1232905,58.383144,4.791442,24.433733,0.0073936363,65.840546,0.9963222,3.6405122,10.814963,16.048159,45.11052,45.88583,46.513878,38.46084,12.686165,55.36499,2.3653343,32.332123,47.729404,36.265247,67.10185,4.2160697,19.530483,120.87929,29.352133,2.0894382,101.47972,8.137419,12.285716,68.46992,105.388145,114.50579,1.2763959,0.3305489,39.624325,8.958451,9.844772,4.6013308,2.4389248,38.842464,42.40882,11.64303,18.565554,0.93727845,51.52104,40.685066,0.005112327,1.7475693,60.851803,47.961315,308.75046,15.651032
576255,3.9838064,4.307931,0.7837984,0.02205008,8.483069,1.9852244,1.0487541,2.576427,0.1774311,3.0284023,1.2688,0.00071201206,0.1573614,1.5628994,0.585472,0.06382446,0.2752684,1.8084694,0.9546152,0.55620825,7.333016,1.2202954,5.1002884,0.30554244,0.00038081227,0.5421333,1.4444138,5.0941124,0.93882537,1.1901917,0.025776297,0.088698655,3.5362568,0.048685104,0.063402355,0.5918529,1.8048697,0.86553985,1.9756211,0.052432615,0.123182096,0.3003269,10.400011,0.5913462,4.582063,0.10741059,4.027976,0.8359582,0.82364666,0.7617948,16.240314,2.9309776,0.35422382,0.04260314,0.102502905,0.015215,8.644025,0.8671811,1.0122261,9.307817,2.188428,0.5943113,10.114231,3.8809528,2.7944582,1.2992898,0.10773215,0.00039688058,4.6218605,0.036027353,0.026024412,0.86944044,0.58527726,1.4413623,1.0529422,4.338417,0.5477739,1.557834,0.6775464,5.089208,0.1767808,0.64326376,1.2580396,1.5128787,2.9940639,0.57684445,1.1326834,3.048115,2.677494,0.043316647,0.3409069,0.49724588,0.08182654,6.2070026,0.8709565,2.1505947,3.2984743,0.8688025,4.2089224,1.0829842,0.18545921,1.8621317,0.46721104,1.6660748,0.35497513,0.2746019,4.2510967,0.4824501,1.9547683,0.040268138,0.2799306,7.0279074,3.0338202,1.6853013,8.184315,0.21325392
578057,1.2121696,2.1627746,1.9623749,0.30201444,3.974624,2.798577,1.051301,1.3225844,0.2283026,3.5143588,0.72003514,0.00026830137,0.027105018,0.78639215,0.51558197,0.08762133,0.104647204,0.83361936,0.37430122,0.34565505,1.3967834,2.4462008,4.1475263,0.38807482,0.2947605,0.82258487,3.0167413,4.063395,1.3016896,0.45266184,0.0002987111,0.2715332,1.8041958,0.02926347,0.21568574,0.0024022409,3.1315496,1.1370192,0.6551902,0.10488769,0.96236837,0.0070540886,3.9545376,0.28475615,0.5561041,0.08895643,2.3542187,0.008556337,0.08269952,0.0031216962,5.9215746,1.5423398,0.35225827,0.39162147,0.11255957,0.014088809,5.6542625,0.12424626,0.5858928,5.8128257,1.3451812,0.13523562,4.7107224,1.0289638,0.9368762,0.25334132,0.45694086,0.42090255,1.1501445,0.37427965,0.009688021,0.30676964,0.08757735,1.1818056,0.12623395,0.9123661,0.10522411,0.00022099026,0.8817645,1.7570477,0.16094431,0.26837686,1.125166,0.18280019,1.3903663,0.2144736,1.4189402,0.14373681,0.6239188,0.018654505,0.74265456,0.08114635,0.0024799933,3.0172195,1.065411,0.07986306,5.432971,1.4225445,1.778279,0.5558106,0.50882596,0.22573712,0.4895172,0.6555704,1.6431112,0.0020098384,2.1345453,0.91139835,0.03124756,2.568285,0.90292597,4.2081194,2.0225859,0.7734812,7.651388,0.0024348542
578158,206.33884,212.72314,180.62617,32.474598,287.2464,130.1773,100.05044,192.22928,27.739996,490.78162,4.089732,20.822811,44.20378,189.84558,0.48443422,132.42094,0.082887426,130.6804,1.6655445,36.83575,225.34076,28.423662,71.856476,47.564774,1.6593503,25.205294,146.94344,288.75006,3.0718105,31.722366,3.7237582,0.95069826,113.61386,2.9872644,0.020394351,20.400537,20.75666,3.4307475,105.25195,23.111124,42.703156,2.2838576,416.31876,12.473677,71.738235,35.659615,102.21687,5.6545906,6.5317235,22.989172,512.6064,187.46904,5.7058606,12.206963,15.447316,7.2455864,150.87462,8.679503,218.42528,490.11194,114.111465,58.62644,182.46077,257.94815,14.865014,134.91386,12.364119,54.956028,0.060969952,156.55275,3.8596559,13.759643,25.570564,48.58491,100.22061,121.53198,96.55452,88.09475,35.941315,122.58227,3.1778572,69.55245,96.16599,69.55228,149.25874,6.328764,53.000797,259.1984,88.15038,4.14697,250.27917,27.707983,28.069363,173.95093,204.61514,287.0572,6.4963217,1.5060234,102.08835,23.35956,16.508595,12.8361,8.982405,95.33629,93.28824,21.657438,30.125826,0.9684861,82.37553,85.602165,0.81445295,12.678727,180.84909,93.64426,751.48584,35.21239
579665,1.2182359,1.0559776,19.385101,11.298152,4.6046057,16.416582,7.061763,25.070211,10.148262,12.084623,24.008865,33.037834,10.905933,104.44856,43.941246,84.7329,6.811287,1.8279659,6.533717,70.89123,5.794975,43.564373,30.885317,29.33523,9.335279,89.83363,12.329772,63.488674,41.87845,3.254306,77.09188,3.791621,0.067931764,19.698458,75.19278,103.69484,0.709749,25.876554,50.182465,7.803076,1.6245304,6.939966,2.0643454,12.743707,10.326015,9.960542,8.376181,31.95071,1.449558,3.7968228,27.495646,100.75777,4.9409747,0.14938658,3.5690045,0.31829977,0.4684596,15.387724,0.46738973,21.366901,0.034934178,1.772547,60.20324,9.738679,16.789423,62.183247,0.47500977,0.49379107,2.6627138,0.19661602,12.904048,7.663406,44.41301,64.710396,15.768922,35.387886,58.56964,52.056984,26.365652,0.24776395,6.981377,2.9429438,19.195782,13.067766,3.2189147,36.895584,3.568336,36.754883,5.032488,26.608826,15.150601,34.226276,12.229581,10.319505,16.030365,9.509779,25.866804,94.461235,0.5335168,38.34737,39.18049,45.30452,46.7599,0.18887135,2.515545,4.321807,29.45412,48.029305,120.980156,21.530922,31.91004,0.12472369,11.344176,3.7638397,10.883306,24.110317
579867,0.74329984,0.38584378,2.2379034,0.9243336,1.6664721,4.3693104,2.418858,2.325016,4.0375576,2.0798461,5.993474,4.4168286,1.8104466,25.787706,13.027541,16.913431,2.186748,0.1386738,1.2800272,18.555992,1.3958523,10.992923,8.640996,3.9513853,2.6506732,26.29406,2.098294,16.551165,5.969476,0.06890319,9.765673,0.30794218,0.2350704,2.7157104,10.039797,10.846866,0.083963946,6.927725,12.934815,0.46408918,1.1686249,0.26502421,1.8369452,1.9042691,6.8491087,1.3193331,0.42275524,5.0371795,1.2784224,0.09821898,5.477683,27.640526,0.22563505,0.00602892,0.2518975,0.40038836,1.5654056,1.6230406,0.23679346,5.570949,0.31231186,0.43147406,11.286673,3.956735,1.043895,16.932348,0.19512261,0.0032464028,0.9036693,0.74527746,2.8837402,2.9913263,6.569625,13.950355,2.3459213,12.17395,14.876978,15.827315,6.501059,0.82799906,0.65023345,2.5344958,2.4821978,2.822514,0.7739084,5.0638123,1.4580764,13.214459,0.2237663,4.194941,3.2959728,3.7264135,1.5392487,6.2118516,3.1166244,7.7527742,2.564973,12.1475525,0.43443945,7.9834476,8.403165,9.204836,11.69421,0.24570289,0.23814417,0.12492568,3.1317472,9.606021,34.439507,12.505901,9.774321,0.014646177,0.093952164,3.547375,0.29417473,4.184832
580044,0.7082818,1.9219873,2.2294798,1.3424962,1.4826516,0.8186847,1.8413581,0.3843581,0.1817425,1.5947559,0.7875726,0.26453146,0.10572649,0.79833996,0.31542638,0.37164822,3.3425415e-05,2.0106688,0.17190632,0.6853569,2.3350065,0.726759,5.6023397,0.45187458,0.12758784,0.4824367,0.73687226,1.7433894,0.7569568,0.15489669,0.23020093,0.021171449,2.2093315,0.46208635,0.028628722,1.7624527,2.7890508,1.337273,0.2498258,0.042789977,1.1821517,0.05636794,2.962122,0.057946794,1.8845595,0.026512908,1.7019289,0.11410294,0.5729571,0.0053205206,4.110104,1.2291095,0.49210653,0.049733702,0.33359876,0.08155017,3.536052,1.1162785,0.11726598,1.3589926,1.7468675,1.5450423,3.7054322,1.8010255,0.16354388,0.64404595,0.019436782,0.0005965675,0.9587562,0.23751616,0.1373883,0.41324362,0.41826078,0.6926746,0.25164056,1.7267542,0.0002166352,0.1558808,0.42696226,1.2141962,0.029801244,1.0686572,0.6090929,0.58602446,0.96908605,0.13123527,5.8143105e-05,1.402361,0.30066115,0.06591101,0.14783134,0.6153946,0.5598671,6.032535,0.0957124,0.015607302,2.6265352,1.3589948,2.2318592,1.1999215,0.4237558,1.1719064,0.41696942,0.039954923,0.6639928,0.08201647,4.075662,1.4545966,0.41634306,0.015568754,0.92601615,3.2216246,3.6278596,0.7473558,1.5882891,0.30037603
580347,0.22434105,2.3096702,10.822024,8.584015,3.4552236,13.853842,6.4023247,21.305098,8.113012,4.7452836,23.195871,29.162077,7.917519,61.201874,33.835968,65.931595,1.5484917,0.010316982,7.41408,57.057007,6.3308992,19.250498,21.84627,26.94201,6.197714,62.034386,6.851384,44.08135,37.271667,0.35542998,52.907547,4.2426686,0.46115112,17.624777,62.82741,76.19681,0.5271575,20.354397,39.79276,7.280277,1.2471199,3.4671726,2.123029,7.837339,6.254295,6.56339,7.9374604,19.715696,2.7052672,4.785803,24.315474,51.0311,2.2507339,1.0960358,0.22199331,2.2509928,0.03230902,18.743647,2.9134865,26.82902,0.36452916,0.04155306,64.127914,2.2055068,20.11292,33.72355,0.2699565,0.027544962,10.762789,0.24623996,6.204127,4.44575,36.84738,53.458843,11.769623,25.529629,50.316845,45.560402,31.422546,4.134539,11.852386,0.151755,19.278576,12.83807,5.374306,18.337677,4.373328,19.113277,1.5494484,22.97212,5.996673,24.493605,12.481378,5.372469,1.4840922,16.187159,25.713423,81.94725,0.16121024,29.191181,11.847695,23.074457,20.467535,1.3222806,0.057808246,10.293669,27.437412,12.590195,101.68547,22.524773,6.9817724,0.17544746,9.587268,0.26585913,17.084455,21.603207
580650,0.48266044,0.09516099,3.095517,0.8652431,1.2606373,3.3723476,1.444355,3.8382876,3.7743247,3.4041884,9.445773,7.1532907,3.2999396,26.062725,12.251834,21.27499,1.7408143,0.43280226,0.6573194,15.474876,1.5232167,10.414834,7.659234,4.0950923,2.7241848,24.351664,2.0115328,15.822112,8.296406,0.2891839,10.768158,0.21114892,0.3768402,2.3621123,11.648892,13.361422,0.10471356,2.7609165,14.295776,0.41778886,0.7991404,1.6206686,1.220273,2.0568483,6.045122,0.46303177,0.45587593,3.7959774,1.2126601,0.28921667,4.910289,28.16786,0.8891815,0.007381597,0.30166915,0.18485321,0.81942093,2.851912,0.7739905,8.206252,0.05633889,0.22578697,10.664385,3.7006009,1.5612316,15.835626,0.094522186,0.0052220537,0.56241,4.7412967e-05,0.99889284,2.3020847,7.1450415,13.037665,1.4571774,7.7665515,11.346454,13.166862,7.7397633,0.58636594,0.63037914,2.7796528,4.9800386,3.6094432,0.071331635,6.761817,0.800434,11.604244,0.73553944,4.174783,3.2526774,5.042047,1.9714812,6.8021755,0.98653483,7.8259935,7.1776905,18.534033,0.45245382,9.435999,7.6190686,13.185951,10.862126,0.0026825806,0.017925823,1.165263,8.554886,11.445832,38.910435,16.316341,8.338769,0.06927075,0.67699707,1.6853554,2.6282659,5.2581606
580751,0.46285877,0.28160873,2.2674086,2.234574,1.7178758,2.1861372,0.00044891454,2.6706278,2.1877756,0.35953882,3.1958132,2.4946687,1.4805222,5.4720497,2.9152281,3.8847425,0.15976042,0.03851025,0.6648795,9.13146,0.2401685,3.3286314,4.4300485,2.067024,1.6593273,8.002625,1.1267928,5.834594,2.1530223,0.25199643,5.4592433,0.55854946,0.43702,2.6464,4.7058005,4.2751718,0.059915505,1.4162613,0.82638747,0.19606848,0.6028669,0.35824358,0.2846937,1.0762824,0.38195145,0.38256332,0.3657885,0.8820219,0.0020554753,0.010052513,1.1056952,6.0427856,0.076963514,0.014751603,0.00072392554,0.19933082,0.0047563133,1.5073252,0.017713564,3.1567874,0.11754565,0.17580111,3.948095,0.4010557,1.6117717,3.4542837,0.23568366,0.18251526,0.09074019,0.002695519,1.4360623,1.1456232,2.9567637,4.915866,1.7753183,3.3293738,3.941797,5.1032515,2.046273,0.0060995943,0.30283716,0.094030775,0.07282278,2.7163198,0.0040385392,1.2969214,0.008239816,1.6469909,0.042884424,0.826999,0.019604277,3.55471,1.8066818,0.21272969,0.2740275,2.0322404,1.8854868,7.3261623,0.0026133973,5.154778,1.3747532,1.8736275,3.1551716,0.51734334,0.14947248,2.3394501,1.2987801,6.6220465,16.12652,1.0258353,0.40833464,1.1711066,0.31441897,0.098897316,1.323609,7.15281
581349,0.3473759,1.1950788,11.262525,9.171115,5.311956,13.174439,7.3366666,20.035202,6.8529854,5.6072683,23.760693,29.168287,8.355144,75.917854,34.42318,57.689083,1.3627665,0.0060675917,3.759838,58.654728,9.559621,38.489136,19.375341,29.662382,8.2001,72.71372,10.715797,54.22327,39.363007,0.48405555,57.601517,5.6216493,0.24737401,20.301987,64.15474,77.16062,0.00086575845,26.757978,45.289017,6.2907786,3.6020772,1.7853438,2.2146118,11.770218,5.452735,8.222416,10.052874,26.712801,2.7114124,4.4437275,22.512453,71.91052,2.5093668,0.9500999,0.9433268,1.6799284,0.14568937,16.30049,2.5736065,22.013754,0.05514664,0.15736933,62.86849,3.275768,20.074507,40.648888,0.11553739,0.21417482,9.3898,0.6601127,12.677949,8.958677,47.933296,72.20242,21.860174,40.94624,68.50698,58.444115,32.283863,3.2628348,11.358898,0.831228,3.9367943,7.9644446,3.8254924,22.403536,0.08467122,20.820944,1.5502963,21.10147,3.3959212,27.518118,15.028673,7.3735394,1.9248596,13.619252,33.53475,86.76867,0.061034948,36.678886,14.929869,27.351704,25.064177,0.6159747,0.3245386,10.563346,17.13886,33.19305,138.48532,39.764248,35.47803,6.0833507,14.064746,0.47795278,19.679033,23.209843
581450,0.051299646,0.15435696,1.3484507,1.3073095,1.1787304,1.8438236,0.12191904,2.2424634,2.017743,0.7850664,3.9420176,1.4726639,1.9012592,5.06453,4.4701777,3.8858466,0.00900491,0.08031031,0.4066814,6.1018553,0.9881862,2.60709,3.1833363,1.889017,0.9741038,8.067163,0.35506976,4.98835,4.0431166,0.063705705,4.254084,0.5342386,0.3412618,2.7909532,5.7014804,5.0812426,1.1551131,2.949953,3.8918467,0.8373602,0.07518595,0.14093962,0.8969915,2.202856,0.04471848,0.9481772,1.5098014,3.0364888,0.036987435,0.5546398,2.0473392,3.391046,0.066494256,0.0090543665,0.1271353,0.75814176,0.016908763,2.2890975,0.06888275,4.5570655,1.2042048,0.77279073,6.195265,0.31069908,3.3153915,2.5582063,1.7705278,0.92847186,0.50659215,0.73029554,2.61427,2.392629,5.4127717,7.1080055,4.4511256,6.9767427,6.3952084,7.271317,4.994825,0.12280754,1.2415925,0.11874067,0.20661892,0.86096317,0.056461506,0.91439074,0.13830364,2.2551117,0.00025488075,1.0400832,0.014922764,3.2275248,1.5003734,0.93707454,0.6344667,4.961138,2.2021194,8.106996,0.03497289,3.4249666,1.0063676,1.7711985,2.0604854,0.98445475,0.6296047,3.7581527,3.2265186,4.7028346,5.6609445,3.2837286,3.7295668,0.1608304,0.34122673,0.02551486,1.5287708,2.989488
583858,2.017459,4.5808606,14.639075,18.144463,7.437395,31.041334,25.616688,47.653934,13.748382,15.934457,42.345337,61.735527,9.913616,177.36626,67.603516,126.54293,2.216592,0.6201857,10.530979,126.69356,12.931907,64.216446,44.190193,67.2372,13.369562,143.59135,17.994358,111.26375,90.7591,2.8416262,131.91235,13.520378,0.002031231,41.154465,140.1026,177.37001,4.876605,46.623806,77.63174,15.7698555,5.4236646,4.4006367,1.1365621,15.516761,17.193249,16.261713,11.337101,39.9796,3.7945223,12.017506,50.044212,147.51767,6.4944954,2.618681,5.9010296,2.5096316,0.3107275,37.94955,1.4960281,41.007954,0.03174934,0.06672797,135.95119,5.889752,57.391518,96.61754,0.27365744,0.42963478,24.542196,2.547158,15.957531,8.742937,91.699394,134.41057,39.957787,65.413925,114.88303,96.594536,66.326294,12.380963,27.557444,0.64606166,17.452282,19.907269,10.991636,58.28061,2.0076957,53.56832,8.211507,49.469845,14.211088,59.410847,25.792976,11.724541,10.182892,11.242113,59.117504,174.31392,0.33385757,61.999233,37.81205,59.003338,58.79035,1.6937901,0.43806937,21.647537,32.664944,56.663185,232.48749,40.714275,33.95777,2.7295992,23.247007,0.18165419,46.93774,51.660053
585256,0.013330635,0.008383731,0.08902393,0.07058867,0.0071827993,0.008020465,0.0745851,0.029560423,0.023545552,0.16939485,0.20468202,0.008634449,3.4912006e-05,0.323655,0.039785966,0.87715775,0.06456264,0.02843146,0.008719018,0.04005955,0.0057049375,0.3528551,0.029488076,0.0010137683,0.008666086,0.0025981918,0.010435571,0.005237019,0.012407267,0.20650098,0.041734137,0.08801482,0.05526075,0.2382671,0.094214484,0.05392818,0.044677373,0.13618337,0.0012228228,0.09622774,0.034716267,0.030432578,0.117218934,1.3607681,0.34477302,0.21367715,0.1262706,0.43081287,0.19313028,0.103245355,0.005542359,0.12505068,0.057288017,0.045688007,0.013277341,0.006902622,0.054874923,0.021077229,0.0030636562,0.035329107,0.027661607,0.1708128,0.030931689,0.002204575,0.0016101792,0.06482874,5.6174815e-07,0.067440145,0.0037216714,0.112071745,1.0933905,1.5446398,0.5673962,0.29559812,0.8396024,0.78194684,0.3650104,0.29083094,0.2091239,0.022973368,0.06321177,0.002460598,0.75978947,0.43190727,0.04093674,0.015331926,0.0845284,0.5740144,0.0152508635,0.18425494,0.26147538,0.011435807,0.0025898481,0.2513449,0.00033500607,0.0015502808,0.02178216,0.3261459,0.051288076,0.28120914,0.29701677,0.629988,0.0011157969,0.00037953618,0.5202014,1.2758657,0.04217362,0.5666021,1.0179676,0.62647635,0.18822509,0.4226724,0.7223742,0.022637473,0.2944192,0.097610846
585862,41.26278,63.7976,23.925816,5.352372,76.10081,44.639874,3.736546,58.868713,1.9601715,191.10454,0.23417346,5.111047,0.014467343,48.951935,7.958558,32.914253,0.06871828,47.69657,0.37777647,25.953547,111.36616,11.269654,20.368792,26.386055,2.8034053,3.778088,21.657433,76.83907,0.051880788,9.036412,0.39290956,0.07824698,36.65172,1.9561529,0.29816964,2.143631,0.77750635,0.13688077,96.426254,13.796633,4.2817617e-05,3.2545881,146.07738,14.578441,14.633248,18.5304,24.111752,7.3889546,0.89306587,6.462435,190.99745,50.120667,18.185583,2.5482838,1.3905791,0.3358325,40.89432,0.44664374,171.22556,292.1314,35.90912,12.366067,89.625916,97.150375,13.471085,30.722303,6.4529066,13.695075,2.2084696,45.565598,9.646645,4.7219763,19.364532,19.805923,71.1072,54.58174,65.235954,51.888203,6.4284205,46.040485,0.20684728,18.41438,22.969296,22.414375,50.886482,0.021453831,36.892593,76.00837,72.90652,0.14515758,177.39325,43.32012,41.308598,31.007215,133.2275,169.44046,1.9374256,7.075872,13.790528,0.006227916,28.421415,0.4307911,0.67207986,91.457054,33.18721,7.329907,52.021336,8.629181,72.28846,36.964676,11.980376,0.2327857,21.228714,82.30642,301.45108,9.5380535
586460,0.020329108,0.12058814,0.34641528,1.173972,0.48364443,0.1518784,0.3384528,0.29241833,0.15974993,0.32988578,0.6834951,0.023215711,0.045149326,0.08080285,0.0024595042,0.21692993,0.026351925,0.70955956,0.14256012,0.17212792,0.59247935,0.40573,1.3536121,0.0018972008,0.14534242,0.1983233,0.35704553,0.5446063,0.6846939,0.12874658,0.0050314926,0.011932146,0.8265922,0.08198554,0.082293205,0.14989968,1.6925812,0.41796386,0.03531806,0.0026124658,0.6485415,0.026972473,1.4244987,0.0029161985,0.32197642,0.39251855,0.86388457,0.24439721,0.010208228,0.044192184,1.4378163,0.5660881,0.0012261996,0.02791868,0.026558863,0.028467571,1.0094026,0.0050685974,0.29965264,2.9494917,0.5165721,0.0022425663,0.81504357,0.8710321,0.10876856,0.26767758,0.04051997,0.058393396,0.03337426,0.4637062,0.0011016778,0.20348486,0.0050887475,0.26366925,0.060059953,0.122545205,0.00030867054,0.07056279,1.4864577,0.012237645,0.014427477,0.3858144,1.7262925,0.00037865216,0.63406295,0.0011653085,0.0030722073,0.019164804,0.0006963653,0.3284714,0.07865644,0.025983073,0.04454694,0.4805882,0.37389985,0.08722348,0.43128684,0.12436029,0.35068113,0.0069441157,0.00016936468,0.1384571,0.0064218254,0.05567617,0.71043,0.0022465605,0.07526023,0.046498608,1.1799985,0.1348025,0.36663225,0.251463,0.37413234,0.00074871106,1.6139066,0.1933955
587664,12.7597275,12.827536,4.0583196,0.055042304,35.780403,12.444711,1.796258,9.424028,2.6395009,30.586699,1.0333731,0.5413599,0.9917929,9.039831,0.26867697,5.697109,0.8064479,10.996381,0.034600366,5.301727,15.530579,6.8432937,8.021635,5.884064,0.008185315,4.2491603,9.086376,28.554539,0.8317126,4.1711507,0.21017577,0.1057022,8.317413,1.0485063,0.87883115,4.9475183,1.3467103,0.9472471,10.206699,1.2906626,1.6907004,0.6575438,35.83595,3.4867284,5.4949455,1.4504632,10.837691,1.8664535,2.3976607,2.039976,55.011887,17.717813,1.6023692,1.7194124,3.0696092,0.8973061,14.351084,0.42819566,16.802898,46.212498,11.206897,1.7384851,31.223782,20.447563,10.439275,10.534803,0.5072086,0.62347984,6.9641356,7.126643,0.20968875,1.2870703,0.4344829,1.3602669,3.0388258,5.2128596,7.3356423,6.0636964,5.8807254,24.805923,0.9484981,4.549364,5.223445,6.9815145,15.053294,0.27574277,6.034032,11.975103,10.155676,0.17952627,20.762478,1.7759851,2.5225363,11.672528,14.385675,20.43258,1.6141365,0.12520023,6.8531704,2.173992,1.2399149,0.46403444,1.6050107,10.863417,4.5025826,0.11384706,0.30815464,0.7296603,11.672004,4.424435,0.90860885,1.4647025,14.296738,7.603185,55.85632,2.5753899
588565,0.05629626,0.07525496,0.08743325,0.047836557,0.0017587002,0.028744262,0.019472156,0.01372417,0.068853386,0.00420161,0.04212873,0.02586084,0.018680463,0.002457104,0.08358437,0.14827082,0.0071697165,0.00014470884,0.06299143,0.005194863,0.046856552,0.02192079,0.11364686,0.00050335773,0.012636551,0.0239297,0.01834783,0.042965584,0.03354739,0.019434642,0.085978135,0.00026640628,0.05268421,0.009533452,0.001835995,0.023812864,0.01750074,0.020534769,0.04563451,0.0467366,0.0013014859,0.041303497,0.027748963,0.017484628,0.0018497688,0.081119984,0.009034339,0.10132476,0.1723817,0.1119862,0.008001948,0.09411833,0.07746298,0.04676891,0.022768734,0.0064685824,0.019506473,0.08296825,0.11822189,0.2818023,0.063997656,0.07256027,0.06159764,0.009933947,0.17556113,0.044069592,0.30067083,0.038213644,0.0077368417,0.0059814476,0.025461694,0.15242378,0.14068414,0.15245865,0.032743115,0.23018818,0.17270969,0.051963802,0.00016356948,0.022998974,0.0054517635,0.005303997,0.28906476,0.010110287,0.0025135258,0.0062295482,0.24773775,0.025745431,0.0077347765,0.008108838,0.0041513513,0.35595587,0.011940859,0.09312529,0.24346198,0.038440682,0.022985173,0.00309289,0.0686466,0.00029050632,0.009049625,0.0128441835,0.0017622402,0.027879573,0.00070575386,0.0144476155,0.05588809,3.088894e-06,0.018097866,0.48080185,0.20943071,0.21028413,0.038255252,0.08741989,0.028344877,0.050566487
589567,1.5878111,2.7845058,2.440724,1.0321667,2.1870103,1.5682222,0.868615,0.97485,0.52264065,1.546863,0.41127253,0.00014378135,0.13556288,0.0840689,0.13716601,0.064764045,0.017031733,0.27595583,0.64100844,0.77043355,0.76369214,1.8120304,3.9615226,0.42173815,0.03498153,0.20112884,1.0033158,2.8203018,1.14009,0.3207336,0.023825647,0.13092233,2.6994016,0.10124816,0.16959406,0.4753263,2.6394582,0.72736436,0.1848056,0.09868182,0.8671832,0.0149872145,2.672217,0.23573877,0.9735958,0.7355495,1.1680319,0.07920732,0.16378063,0.03287536,4.3868074,0.73556113,0.44522023,0.008913743,0.023636488,0.09195323,3.6518881,0.8284873,0.08363992,2.0655508,0.8967743,0.11364722,2.5697677,0.790839,0.5890243,0.029078577,0.058330882,0.034131512,1.7251039,0.013473335,0.06260212,0.12743166,0.027780257,0.11686214,0.008844924,0.85602766,0.05311824,0.0032805584,0.4007851,0.8117164,0.12495547,0.008540428,0.31284004,0.4664853,0.4696132,0.4442678,0.48155352,0.41485545,0.6246802,0.08630769,0.29438925,0.3298778,0.20794825,2.3248978,0.878593,0.028435335,5.0533023,1.5256956,2.0433574,0.5625343,0.07053093,0.018080069,0.12190772,0.5470423,0.8649241,3.6170266e-05,0.166088,1.5841771,0.5023188,1.8122653,2.0087457,4.6536174,0.49114853,0.9311678,5.0916533,0.22612005
590047,0.092492096,0.20833348,0.0005459813,0.12210355,0.000378384,0.0136891985,0.045079958,0.04707356,0.013720445,0.0075817304,0.002225075,0.06351503,0.00046062868,0.010396839,0.020940628,0.010331602,0.109696366,0.024380714,0.02729322,0.04883979,0.14789344,0.035798438,0.13201155,0.08689932,0.13452686,0.04030265,0.07150134,0.0072278744,0.00058973895,0.0052875904,0.0047400696,0.016897023,0.074485675,0.015966156,0.008526732,0.007997848,0.18397835,0.015457597,0.14859864,0.023555476,0.13708588,0.083610654,0.0056367433,0.0013264676,0.22765656,0.04112765,0.03470764,0.0064702844,0.0012512598,0.03719605,0.0004800617,0.0008446641,8.6117776e-05,0.0151412925,0.22983482,0.12748472,0.054596834,0.22410214,0.18640997,0.17321707,0.14997718,0.009266822,0.00021466405,0.0004090188,0.031259425,0.04778212,0.020574301,0.004091528,0.09688504,0.022463083,0.05186865,0.009565006,0.024718205,0.006429562,0.00013960013,0.0008928172,0.006172881,0.009391097,0.06469767,0.049459603,0.018144013,0.008075868,0.046668615,0.110553205,0.04430988,2.5243535e-06,0.035001773,0.043431614,0.08871509,0.0045632888,0.052957203,0.038234893,0.0009330059,0.01064279,0.6969321,0.027067011,0.14636973,0.008538765,0.010927918,0.0020222263,0.0035818343,0.0051109423,0.006348631,0.00032761946,0.009216209,0.019486556,0.31692192,0.73949915,1.5639595,0.58385456,0.37274486,1.0319017,8.046183e-05,0.28889936,0.109627396,0.72943294
592455,14.083452,20.677511,4.2508445,0.19836241,25.608942,13.024738,0.48242095,15.502864,0.4218941,37.177563,0.048382442,0.3866615,0.056529142,11.51979,4.4689007,1.9744192,0.23950504,11.885646,0.016974716,9.495059,27.448744,6.9340243,7.4110966,6.026884,1.3731812,1.1378949,4.976084,25.288792,0.0615363,2.1112788,0.026148416,0.027161552,9.486378,0.5875547,0.016366493,1.918997,0.7223114,0.768657,26.00744,3.9617693,0.16543394,1.1487163,41.2014,3.841536,4.103853,5.626325,9.771476,1.9708463,0.58872586,1.2909294,62.977005,15.653504,4.9707565,3.028247,0.862237,0.0003211078,16.040552,0.053153493,31.145601,92.0629,9.467327,1.88517,30.215754,26.017004,8.220427,6.9189787,1.1032516,2.2203622,6.7960057,7.7320695,0.9769908,1.6711444,3.8951154,5.9684916,10.462809,12.835967,11.34729,12.794053,3.8227332,24.72738,0.04246981,4.7016373,1.598534,3.9520016,13.396779,0.72224826,20.16701,11.692064,23.001242,0.0218325,21.880276,4.214619,1.3734438,15.018319,22.039217,30.531218,1.2183772,0.011823526,11.020436,0.43920043,1.6057756,0.9268177,0.91247594,26.062525,2.0884695,0.42746177,3.8980484,0.0045586075,28.088749,3.112621,0.46980938,5.0450187,10.02633,20.41482,53.843357,8.895801
597869,0.49805528,0.17609122,7.0882683,2.8237205,2.7987761,6.379756,2.6605687,8.325531,5.48326,4.371801,11.098863,15.073769,6.398152,40.15841,21.761576,37.584846,2.7695706,0.007514189,1.8597318,30.317575,3.1765275,17.79751,13.515233,10.529242,3.476044,37.43229,4.8980308,30.357313,15.650334,0.60880935,25.011545,1.2595603,0.31830925,5.803399,28.915117,35.363865,0.000821481,11.339255,17.928898,1.5398442,1.1521822,1.9995464,2.1112037,5.611352,4.284717,2.9510593,3.6103637,13.283922,1.2438086,1.2487534,13.550594,42.837917,0.8777611,0.19011164,0.5337532,0.20537926,0.46652746,6.6838374,1.1698002,9.658338,0.03833671,0.637982,29.30834,4.1145186,9.5171385,25.378956,0.049952537,0.0065944376,3.5702536,0.0071116886,3.2240717,2.395897,15.850821,27.645424,6.5071306,19.38811,24.081266,23.028893,11.846784,0.23486482,3.7338817,1.5872086,5.327047,6.5359163,1.254647,12.2103615,1.2107426,15.191281,0.75567347,10.393235,5.1696587,11.419265,5.375899,7.6666603,4.315225,8.311542,11.7895775,32.952503,0.5215615,17.980999,11.26879,17.92614,14.071215,0.23356621,0.020218117,3.0638187,11.506485,18.54719,52.88671,16.582527,16.2339,0.5109135,6.145886,1.2005675,5.09921,7.846534
598568,22.184324,2.074652,0.17265317,21.04328,7.7058983,79.6376,222.5221,121.59941,27.170317,87.44459,179.46507,254.74556,1.4659629,824.654,201.00612,331.6807,0.17414783,0.011577318,10.6944,366.25305,53.7849,178.81009,123.574066,261.60727,33.3886,481.3976,52.65775,402.05594,340.79803,0.029073963,389.53574,63.565834,9.746055,157.45044,515.0657,603.32513,74.779655,241.17447,284.17105,104.36285,2.6332936,0.29354262,2.7797067,12.2287035,168.11948,94.874504,12.029858,91.46352,8.47315,67.392075,148.27733,600.9661,52.050762,35.81424,30.679804,45.757664,6.2762966,136.12222,0.63045263,246.72943,4.948592,0.9940948,577.8734,7.946719,270.65906,376.8439,6.6339703,1.055127,259.38065,34.98345,22.71699,19.098478,352.59695,577.37054,140.78096,300.08356,440.70837,450.61853,311.00763,191.41702,125.43235,1.4508101,70.10531,107.78764,78.883804,217.89764,26.587755,151.2667,37.553738,212.76663,69.68114,238.91829,117.43527,5.016625,32.834885,11.446775,181.07706,568.50433,4.554854,198.21245,53.483788,110.66289,153.59506,10.197579,4.1217575,75.78929,19.996162,185.94835,975.8476,96.863785,35.737873,33.377716,62.645035,0.9923716,171.49814,219.35693
599065,0.3844873,1.1333706,4.446867,5.0743933,4.96923,10.812638,8.632282,13.899292,5.5993085,3.7499475,20.847324,22.671604,3.7529109,56.659813,26.76975,40.633408,0.046919484,0.20880355,3.5178604,45.885956,7.950438,28.637701,17.91063,24.427496,5.949665,50.53252,5.831,37.889843,32.147533,0.014000367,41.956238,7.4625363,0.16893463,18.630531,50.650467,62.750965,0.013441884,28.455225,36.88192,8.325916,2.6934671,0.35859135,0.6666373,6.321296,5.3480024,8.084667,5.502161,11.886262,3.101716,5.269536,19.229336,40.49505,1.1278335,1.379674,0.2279522,3.7972763,0.0073269242,15.46209,0.9025991,24.954292,0.71252424,0.047372144,58.91103,0.41616786,28.275433,24.357214,0.5238485,1.0242443,15.774433,1.4052596,11.365696,7.5493455,40.99469,58.725525,18.355936,38.45316,56.43756,52.170773,32.391167,13.067667,11.638038,0.010921159,4.133399,8.352168,4.9460793,11.655309,2.9420884,14.791503,0.76608926,14.996363,4.3937974,12.308034,13.133716,5.3413124,0.66070807,8.244848,17.025803,50.737648,0.5156407,21.271252,6.6411657,15.70694,14.008302,0.9721453,0.8126444,13.555236,6.5803237,17.149199,87.99667,27.133951,11.392954,2.0458593,4.7070317,0.013585298,20.194668,32.143692
599469,0.03215198,0.10719418,7.249508e-05,0.017741332,0.29639786,0.06370091,0.08206325,0.0292505,0.17608997,0.07983954,0.053863276,0.0061069247,0.037174616,0.22359729,0.23986174,0.011009313,0.0090444265,7.631795e-05,0.008683946,0.0019253067,0.00027262766,0.1873,0.35918882,0.05073563,0.23901546,0.07469983,0.044218406,0.029502796,0.020710275,0.003456821,0.07112108,0.011124311,0.016383518,0.0043766676,0.22207515,0.00011675599,0.03205774,0.029151296,0.27078843,0.12581444,0.21254955,0.031107437,0.08772549,0.00015121412,0.37913868,0.0011821865,0.0185913,0.11760807,0.1334936,0.051054697,0.0027418379,0.05805121,0.037248384,0.0018000051,7.901996e-05,0.050470527,0.173795,0.0188189,0.13229567,0.0039121085,0.08685844,0.03120027,0.10283667,0.017095454,0.14784028,0.11970541,0.09461917,0.04312152,0.26087117,0.0024314024,0.08144311,0.0567148,0.078710645,0.09808886,0.00084228907,0.08676901,0.12766469,0.29579246,0.000492268,0.12242034,0.01835478,0.00042790198,0.07451579,0.1317506,0.022299776,0.003343658,0.31917495,0.00376464,0.014189973,0.04719046,0.00027870387,0.002628076,0.09723039,0.17410934,0.43831456,1.2237973,0.15455261,0.23226091,0.011167378,0.00899615,0.121612094,0.005639554,0.039712243,0.0030535164,0.48663887,0.52884024,1.3343458,0.25904107,1.0788493,0.6544276,1.4107692,0.54895175,0.050431192,0.01600171,0.032977987,0.3122796
599671,0.59051204,0.70424765,9.060502,4.732644,3.2243414,7.9856224,3.3213289,13.453358,5.800756,5.698162,16.434853,15.994787,8.649262,45.57452,22.02473,44.51639,2.3321724,1.2824303,2.674115,33.711803,1.854731,15.783309,15.667594,10.676763,4.010418,35.791134,5.2929187,26.036186,25.20467,4.5188165,35.159428,1.0894843,0.08696299,6.174946,33.690952,56.086803,0.56470424,6.648516,19.885765,1.929668,0.4638831,5.212504,0.17637804,5.1346188,3.34148,2.0978978,4.2735343,12.170625,0.235922,0.8205764,13.359807,44.688713,1.2939953,0.002268249,1.0587319,0.00012035521,0.05820742,9.542507,0.53843516,8.950034,0.13427858,0.5217646,21.695751,5.0588655,7.5553865,28.75065,0.03669054,0.8899728,0.8681166,0.042343263,3.652625,2.0447216,23.44923,32.839317,11.257713,20.662796,27.69666,21.415565,11.536041,0.024821958,4.3122926,1.1869485,3.6677737,5.9752493,1.2542105,17.987125,2.1911156,19.86648,2.2265716,10.782726,3.5735943,12.432814,6.705705,8.362327,3.7944744,3.9829383,17.294373,57.155,0.0506919,20.266426,15.292037,31.219347,25.13103,0.44157863,0.115489155,3.4632094,17.336538,25.477667,79.15334,12.56924,17.966026,0.21444882,8.526528,0.45045307,5.977014,17.879082
601127,0.050077572,0.029715223,0.17342196,0.20099646,0.15409589,1.1757531,0.51804733,0.11414798,2.108061,0.34170166,1.6868334,0.8658402,0.18424904,5.184772,2.7365482,2.483779,0.52648294,0.20774695,0.98257095,2.8945346,0.60642195,4.4736333,1.3780116,0.3947962,0.86694854,6.2827,0.44512558,4.0732408,1.2288753,0.1387301,1.2873863,0.019296922,0.06709869,0.35301778,1.4646261,0.00033858244,0.5323754,0.9007105,5.6855116,0.13861008,1.0556748,2.916249e-06,1.7626569,0.886962,3.0609756,0.0002706673,1.5061821e-05,1.2032484,0.33428612,1.05423815e-05,1.3454335,5.9276085,0.022894481,0.10386313,0.07472288,0.47919753,0.31366283,0.56178516,0.01977941,1.6456381,0.2290422,0.056718014,2.0444727,0.44581953,0.007104726,3.5905993,0.4944473,0.060837153,0.0026457517,0.32362503,1.8088917,3.0148797,1.2632754,2.1955032,0.79270345,3.8805394,3.833815,4.1923194,0.9384789,0.60525924,0.011152354,1.1564587,0.5725176,1.0361274,0.26359347,0.14666472,0.5288681,0.5269103,0.22981891,1.5014791,0.9285333,0.5548959,1.061063,0.89816356,0.7102957,0.88118404,0.97901136,2.0782382,0.14400136,1.6205181,0.89543265,0.62716645,1.8854274,0.19093814,0.039378274,0.019567223,0.45760864,0.35425004,6.0470886,8.439487,3.34315,0.2012253,0.00024881898,0.39918953,0.61926496,0.28918546
604537,0.37708542,0.033449296,0.0070963306,0.00069341925,0.23459494,1.0681478,0.72439873,0.6092596,1.3142226,1.2257881,3.1180396,2.2095182,1.3676709,4.6341696,1.7626164,2.721647,0.07014748,0.17435011,0.17891063,3.578942,0.04298167,2.275146,0.7056814,0.40837827,0.470534,6.8779826,0.10031432,3.0569975,1.1884122,0.4510174,1.5799989,0.0041434937,0.03656171,0.34243423,1.1834685,0.90193754,0.019507539,0.12524366,2.4761522,0.006826462,0.43789676,1.6998813,0.083383545,0.4950657,1.7724994,8.508983e-07,0.048282173,0.5252004,0.001016389,3.1447964e-06,1.3014535,6.26446,0.25470692,0.00083382375,0.0020079678,0.14821434,0.7619153,0.4475623,0.38097477,0.720814,2.0720223e-05,0.027131617,1.4714807,0.8317018,0.5416538,3.356811,0.28262708,0.05409493,0.068270855,0.035909403,0.22528583,0.8944281,1.1511887,3.4344976,1.7737299,2.9830523,2.606283,3.9281743,1.5369416,0.05142345,0.029729323,0.38956514,0.051004715,0.07179602,0.0032192029,1.2038555,0.040896915,3.876275,6.2604144e-05,0.9527494,1.2761595,0.4899837,0.10940092,0.94821876,0.124544635,2.0323808,1.6772085,4.8631077,0.04681592,2.137543,2.467569,2.563615,3.0206354,0.24874778,0.41763583,2.0153098,1.8213567,1.5141624,10.793561,1.7045672,0.16136424,0.0070528747,0.042188004,0.193143,0.80173784,3.92942
609143,0.48884135,1.605545,0.837087,1.2891003,0.4180797,0.40869,0.4241594,0.8649385,0.020175975,0.9617691,0.6013303,0.030215906,0.4218475,0.25090304,0.33862793,0.021434585,0.03350631,1.162898,0.19273818,0.45917717,1.1536683,0.9627222,2.2083662,0.09617677,0.026862336,0.022076871,0.45535886,1.008953,0.60153586,0.41967854,0.084485985,0.38135153,1.8429003,0.06164541,0.045541774,0.039431043,1.8386463,0.9008653,0.24531701,0.00036671865,0.9613103,0.04053519,1.870672,0.035315048,2.1554677,0.0010530009,0.65791,0.047469478,0.04551621,0.05888449,2.731902,0.6295085,0.011981647,0.0469903,0.025549507,0.015761808,2.627192,0.3849282,0.70717496,2.9359238,0.9222267,0.1230416,3.330041,1.1473037,0.49918318,0.03940695,0.00073682587,0.014677391,0.6170874,0.026306985,0.43084753,0.34174868,0.13863909,0.28900194,0.00097015064,0.41054368,0.0007898151,0.013015711,0.3249674,0.44096008,0.0012637007,0.827416,0.48663563,0.20298295,0.70906067,0.02057241,0.028383706,0.15894054,0.20530996,0.01041303,0.7782882,0.11031882,0.042621806,1.8212936,0.036486674,0.748038,1.0252244,0.03843618,0.6994053,0.012231489,0.0006594474,0.0020953012,0.004978803,0.18826585,0.26697794,0.2005335,0.41163054,0.02846616,0.38973993,0.5125293,0.88407487,2.475711,2.4975197,0.97003573,0.8317637,0.01934035
611938,0.060754705,0.11672872,0.064993024,0.008562575,0.29803225,0.00058879267,0.036243618,0.14835224,0.045842998,0.43512377,0.5905607,0.048077524,0.12720177,0.3885689,0.112402126,0.081442766,0.0009644854,0.009966594,0.15339516,0.38686115,0.15449126,0.08856418,0.061665833,0.00044806377,0.0020307617,0.03434744,0.0006490103,0.050393347,0.031008633,0.0057822037,0.034539834,0.008180354,0.027435403,0.17532557,0.32236427,0.11270044,0.050202668,0.015768379,0.025375037,0.00053578854,0.00013725927,0.022036796,0.068143144,0.029944597,0.192995,0.0059670564,0.009962596,0.01732572,0.02410267,0.09201871,0.19607653,0.0067674303,0.24067642,0.0046537514,0.00047095574,0.009284428,0.00082036236,0.315317,0.1314055,0.27563763,0.029243957,0.13250422,0.13068692,0.011393885,0.1758089,0.013002081,0.00011642518,0.031054948,0.001731375,0.016027099,0.015454596,0.041803733,0.037292365,0.02256384,0.08221739,0.0017985703,0.12579359,0.48931637,0.005506556,0.012032506,0.046111748,0.00021271927,0.00022139848,0.06114342,0.097192146,0.037693888,0.026362535,0.013865804,0.11844257,0.049128592,0.061371934,0.07933656,0.051484466,0.08359711,0.17976572,0.202205,0.00054581277,0.043567907,0.121242635,0.002363961,0.020711733,0.004092325,2.0003205e-05,0.13136733,0.067004174,0.19594046,0.32571107,0.00031220276,0.6457235,0.17127602,0.014807768,0.06154186,0.001440314,0.012540807,0.18269317,1.9071426
613235,0.3097417,0.46806878,0.31758645,0.5042653,0.2675274,0.15698762,0.050476875,0.021763964,0.10275413,0.16484381,0.24494977,0.034524314,0.0006535905,0.2755866,0.038720455,0.0049268887,0.027650457,0.2924717,0.12241573,0.4193034,0.8569748,0.3831178,0.58158195,0.08768556,0.0016672107,0.0023038893,0.37212664,0.55729985,0.30755743,0.11076383,0.05258733,0.16816154,0.54193056,0.0028979878,0.0033214258,0.036188994,0.26766035,0.136932,0.08056109,0.11493966,0.5680123,0.37720928,1.0742106,0.21269257,0.53316,0.031389,0.44127408,0.021028837,0.112073325,0.039397556,0.88101417,0.37699252,0.01833943,0.13901268,0.043288752,0.0015365788,1.4966959,0.8116393,0.067460224,0.025704542,0.42298022,0.46322227,0.62964994,0.4956891,0.05973452,0.15338928,0.010065528,0.0044828844,0.4638693,0.1062946,0.19679809,0.25755545,0.14869225,0.13820206,0.116385065,0.031069675,0.0623654,0.082836844,0.19149816,0.00096335105,0.032152046,0.2602977,1.335762,0.202502,0.13380176,0.00439095,0.0035204329,0.178789,0.052145783,0.08833891,0.00012853325,0.109741755,0.2560522,2.548031,0.24043542,0.4079879,0.20523733,0.027088623,0.42168275,0.13990764,0.18711597,0.5024872,0.0129698645,0.05225926,0.07794305,0.022398336,0.2939234,0.108879454,0.16461536,0.034735993,0.17045951,1.0031976,1.9217572,0.10030366,0.34407985,0.036165502
613538,9.384319,4.835269,2.903104,23.318748,5.3,50.61282,97.56956,88.138275,18.136156,47.48369,106.21929,150.59654,6.000642,441.59988,127.13852,214.38416,0.059409577,0.0708198,11.175,237.49399,39.90685,114.708244,77.042786,157.12541,19.736727,285.4251,29.409222,229.60219,205.16002,0.38338375,261.84283,38.84318,1.3439745,93.49291,305.4994,389.15826,27.53345,148.04742,180.91473,54.251038,3.0501652,1.295863,0.16903856,11.021614,66.18541,56.73043,12.935971,62.20537,6.5306754,34.301414,92.73005,359.40533,29.22871,13.2406025,13.668655,18.809572,1.3734858,91.46202,0.71292335,147.31781,0.71199465,0.33814168,320.7873,6.104124,147.617,215.78395,2.314359,0.7895607,110.5092,15.304296,22.564411,17.00893,215.0033,333.42865,94.72626,178.80449,273.74283,258.55475,178.09647,74.209496,70.42603,0.040605325,42.386757,52.61139,40.638515,137.92761,17.882154,101.22174,21.001085,114.908325,43.522007,101.53166,59.307175,11.790318,20.12047,14.998832,104.5408,337.25723,2.7636733,114.2239,52.478832,93.087746,107.7153,4.695733,2.1490335,38.735683,27.141209,115.2696,566.8076,51.20348,25.429028,6.792211,37.685276,1.7851422,86.66597,131.97815
614439,0.3873919,0.71024907,0.43777528,0.36680448,1.0573633,0.5144431,0.16484928,0.15488206,0.48389715,0.90841293,0.55873996,0.05469878,0.11060129,0.014405395,0.0049604387,0.02133629,0.005263027,0.38658315,0.08068233,0.02109132,0.6941493,1.292806,1.9006264,0.033666693,0.28064308,0.117461964,0.768419,0.48166323,0.42499948,0.00090938533,0.055806253,0.1930876,0.6982806,0.0001713126,0.054210857,0.07020828,0.5928214,0.0951892,0.4226,0.2926984,0.9106624,0.0041804626,1.3411396,0.1855361,0.7852831,0.20723088,0.61205465,0.015031218,0.012428022,0.0048935255,1.595128,0.6130479,0.058624603,0.006802456,0.0491556,0.20772494,2.4449353,0.41518974,0.06249681,1.4209146,0.54078305,0.006040109,2.362423,0.41349438,0.30466846,0.00607231,0.27062145,0.17670955,0.4996112,0.21138163,0.09381528,0.0017958476,0.0010388318,0.009514422,0.19198437,0.07564089,0.0019092611,0.008132014,0.3041472,0.07352657,0.005739344,0.08411111,0.014094508,0.023991596,0.34676462,0.010065546,0.29999134,0.046458233,0.27420175,0.0118338335,0.031368442,0.262749,0.07497435,1.0621439,0.5125128,1.9692427,0.5511899,0.0043563754,0.48360223,0.18936478,0.03838198,0.0012302311,0.082770966,0.25842538,0.17619124,0.12683928,0.2057184,0.07836616,0.0033861215,0.22339576,0.0017264851,4.3739786,1.6130159,0.54757893,2.142485,0.3979877
615441,0.059674084,0.004024837,0.01119052,0.0001895665,0.049208514,0.3496899,0.37681144,0.087318406,0.5665331,0.35680714,1.7928715,0.4189564,0.02821195,2.2771957,1.4945402,1.0143762,0.03118169,0.102741465,0.36529207,1.3825387,0.02181083,0.79632884,0.15749763,0.067590944,0.14413494,1.6092987,0.00998574,1.0165858,0.19127779,0.033661574,0.2296047,0.00093043875,0.1275114,0.09217261,0.7480377,0.0783056,0.10151232,0.24346936,1.8943805,0.08072795,0.3608073,0.1261889,0.15748516,0.1983747,0.4041556,0.0316723,0.070272736,0.24997073,0.022917625,0.019079784,0.7533145,1.4585044,0.12256975,0.0018389627,0.3935007,0.30012134,0.2007266,0.007854341,0.7088156,0.01499733,0.040948823,0.006888447,0.8940643,0.52131605,0.41566053,1.4808116,0.011831564,0.11262233,0.28836688,0.0023412912,0.22062278,0.44394878,0.6507291,0.93884027,0.7420775,1.1834617,1.2219347,1.909982,0.5014687,1.293415,0.14702374,0.22840601,0.079571106,1.0007745,0.069346726,0.042196654,0.938723,0.16387744,0.3286282,0.42470467,0.002989748,0.331183,0.47388214,0.05797966,0.039593462,1.082313,0.28630304,2.4703243,0.25208107,1.1638901,0.020297548,0.0005286437,0.24674398,0.18906018,1.3904874,1.9534159,0.81548274,0.049355797,1.7383006,1.6802962,1.536735,0.59095365,0.043037754,0.0783209,1.2776588,0.75193083
615744,113.70836,124.64285,80.0503,8.687508,194.01712,80.31127,40.44714,107.37271,10.734744,298.4869,0.5522526,11.612349,17.113523,98.979706,2.3068132,79.09988,0.014009565,78.21905,0.96983075,25.87828,119.97966,27.123743,36.366894,33.041733,0.04006239,16.72417,75.26891,166.85162,1.2579043,20.473883,1.6385287,0.43266,68.51207,3.7160835,0.28693232,15.748252,10.545084,3.8297684,87.96379,17.469158,17.80873,1.5600154,256.66302,13.073861,38.277485,29.034403,59.63065,7.4750414,2.8741646,10.712883,333.94913,114.52202,11.744852,6.0743313,6.8365455,2.8477755,83.69346,2.6286075,179.42343,370.98465,72.01747,25.402287,139.58076,152.55853,20.205273,73.88866,7.7258825,28.049404,1.0381565,90.11874,0.109660596,2.7389443,16.05116,28.798073,55.484524,68.27997,59.871212,58.46811,19.044245,93.80969,2.6435587,37.17276,55.032776,39.30542,94.693214,0.6114952,50.56539,140.48723,75.44121,0.44969195,205.9697,21.349577,38.30897,85.793304,137.89807,183.54842,4.0926957,0.003317196,42.745663,8.024733,22.1815,2.356924,1.6577085,88.673744,58.747387,15.278325,26.744972,0.22501223,104.18952,47.290863,0.14918102,2.4531827,92.40236,76.7416,505.11877,39.34745
616645,9.397314,10.214872,6.088915,1.6261086,18.282381,9.658888,3.6906276,7.9288516,2.9106848,21.329659,0.88950706,2.511588,0.96414316,10.058967,0.042261615,6.411143,0.80077946,10.753308,0.051442064,4.8294725,5.382485,7.847314,8.885183,5.2352357,0.97402567,3.8749397,7.798208,20.287645,4.0171223,5.024064,0.8256814,0.55842876,7.786741,2.824913,0.7356926,5.2470126,7.040673,6.083098,4.2399797,0.023609728,1.4137942,1.2135881,25.677229,0.054371268,3.7275949,0.07903479,8.356347,0.046229858,2.6252294,3.2862072,31.932146,10.267548,0.5858883,1.5272881,2.2683234,2.1370409,11.108991,2.3834682,5.7089796,23.34519,8.323503,2.6784432,23.151197,13.913989,4.930635,8.556859,0.01319145,9.900646e-06,4.0570426,5.0221257,0.88129103,0.027982665,0.024883261,0.0006543511,0.82915026,1.7339962,1.5860797,0.93128914,5.915905,14.957975,1.0778878,5.6191216,8.343195,8.517069,10.172952,1.3647957,1.1572398,14.604939,2.7174826,0.64084476,9.884343,0.5356568,0.38665548,7.6047406,11.119853,13.614126,2.0316288,0.27212065,5.0962553,2.7149167,7.053335e-05,1.1937526,0.969802,3.2100654,5.7943163,0.7830236,0.39358893,0.24743906,5.9855294,5.549208,0.13620254,2.4542568,7.3408055,3.7071257,33.2984,0.56928426
617748,6.793142,9.698973,3.765078,1.3786694,12.332155,4.2393584,4.2807145,7.044763,1.7968795,11.360071,1.8922828,2.1641607,1.2833354,7.741427,0.0004258331,3.9159987,0.7299359,8.712113,1.7880026,3.778933,3.9602542,4.970714,10.578102,1.6307874,0.3037961,1.3225482,4.1676245,12.910051,2.1640668,4.539175,0.18416183,0.015928492,9.810436,2.190002,1.3208244,2.8191755,7.416921,3.8106093,0.8513006,0.0744799,2.802629,0.09980356,20.223059,0.1131477,4.754431,7.336448e-05,9.024976,0.0039055347,6.0474625,1.4366015,27.20968,7.989986,0.039322134,1.1098973,1.9530677,1.1994734,10.079387,2.9210632,2.2297585,10.12797,9.318891,3.9290304,17.964815,10.359283,3.3401992,4.573647,0.11182304,0.09911324,4.159403,0.54540217,0.18467192,0.42368555,0.30280274,0.73676664,0.67398655,2.6361158,0.880814,0.5476104,5.316509,7.047435,0.70133364,3.90172,12.85547,9.575845,5.3300366,0.5888247,0.10329446,9.4045315,1.7473387,0.8500068,2.2570455,0.3464243,0.21814385,10.76551,0.0002696127,0.0028243838,7.226522,3.577813,6.068012,2.7570071,0.27003816,3.6937163,1.2166709,0.9559552,1.9192233,0.0049550356,2.5577424,1.04149,0.09932021,0.59838444,0.5075743,3.7949505,5.953013,1.8563067,16.2127,0.3557326
618952,0.041290645,0.022894183,0.078944795,0.23762923,1.2646077e-05,0.043023005,0.24929044,0.15332237,0.16883783,0.028872816,0.17038058,0.045825236,0.16241668,0.0041575637,0.19332598,0.2483698,0.002093239,0.01917904,0.013985504,0.043931372,0.038143642,0.0062894803,0.14874788,0.19847271,0.012106325,0.046247236,0.16160002,0.06715574,0.049107958,1.300812e-05,0.0009670268,0.0031387703,0.12714085,0.0058504716,0.08067187,0.004548801,0.036791332,2.4399214e-05,0.024543053,0.038850214,0.00019049004,0.0061714198,0.0033099325,0.02598486,0.06883207,2.0509135e-05,0.0010569145,0.028844697,0.050630108,0.0021083686,0.015358447,0.015471405,0.14887135,0.010955445,0.067421645,0.11320023,0.009722306,0.010954147,0.08759416,0.048331168,0.00016058882,0.0011673223,0.0014480471,0.0015039695,0.15661998,0.10846824,0.0011204507,0.00017047575,0.106761225,0.0052795666,0.1389937,0.058067497,0.002158795,0.00013669142,0.107904695,0.18529841,0.11026294,0.089396045,0.004576267,0.16694963,0.0045524524,0.021277595,0.03284357,0.22979708,0.107657686,0.008028442,2.0243876,0.002224788,0.16471073,0.0025435998,0.08748517,0.10563747,0.08745794,0.10582006,0.18707508,1.0021263,0.07293388,0.43378392,0.01593955,0.07452064,0.0012994042,0.010226965,0.028026652,0.002180464,0.15996481,0.12505199,0.53894216,0.046517827,0.06770551,0.41418472,0.17575303,0.005237099,0.06508228,0.00019524216,0.047140792,0.052362513
620434,54.97067,61.732964,41.006676,12.254243,72.57279,38.039234,20.829937,53.40485,9.986722,142.85126,2.5479789,10.986925,7.7813754,53.098362,0.1755815,31.729372,0.82077384,50.99352,0.0007542207,18.39778,49.33647,14.992585,35.86948,20.364328,1.1949186,9.6390915,38.342323,76.94851,3.6188872,14.814341,3.909139,0.17487516,41.91899,3.2488418,1.7407665,10.171212,8.834823,3.6293583,35.392006,5.7359715,5.171386,0.00071404374,121.548096,3.814992,17.165758,6.543133,33.08857,0.80614215,3.0523784,6.9994154,149.53102,51.1845,5.1078587,3.0146267,3.9986107,3.1611438,43.089146,3.425091,69.62338,146.5204,36.365677,22.247656,76.74191,85.06333,7.178188,38.26489,1.4470677,7.8360524,1.6759056,30.50361,0.997942,1.5313932,5.1939163,7.738086,19.73903,23.179817,28.940989,21.940454,11.951225,40.764896,2.0428286,21.623158,29.634377,26.772455,44.390232,3.082353,17.538328,68.07325,26.934195,0.8102683,79.35146,4.1934314,12.842821,47.473774,51.646477,59.738033,3.311584,0.13034424,22.244143,6.7845197,6.6114416,1.9215728,0.8633433,30.756481,32.529186,7.7845364,7.003935,1.6198123,29.389593,15.049084,0.42517963,1.3591527,41.40996,34.797577,215.65862,1.9596645
622236,1.9008657,2.134089,1.1787423,0.1313206,4.751835,2.0253744,0.9796348,0.8330002,0.2389073,1.1297555,0.7963989,0.002096914,0.56784135,0.76472175,0.118748516,0.0036829289,0.293566,0.9923835,0.04437131,0.44949892,2.1125944,2.2922478,4.094393,0.25966802,0.12909156,0.7621761,2.1368685,4.51369,1.2242489,0.96955746,0.0019876724,0.017627565,1.2429305,0.19152705,0.119907096,1.1812736,2.5556445,1.2040504,0.044447318,0.014043372,0.6318055,0.16012985,3.9019253,0.0039778133,0.9203643,0.00768385,2.4494565,0.0011772363,1.1726433,0.5757178,7.653981,2.7722821,0.0847095,0.6242031,0.4707836,0.074004255,5.477913,0.8682157,0.00017904649,1.8589313,1.7230287,0.26284218,4.7288566,2.348065,2.196524,0.9806874,0.04560797,0.009279765,1.9515733,0.23058991,1.5700594e-05,0.08943681,0.026011346,0.00028664657,0.14645958,0.13648729,0.0063601197,0.03482748,2.1109974,2.137368,0.016303603,0.37892547,0.80874723,0.69361764,1.1753571,0.00062370306,0.13969912,1.0714551,0.49657115,0.15140937,0.14563891,0.56108034,0.44863945,4.0366025,1.0808423,0.4846991,1.7258395,0.69196665,2.4922194,1.4105161,0.06561695,2.2672462,0.31453484,0.13023596,0.25927952,0.47869158,0.007967206,0.03037419,1.3696021,0.20637667,0.2118989,1.7696025,1.6201949,0.7043809,3.5760262,0.0014095696
623137,0.05093361,0.023358468,0.03745688,0.09027459,0.026028903,0.1725959,0.003825011,0.07226391,0.29869166,0.07158949,0.40758502,0.054142557,0.1483594,0.00038720478,0.18992083,0.4486963,0.0297975,0.06934332,0.029252626,0.2658412,0.16694479,0.035549078,0.17194235,0.17251587,0.0955615,0.14023863,0.052311737,0.015916383,0.057021562,0.020164005,0.034198783,0.003990816,0.05162645,0.005126938,0.092651285,0.08753768,0.0306389,0.053726178,0.40203378,0.0016422059,0.007694439,0.03398663,0.026072362,0.0002099517,0.18827066,0.00020595406,0.03468386,0.09452211,0.002002675,0.033020258,0.05629096,0.0005094688,0.0810073,0.027610121,9.690091e-05,0.042776957,0.07897076,0.016772976,0.148918,0.10676931,3.0188207e-08,0.12632702,0.03381648,0.067249395,0.0022028487,0.0010516697,0.0023607598,0.0017757074,0.004552219,0.0014827305,0.09157498,0.017428728,0.0016598179,0.011149198,0.0030587951,0.1519362,0.0002112076,0.04985682,0.043191303,0.0023658217,0.0150268115,0.09518852,0.061293416,0.0016517655,0.098623335,0.035371568,0.039484207,0.008860711,0.07769336,0.0378917,0.0072223265,0.1769345,0.0015886351,0.0038405277,0.0025059474,0.47895083,0.008737161,0.0033496511,0.0043836697,2.1190463e-06,0.00015182896,0.0010971619,0.0013977175,0.0070194765,0.18492123,0.17554079,8.308802e-06,0.1376659,0.58888763,0.5232091,0.15262547,0.00011043875,0.02083642,0.13597843,0.30901486,0.024672486
623844,0.17392933,0.1393806,0.10215092,0.09287029,0.061784938,0.7258184,0.26281494,0.38084015,1.5218272,1.051409,3.8746197,1.6288455,0.52761674,3.102042,2.5476947,3.0579498,0.17398699,0.107439265,0.16878778,1.8173696,0.022610303,2.497773,0.9027394,0.2999999,0.59098786,3.9360516,0.14077893,3.0960224,0.5735791,0.083920926,1.0296162,0.050708327,0.026994577,0.19875029,0.1375313,0.083558336,0.06035493,0.09780756,2.1342242,0.0076794825,0.20497185,0.31368464,0.16799334,0.057099473,2.2510097,0.029939871,1.7775201e-06,0.190325,0.025303697,0.045384847,0.97144943,3.8298225,0.024765795,0.004850856,0.0039551924,0.16695447,0.3654098,0.26923418,0.30697805,1.1690822,0.084092855,0.02684873,1.8525184,0.35807928,0.3885579,2.1113508,0.11717531,0.0009044921,0.034811206,0.0009817494,0.020492153,0.9082657,0.6408962,1.9055514,0.22152345,1.7390435,1.2173635,2.3487182,0.6120076,0.47151488,0.088775784,0.58039546,0.5732289,0.44211438,0.0073559936,0.4006276,0.5598417,1.4166361,0.018121215,0.5681325,0.72817224,0.23637198,0.27268118,0.6146584,0.62310416,0.22937302,0.41053832,1.745963,0.0026762742,0.76998687,1.4135909,1.5964174,2.5789096,0.0010351925,0.06593706,0.5283152,1.8583479,2.178385,2.7655401,1.5057095,1.8109384,0.03004978,0.05414336,0.9333989,0.033750452,1.7395333
626648,0.49283752,2.4608011,0.8989819,0.43684584,3.5704339,3.0914614,0.123886794,1.2299708,0.29343322,8.908919,0.07893448,0.19992371,0.014598204,1.3491415,1.0187402,8.463348e-06,0.0065344875,0.59956336,0.106878385,0.24579827,3.4035835,2.0526385,2.9266393,0.7662366,0.0019487905,0.16391298,1.8996851,3.9085338,0.53910077,0.17784286,0.17088743,0.18751426,2.3330197,0.013576227,0.011694309,0.19886431,0.7512253,0.9905128,1.789175,1.0607555,0.20044027,0.046542652,6.339411,2.4853554,0.2816618,2.0513282,1.7196938,0.5452268,0.6738558,0.13755366,10.15806,0.45055076,1.5028666,0.15940748,0.0123841595,0.6655488,4.1028986,0.018177811,11.286112,19.257114,0.5451652,0.28608543,7.725493,1.8741853,1.2191737,0.00026759255,2.0214481,1.918606,0.9353343,3.6211617,0.44720685,0.02651054,0.41715825,1.900465,0.024698287,1.0413418,0.40271798,0.93893325,0.25313818,0.14017779,0.088476114,0.070664786,0.3280335,0.5228956,3.5196342,1.11752,1.4582589,2.2550275,2.0160484,0.47188118,14.927639,5.180827,3.1538594,0.086791344,5.014814,10.509644,1.0724517,0.026981944,0.12990807,0.32753405,1.8121109,2.5847898,0.30988675,8.772139,7.3704605,2.7135046,4.404452,1.238314,9.03712,0.23138045,0.020624978,1.8525438,0.122320004,4.741692,34.7919,0.9192626
627549,14.056728,0.003397485,0.41711167,11.276457,4.0918074,40.561016,131.26048,60.258648,20.883053,62.47108,85.13164,127.10112,1.8118141,536.9357,119.18388,206.99258,4.3288913,2.0656025,4.115163,190.49916,29.483475,106.24338,67.89964,135.48148,18.268291,291.09363,29.783405,228.09502,174.6085,0.540063,206.09048,20.451118,8.996331,75.534195,240.95847,296.4047,32.734966,129.60606,187.20973,37.231625,4.04711,0.89088124,0.46138665,5.4145546,123.900406,42.73603,3.1870284,52.830265,4.4670944,23.192469,74.483894,441.694,42.9988,9.650121,24.619034,14.126031,9.729206,56.852097,0.27847788,124.5463,9.354387,5.795897,299.9393,17.116138,93.90966,266.09167,14.308488,4.293306,106.54942,3.3926945,13.184027,10.981333,173.24174,285.56854,69.97009,172.65419,255.33737,270.2064,155.30325,49.97375,47.119415,2.5176985,51.029243,53.890106,36.092133,148.05649,21.225697,104.50849,27.23713,104.56272,79.80743,100.57237,43.605083,18.527494,27.98426,16.924788,95.80144,305.47897,4.6809325,107.33503,64.8585,100.29074,120.075195,0.18107721,5.772078,18.899279,18.319141,120.69874,594.5283,85.99235,41.397583,6.9808784,23.728289,6.7693877,75.63903,90.96541
627852,0.20779382,0.11940927,1.5632979,0.98505116,1.1282644,2.7370393,0.14519387,3.1281104,2.1480048,0.52494603,6.921161,3.2516537,2.2880635,7.86578,7.3918037,6.61122,0.0047761155,0.1465698,0.67755497,7.9176493,0.0023753347,3.781849,3.4162807,1.8408728,1.4744959,11.650234,1.2157409,7.3381095,4.0961967,0.06209181,4.841235,0.050161116,0.060596567,1.385078,6.6409335,7.397465,0.14015627,1.0020562,4.489082,1.1541826,0.5768549,0.6376245,0.21198238,1.8840896,0.6100584,1.1469363,2.2659264,3.834183,0.0068279104,0.36018372,2.5477102,6.1082554,0.005721021,0.2131669,0.16624144,0.7378412,0.04144898,2.383642,0.43371657,5.0829754,0.4277459,0.31505373,6.7039504,0.5312431,3.356415,3.6321454,0.71623117,0.34429085,0.31263143,0.23666751,0.3384381,1.5814071,5.052629,9.046265,1.6635685,5.7717366,4.2857475,6.2480726,4.0951996,0.04901049,0.7810989,0.26484773,0.696786,1.567803,0.04373147,1.2335606,0.4262443,3.5172963,0.07791581,2.2499793,0.07856663,4.966215,4.5463004,1.148952,0.24692994,2.800883,3.4682379,9.865591,0.02630116,6.9969883,0.52696586,2.37537,2.2836654,1.3637149,0.50626624,3.4358132,3.4783852,4.9255795,13.800657,5.836635,5.142913,0.2768059,0.44812506,0.04145138,2.1745026,9.443053
628248,2.1359134,2.9153714,1.3990526,0.27917287,6.2262297,2.6383195,0.88246626,1.8243603,0.31691808,4.0493245,0.55956495,0.08925554,0.18463726,1.5276372,0.004481619,0.8253508,0.08091143,2.0237565,0.020817205,1.2952831,1.5904446,3.06333,4.05344,0.33566058,0.13231671,0.7989309,3.0812414,5.735696,2.108144,1.4946423,0.010005234,0.25035512,2.359232,0.037213333,0.5589,0.8099844,4.877336,1.7915508,0.23266114,0.019007474,1.8285004,0.013887388,8.40226,0.027351994,1.6897941,0.14863472,4.730518,0.029673595,1.4521248,0.21643506,12.167912,2.446569,0.3041741,0.045713786,0.7535177,0.19666755,6.0643153,0.85832286,0.53528136,6.853203,2.0439224,0.42721647,6.9209104,2.0042024,1.0469098,0.53990805,0.01520177,0.1452296,3.1526926,0.7165728,0.40755102,0.10090642,0.0050615724,0.28473294,0.09688825,1.5127194,0.007823386,0.14977719,3.7461803,2.860187,0.3213105,0.89964676,2.4276056,0.601888,2.208404,0.007367439,0.45422405,1.7581122,0.4551014,0.30521214,2.2003226,0.0012126019,0.008951299,3.040082,0.15302579,0.50571245,6.4317207,2.1571352,3.3186963,0.66064656,0.37934873,0.6742193,1.1646712,0.4352628,1.8079741,0.071266286,0.770288,0.25875303,1.2384554,0.5205439,1.4832982,5.533695,4.544578,0.9582602,9.7587595,0.031424608
633847,14.692793,19.180258,6.513629,4.271974,26.130823,14.33184,3.690251,13.10283,4.827025,38.751186,1.9476087,3.4875457,1.7222996,15.27688,0.00013864119,9.153577,1.6515969,20.539526,0.5054954,7.53773,11.362042,10.403064,14.277692,5.692339,2.6887758,4.448071,13.812954,27.161573,5.0129857,8.192433,1.5269572,0.7152692,17.93184,3.1162674,0.8536182,3.8381472,4.043297,2.9570715,8.631724,0.17319578,2.0241125,0.5540989,41.067566,0.67157924,7.209711,0.75402683,13.084905,0.008283488,4.2698517,3.0275066,53.581795,13.79559,1.5091897,1.0325475,1.158432,0.84998417,14.219793,2.5576663,14.936292,42.092186,16.476456,5.748649,34.587147,26.49065,6.873085,8.120488,0.02187028,0.16327007,6.0980067,5.25819,0.041059345,0.11434693,0.9941601,1.4831626,5.7418303,6.9382453,5.2159476,3.590265,8.525586,12.9113655,1.6281095,8.381202,17.45064,15.951316,15.511753,1.5222223,3.2459502,18.98764,7.2431083,0.096622,22.94652,2.5710583,3.599532,8.761448,15.261005,14.602954,4.117775,0.5218069,6.953161,1.48029,0.92135906,0.020164158,0.07271031,12.557832,12.626883,2.4671912,0.10016301,0.012849257,10.653886,2.8678958,0.013994373,1.7364242,8.026884,10.100438,61.59583,0.24174559
634748,7.3029976,9.703055,7.3148603,6.755817,12.756265,8.336498,7.4124365,7.812896,6.1559253,17.577217,4.4835277,3.1754434,2.9966316,7.397722,1.3376673,6.749971,1.9783844,7.5079646,1.5740925,5.700178,1.1170462,6.9517374,10.754148,6.026031,3.4360712,3.8554738,9.747649,14.048792,6.0785084,6.0434527,1.7477641,0.73493207,8.283029,3.630698,4.169193,2.0142334,5.9022045,2.9285054,0.21178608,0.2091782,4.644337,2.7520928,14.919261,0.03499278,4.905745,1.1044496,9.25476,0.61557126,3.1033437,1.9456099,21.239956,7.808843,0.08794747,0.097396694,1.7641532,1.1609052,13.906253,5.7657123,1.6998944,7.347883,15.198348,5.2309303,23.833746,11.275305,3.485847,5.3608193,0.014382039,0.45427412,3.1516907,0.15240559,0.42912358,0.6066387,0.15402147,0.067082234,0.17121492,1.1127791,0.35049352,0.2868305,6.640269,4.885272,2.960595,4.7666574,13.981592,8.933564,11.375648,2.572414,0.006773517,12.46412,0.010358452,0.79109347,5.894994,0.4947196,0.3301757,2.8333144,1.3789183,0.8837727,5.5409484,2.3799415,3.7860646,1.5496624,0.049122438,0.032278944,0.015116047,1.5142262,13.321835,5.9272466,0.261253,0.16299924,0.14882235,0.04368892,1.3295124,5.868002,5.9941664,0.5875067,36.543766,2.4351969
638049,0.42782912,0.00019565964,0.8852007,0.6803693,1.2415168,2.797031,0.8014444,1.5501648,2.8129034,1.4524354,5.211797,5.053987,2.3756003,9.86929,7.105734,8.263808,0.09567947,0.018476916,1.3675683,9.469001,0.14905563,5.4420433,3.92318,1.1526238,1.6128936,14.333856,1.2323369,10.702072,3.8990736,0.011569239,5.1934195,0.40754318,0.02519844,1.9695009,4.6353574,2.7021062,0.06345107,2.0123978,6.1038566,0.53136456,0.7057053,0.50482345,0.048202835,2.2324135,2.2617972,0.48512843,0.18549895,2.443147,0.00539081,0.027319364,3.5016422,10.970192,0.06887017,0.023736652,0.0026174774,0.6030704,0.41306552,1.1359301,0.00069217046,0.73686403,0.03301216,0.02233265,5.74829,1.0419912,2.0438488,7.8753366,0.054233383,0.014272896,0.006183366,0.0019956527,0.7102262,3.3325965,3.8167665,7.343435,0.7943159,5.980928,4.3989778,6.4953594,4.169887,0.0013405101,0.66483516,1.137262,0.557603,1.8324609,0.3168881,2.4324086,0.7227216,3.9375293,0.0024615503,1.8853412,0.51531416,2.3724456,2.0952764,2.034078,2.521588,1.5927107,2.3400521,7.4897676,0.0030205965,5.619891,2.7520158,3.8260343,6.608465,7.602247e-05,0.3939408,1.9855086,2.549342,7.2439013,12.953091,2.2249017,6.8836346,0.6006852,0.3173562,1.1098729,0.8979215,6.589258
644044,3.226822,11.518744,3.0422819,3.8979485,2.2368255,2.9147356,1.0565993,6.013861,0.1466712,13.558818,0.17633453,0.41339105,0.0015686521,3.4277747,0.6507732,1.2252941,2.535161e-06,4.705075,0.7008698,2.9042997,5.384743,4.9286275,3.9852908,1.7994269,0.010824377,0.3110514,3.1040206,6.1071453,0.62457883,1.2557491,0.26135585,0.00939216,5.772587,0.61151534,0.48001254,0.4651117,1.6369946,2.1061988,4.567165,0.7005747,0.20739567,0.079755016,12.278417,0.70823556,1.7115588,0.27069598,3.695256,0.004961591,0.56508243,1.1668214,16.456152,2.7697253,0.32964858,0.057646733,0.01387837,0.24922265,8.658795,1.5467838,7.5872083,16.119497,6.0768604,2.0092986,13.549727,7.0962787,2.8369098,1.4100238,0.6294703,0.09680812,1.6185544,1.3387386,0.5144159,0.014013827,0.39950517,1.1341015,2.4327786,3.8082502,0.94059956,0.8857632,0.8736224,0.90528065,0.13379666,2.1538389,2.9739485,2.4522097,5.8238616,0.0043858048,1.6381088,3.793437,2.8832855,0.0002082245,6.655618,0.27431476,0.5316864,3.3390844,3.18819,6.977501,1.7110469,0.16756897,2.8894749,0.10109797,0.21090974,0.0029447235,0.000705993,4.7683535,6.6879063,1.4462428,2.1905978,0.16746229,5.444174,0.005945712,0.6284133,3.4316068,3.9309332,5.76984,26.907495,0.5404247
644246,0.275501,0.30305883,9.761998,4.2640157,4.2840343,10.680076,5.107642,14.372034,6.961731,8.321285,23.32941,18.86164,9.298822,74.76948,34.308727,55.035233,1.4157642,0.13072813,3.6065118,53.355476,5.6486945,28.042732,23.365934,18.811743,8.272988,66.390755,10.356838,48.556225,32.130863,0.52679104,46.078194,2.9034421,0.03458757,15.792213,53.330578,64.22924,0.08332421,24.210169,42.968506,4.2042284,2.3599834,3.966087,2.9245307,8.697809,7.8023314,6.2687,6.6175933,18.68788,2.1840715,1.5703726,19.427156,66.06267,2.1330407,0.19745402,0.2509913,1.1921867,0.43161485,9.898832,1.7589538,19.702026,0.05188005,0.7615348,49.2993,5.1482453,17.456852,42.49266,0.021470422,0.002195581,6.538012,0.035419565,11.494213,6.518297,36.093296,50.330593,16.58581,31.903263,57.049084,51.790707,29.437737,0.22738636,9.252461,2.17722,10.359851,9.175444,3.874864,22.843863,2.6705902,28.344528,1.4057283,16.041557,7.1005564,18.80936,10.037624,10.2586775,3.1950672,10.956843,23.431717,70.60711,0.27176335,29.439604,20.116322,27.153362,22.844067,0.51310706,0.042558603,6.6554437,22.664167,34.25186,93.444565,29.374943,25.946556,0.03241947,5.8861847,0.3108775,14.360173,22.62605
645450,8.352834,7.6524763,3.7910743,1.5186492,13.708027,5.509979,3.127202,6.0085545,1.9158096,11.233787,1.0846231,0.65955395,0.95104516,5.6078625,0.009230669,1.9889202,1.5899847,6.0259337,0.5657492,2.657989,4.1369286,6.1070933,7.878803,3.1927671,0.62937564,1.535934,6.668641,13.250783,2.7297804,3.1624029,0.37362048,0.14181131,7.9029627,1.1816416,1.5148408,3.8949332,4.3437424,3.9717507,2.9736345,0.002325402,2.3575401,0.22406386,14.781845,0.4048364,4.463058,0.2301218,8.725349,0.08532139,2.5189977,0.53470874,22.902124,6.37307,0.20341195,0.407161,1.101453,0.22399631,11.626112,2.2195153,4.927513,14.287158,6.401135,2.0764594,21.380068,9.1132555,3.6217244,2.7931793,0.20204395,0.019802481,2.8579612,1.5137202,0.23487483,0.023666948,0.015529065,0.018272504,0.22368854,1.026034,0.38914686,0.7377589,3.6836085,8.762659,1.1127998,2.2322037,4.6547065,2.8356068,7.855233,1.8005463e-05,1.7808064,5.5359993,1.6250775,0.074379764,9.010639,1.3076421,1.5358672,2.0908177,3.7645364,5.933598,4.8965178,1.167612,3.3922114,1.1672812,0.32115886,0.005805854,0.12267077,3.649738,5.4619975,0.8129103,0.00024545274,0.018747242,2.567838,0.24195889,0.37550637,5.3398037,5.3054442,4.09136,24.20549,0.0018118239
645551,0.03440367,3.0050957,2.5843847,4.2284126,5.8641367,7.258994,1.042138,11.968109,3.9745517,0.64529914,23.88344,8.516596,3.9353316,18.623066,23.468178,23.697971,5.0224695,2.6251118,3.1533995,31.922943,3.5988765,15.075316,10.538546,14.885696,3.4157386,25.53641,3.9517612,21.590473,24.298302,0.5989288,24.663965,6.7367887,1.7128648,13.264554,44.98112,49.278156,0.04780625,15.114123,17.56596,13.043177,0.05506337,0.029362498,0.29678747,6.874295,0.022070583,10.973683,8.990607,10.174742,4.733412,7.071086,12.634691,7.836422,0.022930976,3.1144176,1.9589877,6.6561894,1.5766702,17.71697,4.419993,22.031029,5.242441,1.9776826,42.84895,0.45752978,37.095245,3.9306998,8.481295,3.5686576,19.964468,10.747005,4.15575,6.5476255,35.941395,46.492,16.523268,25.738474,26.085451,27.907156,25.938614,11.816798,14.7339525,2.992363,2.65622,5.235133,3.347193,3.1561742,1.8294213,7.9989305,0.061536953,8.31978,0.06968369,18.11484,9.957073,2.085463,1.0894321,1.7269629,13.688076,42.912636,0.022228057,16.763865,0.042624254,6.824958,2.2545872,8.081196,0.9551764,15.425934,3.97296,16.055935,53.759563,3.281149,4.6462846,9.151894,8.687499,1.2158151,15.422766,29.756395
647858,0.13215686,0.25311607,4.5701866,2.7401645,3.4326324,3.5846915,0.27415976,5.3109646,4.6667404,0.43657476,7.609083,6.7158513,4.1247416,11.57933,12.147651,16.136232,0.12227886,0.6875627,2.0147023,20.278162,1.200721,8.861991,6.8211055,5.9513783,1.9935507,18.604752,2.5009975,13.269466,9.144718,0.15575169,10.276839,1.1647942,0.1569222,3.590973,15.924391,19.069237,0.9852129,3.923337,11.576043,3.2055702,2.5190916,0.21477541,2.2618372,5.5975065,0.4751216,3.4478066,5.57674,6.578369,2.2611582,1.3821583,8.7710905,11.188446,0.08135339,0.0009117595,0.728118,0.9403023,0.12904789,5.9751034,1.388652,7.738125,1.6272763,0.80843025,19.781513,0.25243875,10.1789255,7.166674,1.2343802,0.32397458,3.0698612,0.34033602,2.7436419,2.8187165,12.79309,18.509474,8.622126,13.016101,17.198687,15.955058,11.020837,0.5912962,5.1692185,0.118816264,0.8769607,2.5880938,1.16523,2.438319,0.82456553,6.7291718,0.03116524,3.7451282,0.12824841,4.3258147,4.3564243,4.5288396,0.1449609,5.644913,8.272481,19.092749,0.13571538,8.837052,1.6080188,5.478489,2.524366,0.832431,3.2389786,8.510954,6.867403,8.104269,30.331964,9.322943,11.686197,3.3655908,2.7414684,0.38532665,8.347274,13.972989
654350,0.24006578,0.018202104,1.9613453,0.7203523,1.5748997,2.417788,0.572322,2.6650708,4.0880165,1.3553698,6.592744,5.076152,3.554523,13.793403,9.884201,13.346378,0.48712832,0.43131408,0.66577494,10.7160225,0.70735884,5.420569,5.5293417,2.2664063,2.583422,15.345368,1.7124438,11.278498,5.9001055,0.22592129,6.798904,0.15666811,0.055353947,1.4891413,6.5475206,4.851925,0.008582012,2.1744103,7.600728,0.049405497,0.6130185,0.5427065,0.8545318,1.5554651,3.0572186,0.18631151,0.63074994,2.5946252,0.281421,0.3341427,4.043508,15.32603,0.03439371,0.0037666738,0.051993888,0.23150255,0.46255526,1.4349189,0.47411087,6.2515106,0.008999395,0.27047393,5.8257,2.3600338,1.0929861,10.68314,0.09742581,0.01187273,0.036991198,0.08215222,0.5534491,1.9395102,5.2401195,9.084641,1.2636833,6.6051326,5.087356,7.3250856,4.9539037,0.27847844,0.7888259,2.171007,0.5696705,3.043433,0.28010035,2.9829614,0.15802856,5.3578167,0.009037139,2.7081103,0.53150797,4.692166,1.9699697,3.1170986,1.1559478,1.9214056,3.620435,9.352904,0.022373071,6.726597,4.031272,5.4258814,7.188614,0.04937712,0.070063844,0.43937016,3.4299579,8.666177,20.53504,6.0625095,8.423177,0.43779373,0.82398045,1.4480284,0.49336606,6.0232325
654552,0.55366045,5.8288097,5.588776,15.874412,12.719097,36.93739,30.947836,52.167618,17.56878,7.93234,60.077698,72.42465,8.188038,166.69055,84.273735,117.84218,1.1406221,1.2750092,9.022817,134.39043,32.17168,73.5464,49.078438,88.61186,23.54895,155.45079,28.930592,139.31429,111.83782,0.4817699,119.95131,25.251427,0.0011328629,54.983612,135.59993,173.73596,3.5814846,74.07463,115.75516,41.813652,7.997115,0.0802735,0.0872442,18.288973,26.539389,29.90514,14.919935,40.626606,3.897141,17.558655,50.594753,125.02098,3.1438367,12.310085,0.7987527,22.042852,0.011685442,51.69089,5.398601,77.35407,0.0608231,0.11486471,172.6664,0.52527577,82.97086,77.276924,0.16448686,0.5350039,72.390175,12.928694,16.072998,16.276571,126.268745,188.31532,52.70887,93.77616,160.55775,148.28316,93.87312,47.385902,44.731815,1.2656175,22.015244,37.292583,23.575531,34.233696,9.773439,30.37528,2.2080002,62.11919,6.049212,70.515495,47.903435,2.8649423,2.0170383,13.043754,80.60449,192.40353,0.18477213,77.58182,6.554779,24.049017,23.303783,8.110187,1.54478,46.416626,24.37821,39.24489,256.35944,55.10535,30.085142,11.956868,27.634565,1.8450001,68.30749,61.919735
654754,0.35466376,3.6603503,17.842712,16.514341,8.71176,25.50698,9.825144,40.474365,11.345462,9.095095,46.064827,51.93409,14.518607,108.85854,57.73345,109.0475,0.6149552,0.00026553532,8.320446,94.66755,11.85029,51.00233,40.70133,49.06002,13.799378,106.72988,18.774742,89.45321,71.38799,0.62390614,97.40192,10.582648,0.1568403,31.14682,106.48584,149.02348,0.5293001,44.334106,66.91311,16.922861,3.7817764,3.0274959,2.0184388,16.150484,8.990301,16.785492,12.776646,38.26775,3.6866045,9.1911,36.49758,97.34168,3.5007179,2.6981342,1.5133282,4.8706555,0.0075141345,28.705515,2.50073,37.20692,1.1897225,0.001987497,100.00605,2.8777921,38.86606,55.528538,0.007435553,0.015797844,18.937956,1.4181788,16.769535,10.085081,77.1616,104.23935,30.396965,54.61522,97.10991,80.413414,54.016087,9.340026,21.276302,0.17710884,24.460266,24.328905,8.982522,33.867313,4.676318,29.548866,3.4053571,40.52087,8.682751,39.72655,25.32701,9.336627,5.434764,15.205415,47.677975,135.10983,0.0009396539,50.876904,22.171328,46.528748,38.11571,1.0160539,0.0743599,16.215504,24.612236,40.846756,171.45775,45.573803,35.928905,4.011179,22.327278,0.07339744,34.629517,46.151634
656253,2.2995503,8.908124,3.5598567,5.7103295,7.137234,10.519208,0.37533394,6.14645,1.4133029,29.09784,0.1422704,0.18456978,0.15011084,6.080293,0.43594092,2.4907968,0.032034222,5.665792,0.11429558,2.029865,6.1904616,7.3911476,6.5914288,5.699816,0.04192371,2.909752,4.4274163,11.379844,1.7295763,2.241274,0.45803243,0.003984188,6.2003565,0.3761725,0.111410715,0.33548233,0.73840606,1.2427644,8.664528,0.6158302,0.31248695,0.96314424,12.75979,1.9716054,0.9506843,1.4341542,3.3647418,0.008392471,0.103640184,0.9283626,21.392738,3.2932923,2.7520542,0.011316016,0.18106773,0.20251042,9.077561,0.6178738,16.320625,30.323456,4.0717864,0.4054273,18.828897,7.4286056,1.6195337,0.5586185,1.633366,2.1167622,1.0229084,4.2512,0.09829701,0.25948575,0.3244273,0.82556,1.2699068,2.7909377,1.3528471,1.2241268,1.1759995,2.2166803,0.5728746,2.1266406,2.7020874,3.862,7.1315794,0.028735422,3.6720762,9.697168,5.376307,0.0456054,34.28075,5.310157,6.6509533,1.6131362,9.952679,5.569648,1.6936737,0.0039888923,0.8372271,0.08343173,2.7766702,1.9437348,0.9569043,8.476356,16.05244,8.918946,7.2124615,0.08715672,1.607127,0.08056511,0.038447704,1.6892167,2.5480008,11.138168,60.21534,0.16269088
656657,0.0441213,0.00012231634,0.09854759,0.008824683,0.03234399,0.033864472,0.0042346446,0.0013764423,0.024222113,0.03281858,0.029169718,0.0044052317,0.008696836,0.008519818,5.8125835e-07,0.004548158,0.00049902766,0.07667014,0.0176105,0.053367462,0.08877173,0.051574945,0.0036837156,0.01152182,0.0035755017,0.007571025,0.038311142,0.0008671269,0.00091628253,0.00039014957,0.0010288297,0.011466334,0.0044739773,1.0528645e-05,0.09297862,0.23797576,0.10291054,0.11264505,0.21172108,0.22222726,0.013645501,0.0012199086,0.01834777,0.0039573857,0.009334185,0.0018520934,0.018931663,0.011376154,5.8792523e-08,0.0059910044,0.088759124,0.009755152,0.11254241,0.00047057035,0.00096492976,0.011650829,0.13969836,0.00032965952,0.1630284,0.15015231,0.121156745,0.026055124,0.01677608,0.00039766138,0.26538894,0.046807587,0.08651363,0.0050143884,0.0011528252,0.0074107284,0.01862187,0.0019394187,0.05357513,0.092355,0.39807072,0.19332473,0.047518827,0.1288467,0.029949773,0.29255596,0.04226132,0.03277866,0.04208399,0.009094817,0.122884296,0.0069958507,1.0667329,0.005710981,0.0188095,0.030965153,0.036875,0.002070891,0.029812379,0.09437712,0.009509893,0.32566917,0.104621194,0.0002584425,0.011916479,0.0022526288,0.011458988,0.024970958,0.00012229063,3.404693e-06,0.0761653,0.07012819,0.00038712972,0.00042570275,0.114642195,0.026612151,0.075503476,0.07959418,0.06106337,0.05751352,0.057616,0.35437956
657659,0.018760026,0.004577372,2.047024,1.2421962,1.5430446,2.6975234,0.025089314,1.5848471,2.514464,0.08206837,2.414708,2.515273,0.6735239,6.43025,5.379692,5.145753,0.23836462,0.014643803,1.226822,10.358574,1.0727379,5.0966797,4.4862847,3.011265,1.1544377,11.557653,0.8967738,6.9370646,2.4981284,0.023140479,4.1488676,0.42202976,0.07483485,2.3822317,6.542906,4.9606357,1.1492391,3.0090356,7.6879783,1.2150223,1.2101587,0.004801399,0.86590976,1.3912306,1.8102692,1.1200645,0.4254379,2.1471364,0.6388458,0.44124803,1.9350307,7.1347175,0.00034498126,0.0215975,0.07309369,0.55791724,0.061461154,2.1254663,0.49862653,7.019391,0.011093766,0.0025864625,6.072518,0.46118447,1.0075325,4.124921,0.23019639,0.52426296,1.7541426,0.0050520315,1.2104163,2.7169645,4.652314,6.681191,3.5742168,8.408197,9.11146,9.401056,3.2862878,0.20131761,0.7617588,1.0265791,0.7009593,0.2733258,0.4019077,1.2405851,0.6321252,3.722418,0.0033890095,2.000845,0.33615837,2.748829,0.980913,2.685119,0.3104692,2.0248432,1.5492833,4.8362107,0.002834228,3.8132334,4.1377435,3.5337343,3.512938,0.09371833,0.07270663,0.8661728,0.145358,4.599015,8.402452,6.143775,4.3627687,0.02396929,0.032145303,0.3268982,0.7389471,2.9142601
660951,0.22982971,0.5013507,4.400527,1.9577389,2.8508127,3.4622395,0.30808735,6.426235,4.6335864,0.8478446,12.812568,6.57474,6.7328053,11.781179,12.509317,19.537472,6.867316e-07,0.03757413,1.6311363,18.691298,0.4584414,5.1956615,6.5180583,4.3681164,3.000775,19.633623,3.0668054,14.175562,9.4499235,0.37720284,12.132419,0.5736687,0.19718724,3.7097175,14.4296465,18.83042,0.012323052,2.2627547,7.6419787,2.1351264,0.6809593,1.0032898,0.54831785,6.229132,0.46697867,1.7915249,3.4018757,7.669325,0.3751026,0.46809202,7.1002173,12.167932,0.038738437,1.2179257,0.1202492,1.1054652,0.00077106315,4.117865,0.48856834,1.8475306,0.88695246,0.50182873,12.584947,0.7179939,7.933079,8.786644,0.40870982,0.03439069,1.1318971,0.31381127,0.3545093,1.0913725,6.100416,12.091605,2.5711768,7.1630607,6.4459596,7.186223,7.1723924,0.115605734,2.48791,0.05355176,1.9751145,3.565954,0.73698306,2.3632638,0.6377372,4.568243,0.009039108,6.816384,0.48924783,5.253484,3.5022893,3.4279587,2.051492,3.6130981,7.458616,22.968943,0.085532255,11.386483,3.200847,7.8735194,6.408583,1.5278565,0.26185083,4.0119586,8.598111,10.772823,21.9633,6.3575106,7.7012515,2.1258883,2.8619397,0.13750158,2.556507,8.516758
662551,53.08776,60.366566,41.015488,10.458592,79.62397,40.981384,19.501682,56.079712,7.4769173,146.92055,0.6794499,6.7030087,4.7813935,51.69878,1.1068704,36.853607,0.21110757,48.38852,0.017708225,17.478498,66.007256,13.262151,25.992895,17.627789,0.09186709,7.728478,38.038258,84.09695,1.3549318,12.0165,0.7188244,0.019652853,39.652916,4.0472207,0.6505588,7.044826,8.170134,4.7544546,45.21737,6.57439,8.958911,0.008014349,116.26361,3.5579634,12.345297,10.262731,27.834305,1.7604434,2.3413267,7.392028,158.03543,47.062363,5.1928935,3.178124,5.3582935,2.3850622,41.608494,2.2188632,82.74604,179.44893,35.31537,14.940317,70.0023,79.4275,9.002455,35.85662,3.764765,10.631166,0.6701659,39.602787,0.19072083,1.3315824,6.2968483,10.148049,21.937645,28.336262,22.88884,18.473185,11.073407,44.274033,1.4863787,22.8153,26.991114,26.478851,48.026108,1.599493,18.469828,71.80242,31.152067,0.55521226,85.054504,6.624113,10.646545,45.526825,74.26331,74.22726,1.4836525,0.031643685,25.880003,4.7661805,6.2249627,1.3949164,1.442108,36.06376,34.51081,8.236896,11.298666,0.0045604184,23.886946,19.417435,0.18847595,4.46929,39.728615,37.47632,234.23112,5.660776
663755,1.3776197,1.6098366,1.0551792,0.33811444,1.9994783,1.0595026,0.53827035,1.1647214,0.38750017,3.5683353,0.18615904,0.046140447,0.16981356,0.6318245,0.14578927,0.18346271,0.0739042,0.5426615,0.08312705,0.24275808,4.203406,0.38876992,1.3737493,0.60786587,0.06705007,0.071466245,1.1760334,1.465809,0.29974002,0.085715026,0.19484474,0.11421982,1.0588747,0.109851584,0.15563299,0.19815357,0.37267688,0.21406747,1.1586388,0.31088972,0.16886261,0.4931236,6.0126085,0.005945744,1.1769041,0.087244995,2.3455353,0.010044244,0.56076294,0.15048273,6.9061813,1.687541,0.033204474,0.4632216,0.13117309,0.03721555,3.4891114,0.021242416,1.2264262,4.5066986,1.4570649,0.06651641,5.364904,1.714922,1.6291698,0.14946829,0.07764912,0.15680993,0.60585004,0.5207843,0.3213152,0.57056767,0.77235615,1.4042779,2.3097723,3.294067,0.80545205,0.93849134,0.5848198,0.32621136,0.10920947,0.12191309,0.5220556,0.15420894,1.4817228,0.068865284,0.2474852,0.16537713,0.3126327,0.0039483095,0.42584607,0.015107679,0.0022817275,2.195297,0.25565472,0.32512814,2.4622822,0.14979947,2.2392743,0.0982954,0.23811562,0.12089311,0.7223141,0.53219944,0.6967364,0.009226598,3.2338006,2.5692954,0.10007626,0.3695328,0.018313875,1.122003,1.2479609,0.26975086,4.8995094,0.047265515
664757,0.22346027,3.5762377,14.538103,10.577198,6.9959493,19.442467,4.3982296,27.631271,9.086015,4.6937466,33.618423,33.00279,12.419955,72.03212,41.31476,77.45385,0.032036014,0.00019848616,7.190245,74.88862,11.795661,43.626423,29.092716,40.082085,11.616195,78.37474,13.593409,57.58995,54.085117,0.5044062,75.51722,10.052546,1.058366,24.736103,77.00202,99.02463,0.50266266,28.48142,49.14178,13.408387,4.1225214,1.1700821,0.45414284,10.746922,3.9999866,9.229615,9.393456,23.029552,1.5526718,5.931073,24.626616,58.8498,1.3543974,1.5602567,0.18189958,2.315625,0.16775496,23.38026,2.0046506,23.336412,1.8791869,0.06284409,76.096565,1.9908824,38.255096,36.10271,0.28217736,0.004980132,14.706573,2.8261468,14.17312,9.7658415,64.79591,82.42344,37.22626,47.92112,69.375015,54.02376,35.080566,9.243195,17.863487,0.0557256,19.3662,18.18651,6.1696496,24.91319,5.568084,19.348036,1.664931,20.776287,2.6798794,27.660751,16.70646,5.227588,5.163786,10.472351,32.410007,94.08663,0.005636117,34.42823,12.426367,27.888136,21.786028,2.893078,0.25165415,16.643816,24.659054,26.449799,108.10081,25.367178,21.036728,2.4220424,12.863269,0.06643196,23.980028,38.155125
665254,12.259797,1.598167,4.1632257,21.695547,8.368622,57.241673,109.13173,81.92963,23.9015,49.25936,94.53568,138.54002,5.967922,485.21588,139.18512,242.53888,2.4706936,1.4619461,7.496184,226.51758,33.026188,119.88758,81.92803,152.24953,24.762411,313.16263,35.624123,252.13782,201.79237,1.021908,256.66595,28.936106,3.9011474,84.28824,284.85864,353.0587,25.94438,136.38454,188.59026,46.848225,5.4387536,1.9640663,0.23625767,16.795656,87.71958,46.001755,9.142792,69.42772,3.1717012,25.736368,91.64598,414.1257,35.622368,11.493371,19.977062,14.99678,6.9931912,69.31353,0.09940892,112.15574,3.3159416,3.583058,308.1011,16.61387,112.59397,268.31006,7.084429,5.393942,89.2952,6.294347,25.273293,17.896269,205.35548,322.5952,89.98394,173.3901,266.46286,257.98,169.09875,60.48278,54.823994,0.6331601,48.067787,62.16013,34.931526,149.40251,23.075686,100.62123,23.729237,121.056526,58.042576,121.03575,59.33189,14.19432,29.15152,16.835033,107.944435,359.3488,2.5828044,119.97132,66.141335,101.97757,125.413956,2.006193,2.3013732,35.906403,26.155184,124.92268,589.2877,74.10572,66.288506,9.278503,40.721592,3.2801087,89.39713,137.63028
667056,0.94221234,2.5371552,1.8409683,1.1000227,1.5602996,1.1848017,1.3289766,1.4167284,0.4296925,1.8635231,1.229783,0.028869802,0.43917698,0.99567574,0.010583123,0.026335305,0.22286804,1.2566844,0.025365533,0.79635847,0.9049976,1.4253399,3.843128,0.3708567,0.89959943,0.3080897,1.456216,2.1735356,1.1482723,0.42917567,0.0067117466,0.17907192,1.3731205,0.069567785,0.40303728,0.91346306,2.4605117,0.7055645,0.379219,0.15885629,1.4046874,0.5938183,3.3466117,0.09732859,0.39184934,0.036341302,1.4514626,0.031375766,0.22067258,0.33565885,3.413061,0.92124796,0.011267086,0.082324065,0.014729657,0.025769528,4.5871596,1.5426697,0.08921377,0.54909104,1.4244822,0.20868148,3.373409,1.019488,0.47813708,0.36580652,9.752739e-05,0.0031443646,0.5470008,0.19440366,0.06071913,0.046195347,0.14187692,0.026397832,0.69332105,0.013052179,0.08266627,0.0020131755,0.98382026,0.25957733,0.18486853,0.8480919,1.3970523,0.8621779,1.5029323,0.010486466,0.15804964,0.4796378,0.19341138,0.019949248,0.3657774,0.42922527,0.13356934,2.7067647,0.09117093,0.10664267,2.2102566,0.5417338,1.0065845,0.43941748,0.006306159,0.36352438,0.023038696,0.011875036,0.97279084,0.0048119584,0.4119292,0.22490282,0.0013302823,0.016052214,0.18781435,1.0903347,1.285049,0.6528363,4.874629,0.14070342
668361,24.081734,0.12926154,0.1738737,14.01564,4.7536063,59.999886,217.85294,94.45881,25.172129,96.53602,156.48653,210.85628,2.0218437,804.0334,182.80594,330.96405,0.6203264,0.44694853,8.529606,307.84598,52.328434,168.59567,106.49771,222.32579,27.92186,439.28693,42.325325,356.775,294.85968,0.27254823,335.80704,42.938858,13.7170105,125.933525,415.37695,516.35223,66.756836,215.97003,274.85852,68.76242,2.0826893,0.5909587,0.9809948,10.9479885,190.33891,88.00811,7.0998564,79.812645,5.804177,52.12443,129.96858,622.6607,54.81052,24.289536,38.62794,34.95653,12.688756,107.74039,0.08888827,211.93758,9.435015,3.62162,498.7467,12.301947,200.69461,399.8337,16.489153,5.2292314,214.05711,17.307487,19.281193,18.044954,316.55554,513.34894,119.387825,264.98428,404.21008,416.24527,278.02393,148.43205,98.218925,0.007338429,71.639305,105.144684,68.942635,210.17139,36.851456,134.7182,40.350082,187.7511,79.332756,198.34875,87.13,8.61456,33.519684,14.954653,151.57143,482.84415,8.415426,169.1272,69.029655,107.702156,165.2022,3.3793535,6.933604,50.044525,25.637564,179.49045,885.63965,97.08077,39.373375,20.221245,42.563835,8.004255,129.7696,168.03476
671855,1.0121574,3.1852226,1.1698558,0.165322,3.8719485,2.0585225,0.4620968,1.5193603,0.29116124,2.6640098,0.3621,0.03727827,0.15075766,1.2762537,0.6721301,0.041451845,0.04088132,0.68406075,0.00787777,0.72087485,3.7756126,2.0881047,2.508662,0.77132493,0.0027569362,0.511534,1.683011,5.395036,0.5087974,0.35235068,0.040255964,0.09335684,1.918401,0.025858473,0.03391203,0.35880584,3.032832,0.76334006,0.18438892,0.008486598,0.19804749,0.01814394,3.7431304,0.40919253,1.03909,0.5918694,1.648807,0.06597339,0.1901834,0.08327307,7.817731,1.472727,0.36400372,0.14368841,0.060021732,0.10028736,4.9754133,0.8649834,0.27851027,3.138616,1.0313387,0.23083326,4.98074,1.2517848,1.6749579,0.43365407,0.3104284,0.024448346,1.4568479,0.21941914,0.02822049,0.21638265,0.102559686,0.3659878,0.080222346,0.7245269,0.009795372,0.050793324,0.5646853,1.0024875,0.22775953,0.3799508,0.5414566,0.33489212,1.9143568,0.06389117,0.63163453,0.59637386,0.7807797,0.0866644,0.65949535,0.14965491,0.0066798087,2.7733362,0.10713279,1.4065459,3.9489753,0.81599414,1.706498,0.31541848,0.16669546,0.41066658,0.6449656,0.54489,0.7993156,0.051998466,0.3032804,1.5720417,0.06945385,0.5355486,1.5515897,5.7981105,1.2935674,1.1129901,6.939038,0.19447659
672756,0.17776635,0.10991971,0.23622864,0.2772552,0.16654089,0.0001270079,0.23408358,0.1602604,0.0006566524,0.1933708,0.2962674,0.0004205288,0.042266123,0.107310824,0.058840733,0.22111198,0.00025577602,0.34395644,0.059513148,0.57427186,0.072109394,0.26451042,0.6594592,0.010557777,0.0033367514,0.034663353,0.21094665,0.08467015,0.28124794,0.060243547,0.0018913795,0.02220876,0.5157272,0.11890872,0.06699958,0.005232741,0.7849975,0.13477272,0.029368361,0.060394064,0.3810263,0.00016429066,0.35881448,0.0015583057,0.47949302,0.010980626,0.34650278,0.13823208,0.0018487013,0.0022173778,0.4813785,0.17259751,2.9454948e-05,0.017357353,0.05173877,0.044379584,0.56965584,0.080105625,0.26166275,0.6104019,0.17889383,0.0059175533,0.4318138,0.039469905,0.06500156,0.0035812457,0.0014783936,0.005242801,0.032659568,0.031278566,0.0033282833,0.10267648,0.01348936,0.015740128,0.0136705935,0.0751832,0.051916637,0.06161786,0.09728618,7.235812e-05,0.0024189216,0.00092988793,0.38919207,0.011645387,0.1021416,0.025061592,0.084188625,0.22357401,0.009864959,0.058354106,0.053443428,0.17614533,0.5646355,0.8944992,0.002573018,0.036422707,0.52017826,0.036989134,0.3965754,0.074156806,0.07074105,0.06893278,0.018963397,8.175821e-07,0.29567567,0.025443293,0.054220155,0.5961492,0.26825127,0.013440696,0.20501098,0.48970896,0.4512432,0.0005062088,0.67352384,0.96998596
673455,201.82434,5.501264,17.22191,127.87663,35.21817,528.30133,1729.3448,798.2593,156.81815,569.6123,952.42755,1579.3044,0.5648405,5631.729,1201.1389,2250.1912,3.7923899,9.852981,25.575811,2114.2659,333.72406,1020.36847,606.293,1674.933,176.82149,3205.736,324.6088,2607.01,2227.13,9.752408,2530.8633,352.67825,96.95019,831.8742,2800.9607,3485.3,595.1451,1322.2164,1854.2369,605.0356,25.748568,2.240257,67.78533,47.596363,1399.4084,524.1011,32.848804,497.03598,2.2413611,316.80737,813.5805,4370.9087,470.13904,257.5333,295.93964,231.37059,99.48224,742.139,8.196428,1208.9917,100.43912,21.507917,3312.687,108.01629,1313.2686,2957.0774,146.52464,101.08008,1353.1354,168.89697,117.96861,88.762474,2095.3113,3437.184,914.6341,1748.9268,2568.4133,2676.532,1873.7755,1120.1304,720.49945,6.9094934,520.3489,768.2451,452.50598,1713.7273,235.53056,879.2737,342.93314,1354.9147,592.5379,1434.1876,642.55597,23.277494,184.79092,52.592552,1240.5748,3840.481,31.26946,1177.472,433.17468,743.64813,1178.1224,39.81781,27.003155,511.26404,114.07964,1173.2765,6285.076,536.9934,335.7768,147.70392,426.05618,10.652798,1167.2687,1476.2539
675661,298.25635,335.93204,213.00189,27.347445,407.96182,164.54417,108.59771,270.3377,21.756712,741.83545,0.3537472,20.79486,44.809544,248.74144,12.107384,168.88126,0.34556535,185.2397,7.5666,49.727707,357.52634,29.590239,81.65699,60.6698,0.016733067,25.343378,176.05952,370.99103,0.6053398,33.495514,1.1442701,5.7553825,145.43184,2.2014835,1.494969,19.531229,10.513345,1.0538361,243.207,61.601456,39.829807,9.998387,616.9665,34.43397,86.670815,86.63978,127.44007,22.453135,1.7741706,17.621767,779.1278,267.17685,30.46372,13.123799,14.947735,3.6323502,206.89224,5.119774,481.2823,995.31726,154.11304,68.179245,275.45972,384.1977,23.147234,186.36772,29.039507,109.18476,0.5988373,243.40556,9.643243,27.56636,57.494717,97.795586,191.87337,223.06654,187.19052,178.56775,33.58984,194.50185,2.5149171,100.0906,107.1986,72.717674,208.4746,2.9358952,121.33494,380.15353,181.18675,1.8595351,464.6423,44.609165,71.63679,237.43332,440.99704,593.61957,0.7493198,0.6858584,134.34749,24.356041,47.17608,9.6700735,4.401331,212.33675,127.469055,28.369667,80.678764,6.7322474,255.84439,180.51723,0.087952845,4.8484793,232.59514,195.3668,1172.1606,104.69793
677766,0.021437753,0.0033260968,0.001607755,0.33320573,0.04421259,0.8369937,0.46969244,0.21400774,0.7547427,0.42569143,1.5444256,1.0359204,0.2747568,3.0184584,1.5532928,1.0098513,0.018607996,0.05181852,0.2693738,0.9482609,0.086966746,1.2074237,1.088229,0.3269294,0.6855264,2.400468,0.06084877,1.8008287,0.38169923,0.0013658658,0.52431667,0.020581484,0.00015061954,0.22997119,0.3926288,0.0139999585,0.33274326,0.09970574,1.6983175,0.0020580566,0.5832914,0.0006760198,0.089512475,0.0060782842,2.4742787,0.0018941022,0.0919327,0.3551322,0.032830317,0.011516932,0.36111525,2.1143084,0.0016078744,0.011326976,0.011525543,0.14771782,0.37292597,0.4572139,0.011664035,0.82551414,0.20594035,0.13770925,0.43993926,0.0789133,0.0012029759,1.8566254,0.2631881,0.08668893,0.28095722,0.48297918,0.40678668,0.9388408,0.19476235,0.7003259,0.4093815,1.5878692,1.788258,3.2727852,0.42269883,0.48333216,0.021684282,0.15573417,0.91687447,0.5177396,0.07665093,0.033827454,0.6539388,0.22045575,0.09018983,0.09431447,0.7004357,0.61270523,0.21376263,0.08631231,0.25789636,1.7086383,0.36548012,1.104936,0.03497891,0.30341095,0.7392548,0.054311693,0.71065915,0.006634809,0.31021333,0.34005088,1.302065,0.1342823,3.5525386,3.5281594,1.7848294,0.015118275,0.49647272,0.38607758,0.5507405,2.7949264
677968,3.3236644,1.2656674,16.526966,17.393156,4.329342,32.555252,29.344332,50.119125,12.414257,21.244421,42.47689,65.54603,11.408428,231.16595,70.636856,161.57758,9.85947,4.4385834,6.731314,124.403275,9.114652,58.159157,46.195145,63.933975,14.539692,162.42062,18.307966,117.258804,84.541214,7.6615486,144.788,8.097892,1.0273663,29.853668,137.33896,200.96342,6.9585433,40.59221,95.5718,13.864632,3.7119033,13.866812,0.4767289,13.617758,31.27855,15.388323,9.969248,49.220665,0.13449866,6.2241797,45.83984,201.85797,16.492355,3.1041343,9.38207,1.2366012,2.7229705,28.258041,0.6125503,39.738503,0.8431079,4.009555,130.75777,17.652506,30.372936,137.56667,8.121949,6.5596414,12.30468,0.06402877,13.2991295,5.5350513,85.58147,127.16538,33.690643,60.631306,113.547516,96.728035,57.98318,3.4997795,18.184217,3.8963954,34.711216,28.098454,7.5575414,83.8746,6.4698915,56.51517,13.953268,57.99117,22.914087,56.93156,31.828938,11.193336,20.736183,12.7156725,67.03072,222.18068,0.56716126,71.61992,52.74781,68.039406,77.81073,1.0404934,1.6274488,14.199995,38.450333,72.65183,261.25354,42.632652,61.637047,0.51417226,23.914743,1.7035507,41.509274,46.340485
679568,2.061165,0.8402607,10.232754,10.086441,4.3646164,21.551624,18.70849,30.090368,8.997242,11.423049,29.91567,43.349415,6.767387,133.41957,47.086205,100.40228,3.0033839,0.83581996,5.5386844,83.25426,7.066443,34.582333,31.250757,44.955597,9.58782,103.89645,12.317785,75.87885,55.42634,2.3577392,89.55112,6.7540636,0.5774417,21.694912,74.64625,113.87454,2.9588618,32.753708,64.2606,9.756073,3.106872,6.4808145,0.30934012,9.010872,23.592981,10.694044,5.78622,27.038645,0.87314403,6.790453,26.674679,116.88083,8.188769,1.5443764,4.37573,2.3919368,0.90886873,22.6118,1.3246639,35.785458,0.30529353,1.0476844,88.47942,6.2503114,25.060102,81.087296,1.5459522,1.8133143,11.539164,0.21235813,6.350853,4.286255,59.847984,86.51666,25.208813,44.706036,71.2653,61.420265,37.97674,5.791688,14.639601,0.5793782,22.364988,21.17489,5.9893026,41.684097,6.136467,30.99512,6.532746,38.95172,15.392696,34.99538,21.064066,7.3899345,10.487548,7.001521,42.32688,121.22723,0.25911117,47.438225,26.518267,36.964874,38.769516,0.32710186,0.53069,10.829806,26.373325,33.13953,166.92778,36.971554,37.12915,2.3465471,17.023977,0.3903884,25.195866,29.149975
679770,0.22821099,0.040009078,0.4129998,0.8140773,0.3265389,1.4281374,0.09669782,1.3057626,0.966212,0.2309048,3.4557755,1.6807379,0.6959258,2.5646038,3.701721,4.7681336,0.014779147,0.10058299,0.8397701,3.3210964,0.041924953,1.971255,2.377037,1.4593394,1.8423346,4.895911,0.79992694,3.546159,1.9761258,2.7639293e-05,2.9045398,0.13392925,0.1094674,0.548633,4.670267,2.7220907,0.45910618,0.8933676,1.0070165,0.0131472275,0.0009865115,0.45144966,0.0010255086,0.36755908,0.3586127,0.013754747,0.42356578,1.2604157,0.0067651067,0.5736661,0.84615505,2.7665353,0.03620042,0.17545515,0.07376663,0.32459646,0.0055090864,1.2342372,0.19832191,1.8108435,0.2990842,0.28344545,1.950656,0.12787442,1.5987453,1.7158456,0.15107518,0.073771015,0.003632379,0.079973996,0.33470044,0.7777329,2.6328008,3.5395129,1.8664584,3.6771,1.4321986,2.3408897,1.9727716,0.008233476,0.35666254,0.042514633,0.03889606,1.2737406,0.03040585,0.24338432,0.23102054,0.63063115,0.00017186381,0.8158358,0.11567251,0.84202087,0.6175994,0.8343591,0.054230567,3.9248807,1.1166396,5.7113404,0.04467843,2.4196827,0.32524234,2.5613132,0.9914641,0.26718104,1.1517974,4.2282624,2.0561326,2.4095986,11.72051,1.5558428,0.5112086,0.053867266,0.099205285,0.005380653,2.3253763,6.442568
680250,0.0050899135,0.000374751,0.23991744,0.22408369,0.027245596,0.29932877,0.06358395,0.4626652,0.4511974,0.2645265,1.9324085,1.7311554,0.2206454,0.9616042,1.5746175,0.9395743,0.00559051,0.036554582,0.13125873,1.0903525,0.0015240483,0.6346947,0.8115674,0.1971469,0.27344427,2.1546907,0.000999949,1.0624083,0.42213634,0.050990995,0.61639553,0.0019996662,0.09829975,0.13040993,0.7048072,5.2292005e-05,0.096293,0.23683198,0.24935779,0.0034836011,0.2349773,0.13495047,0.6279448,0.12892573,0.20348588,0.2819135,0.052693177,0.30121434,0.017603736,0.0025899694,0.44089407,1.1576015,0.0342682,0.0030618876,0.07078973,0.11476138,0.009171459,0.5864997,0.19102833,1.2962565,0.009858303,0.3233334,0.47436634,0.13296944,0.11811176,1.1724916,0.006566115,0.02269657,0.119746,0.027835751,0.06579768,0.19787018,0.18638863,0.23659982,0.0056274417,0.21061176,0.42977878,0.7320683,1.2998087,0.21522166,0.22074229,0.16971122,0.12872413,0.9165063,0.16743617,0.07815166,0.1241467,0.35919946,0.11622324,0.25986457,0.3394022,0.53709465,0.05362572,0.61035025,0.00634808,0.86403894,0.025550213,0.6710979,0.010700691,0.29789948,0.21166877,0.2408077,0.41346955,0.019310728,0.079626754,0.41156238,0.112327404,0.6612101,4.6253285,0.7486925,1.8349375,0.7487671,0.21885686,0.14263278,0.4664567,0.0023250973
680452,0.36353827,0.0025379122,1.9728285,1.0425068,2.590074,5.6556406,0.745233,3.817372,4.323944,0.38624033,8.591042,6.7079983,1.5215816,11.9480505,11.150219,18.267668,0.5285078,0.014402152,2.301198,18.63781,0.8253124,8.279405,7.733121,2.5430894,3.8299055,24.061787,2.4342775,16.396994,6.1343102,1.13739425e-05,9.177773,0.46712327,0.033143822,3.3732789,10.58601,8.327287,0.70937985,5.894914,8.652182,0.8865655,2.3640258,0.0013545513,2.470982,2.8106325,2.58123,1.7386518,1.4152148,5.273476,0.42468122,0.5003818,7.3052425,15.090683,0.17485192,0.10115082,0.00010040441,0.9144465,0.8571488,3.3279924,0.00025794067,3.7138493,0.30057737,0.10568294,15.03111,1.2182703,4.842875,11.324743,0.3297692,0.6461861,1.0095698,0.2905384,3.7983701,4.426101,6.9550204,12.52345,3.3270094,11.234497,11.677501,13.009019,8.902504,0.9373343,1.5645958,1.1804259,0.5137861,1.8986682,0.61513245,2.3562808,0.38150415,5.636018,0.042922303,4.270769,1.2942088,2.3813264,3.0805116,4.0767703,2.3255482,6.6421723,2.9250998,11.868471,0.0044761803,8.9132805,3.4302206,5.933056,7.0652566,0.003501037,0.53623194,2.515568,2.2337744,10.4727545,25.60427,10.695195,6.3999743,0.36643523,0.75344247,0.88684523,1.2443279,4.321553
680957,0.187326,1.4670817,11.974458,5.6539636,4.3436317,12.223694,2.0133,17.177725,6.755675,4.739028,18.948,22.13488,11.480711,44.867676,30.282072,44.84053,1.5339644,0.11122183,4.71825,46.14966,5.4393716,26.136732,22.69236,17.424906,7.395613,51.934036,8.821144,39.28794,22.63746,1.0874568,41.840508,2.9544048,0.18572113,12.099611,50.47324,61.133804,0.14463678,17.337776,28.945642,3.1759279,2.737057,3.2216504,2.733328,8.361787,3.4333923,4.948123,6.1661334,18.266356,3.1607342,3.9398904,16.875847,52.1904,1.7412639,0.29053774,0.5469027,0.792277,0.0060031796,11.124809,0.85481155,12.612477,0.39907476,0.2865962,39.207462,2.944086,11.572927,27.759518,0.015372271,0.02514258,4.391468,0.10735043,10.474846,5.766024,29.391998,39.25122,9.491934,20.490046,42.11876,33.55432,21.14856,1.139812,6.426929,1.2886544,3.382434,2.1376243,2.2856803,16.548948,0.04451042,25.364195,1.7420194,12.925722,2.8287704,18.045975,9.661828,7.227005,2.2358959,13.2549715,22.969652,63.050453,0.043686952,25.000725,12.766013,23.243868,19.941835,0.26850644,0.029090878,5.9683647,21.088602,13.253945,77.83897,26.187223,30.880537,2.8663146,12.280089,0.40538344,10.505214,11.553001
683256,18.334589,28.396324,9.639206,4.4203367,43.773087,25.545273,1.9360998,22.97953,3.5913534,94.24499,0.0011159143,3.01714,0.00022588378,21.9618,1.973785,17.022652,0.10383443,25.785604,0.14237201,15.304486,36.058247,12.2431,17.805239,14.822517,0.018115647,5.7706714,15.393463,45.541946,1.1947781,7.5134454,1.3230352,0.36425284,23.93398,3.4781926,0.717519,4.107285,0.62730145,1.5822815,35.974823,2.998865,0.47519258,0.009499672,63.593697,5.90071,6.2691026,5.0874367,15.661717,1.8697121,0.52599794,2.9956577,90.07932,22.187618,6.3975596,0.8648856,1.438477,0.8086529,19.814157,0.9634628,79.248314,137.9308,17.069342,7.0578427,57.170708,45.13982,10.019069,11.043696,2.3986673,3.273266,3.715056,20.62132,0.2298375,0.11642376,2.948489,3.4193823,10.38968,11.572708,17.863392,12.467505,6.026313,26.792473,0.6189226,9.44748,15.413606,17.31611,25.891348,0.00095990754,15.8809,39.399895,27.957241,0.19780761,89.78653,21.666758,20.324724,10.326596,49.263264,69.8287,0.0418943,2.0662208,5.1064262,0.0065897894,12.801182,0.43974683,1.1503754,42.01785,20.687296,7.1656504,30.922327,7.1637435,24.610035,14.243556,14.4655075,1.1423107,6.6464763,38.00298,141.36478,0.4563127
685058,77.71258,96.83214,40.635723,4.38159,140.7882,69.40973,12.775661,83.45011,4.5447774,276.7007,4.7610996e-05,5.3390994,2.192374,73.97756,8.883727,50.941982,2.2745958e-06,69.74892,0.953408,27.418617,139.52272,14.755978,27.638134,29.000837,2.7139964,6.56145,40.141365,122.81507,0.016106157,11.943191,0.044641703,0.54397273,49.612804,1.4808227,0.007912247,5.557885,0.31596458,0.5483978,125.11648,17.798544,2.9325936,4.193831,203.21419,20.47044,25.883041,40.395493,39.45349,14.118439,0.6688219,6.1867924,288.07144,86.53684,20.107471,4.4529457,3.80145,0.8179289,58.383392,0.19960083,211.20082,457.27118,56.2149,15.9683,122.540565,138.19377,19.923016,53.27739,8.762927,31.119303,1.9270692,79.74995,4.607554,9.821765,24.775469,33.64592,84.672585,89.338135,77.632256,70.32611,11.975265,86.47604,0.6422522,31.409868,33.780823,29.066395,72.52929,0.022175409,60.14859,119.62363,93.75904,8.753403e-05,224.00894,36.53197,52.047523,60.98255,147.05217,198.44234,0.00016817685,2.3493493,26.804806,1.1672608,28.42833,0.2194486,0.18884125,111.23168,39.74033,8.039788,34.097015,0.20598832,99.28306,37.687675,7.398417,0.109971575,41.91412,95.75412,404.13638,22.062664
686969,0.109927975,0.14445427,0.005546054,0.060244426,0.06649329,0.05766182,0.030092178,0.0071509844,0.18094774,0.556345,0.03574987,0.013985645,0.035175633,0.32452604,0.019353557,0.007609088,0.0009000984,0.009224382,0.0013909647,0.02171359,0.3057586,0.80433565,0.000513525,0.0071388725,0.029833501,0.0010504639,0.25796282,0.1676412,0.011509002,0.02005254,0.038943693,0.021416306,1.1518479e-05,0.05966039,0.8732599,0.1303657,0.2643635,0.459885,0.32709226,0.12934686,0.014542013,0.005720169,0.32987362,0.20542005,0.038749643,0.005185686,0.05566672,0.1507024,0.058081158,0.025471957,0.010171736,0.035168767,0.13479,0.035622276,0.09217778,0.0988633,0.025196254,0.0008234468,0.22798586,0.44212887,0.02523185,0.00024712246,0.012421199,0.06799383,0.0011973552,0.03609737,0.11784058,0.008221911,0.015465965,0.039117996,0.85079503,0.8334907,0.58564365,0.93393373,0.9056025,2.2796938,2.0027776,2.0791025,0.0034342124,0.0006188109,0.056637578,0.059456307,0.102046944,0.094987534,0.12529792,0.11139154,0.10849997,0.0479935,0.040899906,0.05967166,0.038392656,0.07280018,0.06552893,0.49573317,0.3093513,0.7523626,0.30386195,0.35963526,0.024967464,0.01546993,0.028809499,0.40974715,0.094202444,0.2671901,0.14426544,0.1074769,0.059888,0.12028424,0.7982257,0.41652113,0.68424535,0.11010879,0.04474793,0.045526635,0.2489078,0.0017811921
687163,0.13493708,0.26184767,0.0029646766,0.4343886,0.045740575,0.022591352,0.046720583,0.32135555,0.027220484,0.28237966,0.25008625,0.004119312,0.00028600713,0.1580168,0.00017923476,0.040413428,0.002334217,0.3222443,0.057360444,0.10104995,0.013037229,0.5772867,0.08611304,0.0020657433,0.027322123,0.0045111394,0.0027041289,0.3041898,0.45781907,0.17757903,0.09811362,0.14278531,0.20847236,0.12542602,0.02556563,0.23155864,0.47407082,0.5444499,0.036041316,0.13304137,1.5050987,0.10176598,0.5871697,0.0011366698,0.059081987,0.0028392598,0.20839176,0.021591764,0.21375386,0.038820896,0.42982075,6.697918e-08,0.16454983,0.016810821,0.0093127405,2.1324722e-05,0.31747615,0.020298058,0.7521378,1.022322,0.2226064,0.124247484,0.74291503,0.21914028,0.00011550347,0.012019467,0.009529119,0.008514812,0.25935575,0.76472914,0.005913886,0.0025659117,0.16890107,0.012278179,0.9234983,0.12413549,0.036094,0.022669757,0.057535134,0.03466108,0.008554756,0.06820966,0.39978033,0.32421046,0.24915224,0.00018633551,0.07215607,0.20893723,0.016735002,6.529997e-05,0.07863207,0.13371474,0.020955013,0.014022197,0.48281053,0.15139163,0.18934989,0.04410978,0.13249154,0.012945961,0.12027485,0.3359279,0.015159036,0.24857141,0.078532316,0.27668267,0.43300384,0.18764019,0.073458426,0.072532944,0.690853,1.5925915,0.024204222,0.11312063,0.31627443,0.34521842
689470,0.44565073,0.12685318,3.935484,0.7814546,2.468146,4.274974,1.2595866,3.5950987,6.2911973,3.7100384,8.873096,6.3916383,4.007177,34.897045,17.302036,22.421083,1.2898185,0.3330732,1.0317407,20.406359,2.1565192,11.137685,8.791822,4.730922,4.0804257,28.696411,3.9506943,20.275482,9.748315,1.0453804,14.284561,0.3291014,0.032159515,3.2962935,15.719149,14.4037485,0.071761064,5.3572507,19.728441,0.38988656,1.6403912,2.8364534,3.1217597,4.485216,5.034348,2.4911144,2.6806276,8.111365,1.532402,0.3057892,8.037535,31.322718,0.33415994,0.006047565,0.00078304176,0.40868816,0.7871651,3.1990328,0.5331963,7.545604,0.11319879,0.35059768,16.754698,3.406811,2.6815317,20.103388,0.023476824,0.033222783,0.7333137,0.060393374,2.197106,2.2208498,10.218303,14.67146,3.3959115,10.113928,17.27712,16.443298,10.357301,0.5733152,1.983952,4.095461,2.6172621,1.4032235,0.55313957,7.1791687,1.3667175,16.685955,0.12541611,5.496912,2.4169028,7.5459642,3.639703,5.0689235,0.6980995,10.14824,9.75265,22.750029,0.03900892,15.092554,6.2913313,9.845124,11.638046,0.01605574,0.33822688,2.7918458,12.679074,5.9507513,47.786617,13.026703,14.983526,0.5112114,0.91352344,0.81519544,3.9329827,9.019956
690152,0.031768627,0.00215312,0.002373682,0.005819643,0.0099607995,0.00015144289,0.006558135,0.0060695466,0.0023123396,0.015963864,0.011019094,0.0037136397,0.0003037823,0.019636797,0.105726406,0.0008682405,0.0035787458,0.0020232785,0.0059810663,0.0004072018,0.00024884177,0.021059211,0.08542264,0.00010020734,0.01309053,0.00028441567,0.08039767,0.0018653428,0.028449276,0.002704097,0.051584907,0.035379373,0.025936307,0.056613438,0.12180465,0.18798813,0.00043355304,0.00074894796,0.15678598,0.022448957,0.073057115,0.024291985,0.017699588,0.021655116,0.02759211,0.035972543,0.023442289,0.0006716388,0.011387804,0.00014408214,0.0039542927,0.000578611,0.0060808696,0.0050976644,0.0045230305,0.0500649,0.00073876866,0.020812118,0.016856808,0.0133070545,0.010448959,0.07816174,0.021030776,0.0002724717,0.06303451,0.009745693,0.029952426,0.004635549,0.002622536,0.0022512514,0.08072683,0.06996763,0.029330906,0.044646904,0.016714005,0.10407186,0.004518872,0.020828644,0.026899511,0.20968682,5.685883e-05,0.0049963016,0.0856527,0.04294379,0.00018838128,5.2522264e-05,0.22907111,0.04166091,0.044928323,0.030585589,0.04845807,0.27330515,0.062733866,0.17533274,0.0021441644,0.0048237112,0.062190767,0.0072498075,0.0013711033,0.016244397,0.0031057242,0.086591735,0.004500704,0.056745376,0.0008768872,0.03613895,0.14729895,1.1135342e-05,0.041151725,0.9736777,0.0005822347,0.25876018,0.036669616,0.036449436,0.03968532,0.0051172124
692964,0.4546589,0.07196248,2.5629044,0.648578,1.1300024,2.5844412,1.490851,3.5339267,3.3330674,1.5306813,6.0172353,5.484302,2.6107447,22.350464,11.258418,21.742435,1.1058888,0.008475807,0.89442617,16.465624,1.4886407,9.84581,5.1483264,3.5559273,1.9182574,17.962446,1.9253982,13.638387,7.4746556,0.27472785,9.706873,0.34502184,0.062859185,2.0802639,11.780625,17.902802,0.17465127,8.035219,17.373716,1.7081398,1.8884423,0.24014422,1.6371208,4.1475954,2.663013,1.5784158,2.092475,7.3847737,1.4411047,0.92630315,8.217255,16.835793,0.14129293,0.19285327,0.017380832,0.9121246,0.4927554,3.4802134,0.3455027,6.677652,0.025698671,0.061688468,14.215303,1.8072609,6.7082515,14.206582,0.087903075,0.0058134855,0.5960497,0.021640962,2.5882936,2.337068,11.694065,19.405006,4.803759,13.705658,17.744326,16.37584,8.116877,0.030823426,2.1355605,1.2830087,5.3807635,4.4441023,1.4050452,4.5287504,2.2570493,6.0731006,0.08695529,4.652092,1.3920091,6.679728,4.3456254,3.1167178,1.4128509,9.830417,7.529202,19.087257,0.0066441777,12.064634,5.1480527,7.400697,6.1002994,0.43503687,0.8979722,0.052245054,2.895135,8.308587,25.150162,14.821141,12.029582,0.1608285,4.1261063,0.8763928,0.98853636,2.1453402
693764,10.793249,8.699815,17.1451,39.755157,7.022685,80.75259,103.06038,134.69728,24.955065,56.854244,101.298706,169.76637,16.147938,568.00336,156.92198,378.78665,12.964837,8.285618,9.679028,289.59738,27.30218,135.45593,99.25676,171.91853,20.583094,380.21823,49.624542,308.20456,252.4084,20.259949,387.98752,29.397535,1.9619962,81.488266,359.15204,525.4491,35.50597,101.991974,196.82944,43.865715,3.9714186,25.378304,1.668942,23.12666,88.75969,47.65349,16.106863,104.22385,0.0156264,24.592,123.09698,490.3599,42.282475,14.260836,33.731842,4.709935,3.045702,98.16194,0.21250668,106.67948,2.4716713,3.9301004,320.99338,29.238548,107.01248,334.8511,16.150808,20.031748,41.571556,4.515333,25.08107,9.71253,239.13475,340.82846,118.54478,157.62119,297.8706,250.88802,179.05592,37.730904,66.0633,0.8664031,85.646805,87.634,28.2564,219.74112,19.885118,123.56451,49.58134,161.89986,43.87355,164.10356,82.097244,9.728433,40.265236,18.033916,189.45709,576.2989,0.88191265,163.98972,108.18298,161.31429,181.12973,6.4580483,2.664393,56.196796,84.57728,154.13701,703.6644,67.178986,120.46577,7.4549646,77.9091,0.26074812,135.57123,143.38235
694362,0.17584854,0.87422436,3.5240986,3.211765,4.4747734,10.701697,5.981411,10.590289,6.3253465,2.325176,21.174294,17.664015,4.138866,49.988934,25.71926,42.044632,0.025795693,0.1595885,2.5526776,44.45562,7.9486847,24.477438,15.407794,26.64369,7.7541275,50.171978,6.8371277,37.341694,30.94428,0.03692808,39.010715,6.723332,0.66431624,17.486265,36.960293,48.261417,0.10628205,23.466904,32.646465,9.242002,1.563616,0.042606313,0.4511861,5.3975096,3.1900907,9.294943,5.6057205,16.949991,2.2966826,5.040761,16.296673,33.244354,0.20737927,2.8319027,0.006798794,5.530252,0.036780108,11.753898,0.70312715,14.514986,0.39592397,0.0035278033,47.941708,0.92710143,25.204388,19.59079,0.47020093,0.5614179,16.279846,3.5621858,9.032429,7.7153482,37.7874,56.22715,15.855326,30.06219,40.64036,41.190628,29.018835,7.0811114,10.165699,0.0018058311,10.4324,10.547019,5.9250965,10.066827,3.8083181,10.578451,0.54102886,16.624193,5.9475784,19.670877,6.509779,4.0752397,2.909921,4.629587,19.317991,48.825245,0.07780627,21.806376,11.617016,13.586184,13.796495,1.1386704,0.77236485,4.5839987,5.190499,16.800894,67.55785,21.592941,11.846093,1.5260102,5.9423313,0.015824368,9.986429,10.835087
695768,0.47667143,0.3293105,1.1020536,0.6847581,0.59784806,0.05041303,0.49680153,0.47478887,0.07143051,0.26760447,0.6151172,0.003269919,6.44665e-05,0.17831784,0.0017210705,0.44420713,0.053080298,0.7193651,0.13367741,0.24685103,0.026751261,0.6874893,1.0102433,0.00084924354,0.14379881,0.15967052,0.72367764,0.5126403,0.6745287,0.076653734,0.0035168089,0.010418778,1.4075049,0.2218153,0.1870991,0.00046154507,1.9646721,1.3822172,0.08311994,0.028405853,1.6272988,0.30224147,0.7049055,0.128782,0.3288459,0.0013699706,0.45935208,0.163814,0.029633617,0.084209375,0.61576843,0.20870367,0.104244046,0.14349096,0.045107514,0.008714489,1.0642163,0.06339416,0.0008508215,0.0157676,0.51800287,2.6812657e-05,0.7556044,0.32071212,0.0230025,0.017396575,0.010385878,6.1884493e-06,0.009590252,0.048431147,0.23686871,0.004639125,0.010750782,0.06127965,0.22925507,0.00036339782,0.35504475,0.08823821,0.7217014,0.2704757,2.6736785e-05,0.09016341,0.32207748,0.15079293,0.29743922,0.032474954,0.014826328,0.3845145,0.0014361232,0.07799995,0.070130944,0.336212,0.15142336,0.55896467,0.052157734,0.86117023,0.8550788,0.26353735,0.6533314,0.01640142,0.28518227,0.0109722335,0.07333189,0.040488545,1.2698133,0.18800865,0.28740272,0.75789857,1.0624058,0.25710586,1.0643464,1.1761807,1.0387233,0.0015760262,1.0301042,0.7975638
698168,43.02125,56.88838,39.809444,17.079563,64.67307,36.70275,20.05539,54.91364,6.929023,134.49643,1.2904649,9.474311,4.1196017,46.124027,0.72300637,33.4038,0.14532456,39.679752,0.033580534,16.493576,60.160744,17.12203,28.594913,19.011074,0.6166036,8.401912,38.04881,80.49925,2.6881578,12.550878,2.0652912,0.2081395,32.478333,2.3375576,0.42098385,4.545388,4.9434977,2.9758542,36.122036,4.3545547,4.544745,0.018287268,97.743286,5.703439,13.781563,11.309487,24.999758,0.89947426,0.12010838,5.5879183,127.1085,37.394417,2.4844298,0.42415833,3.878284,1.1854807,37.92585,3.7098246,89.28301,152.68954,28.832388,18.477594,62.51993,69.88755,3.9463406,29.321041,5.233195,13.985473,0.16741495,37.899014,0.11315696,0.2960562,3.5119526,6.118015,16.76297,19.669466,24.179636,19.21596,9.452542,31.58822,1.6310863,19.00575,28.51991,24.274527,43.075333,1.8368838,12.868455,65.23594,25.020914,0.13500579,112.2174,18.84899,19.650988,22.39513,66.09627,73.155106,0.5478951,0.6900045,16.196787,1.5430348,11.134927,0.017955929,0.03555274,36.38524,43.262695,14.657294,27.530525,4.6276174,42.900948,22.184496,0.42047644,2.2094193,28.790054,36.068417,232.72676,7.250886
700634,6.7185802,8.071368,3.7709248,0.7497515,20.295507,11.230304,2.2329962,7.0978374,3.2479854,19.370584,0.64879036,0.40305263,0.39206654,4.989467,0.09965785,3.2944648,0.9033023,7.4505506,0.4216455,4.406095,7.1463914,6.595472,8.729728,3.0925474,0.75256455,3.6617208,8.050072,15.88931,2.7732844,2.823917,0.14637513,0.09366089,6.034476,1.0655823,0.85385823,2.472358,4.11911,1.9938098,3.8572247,0.13651235,0.94059837,0.18325552,15.814918,1.1007208,2.0683033,0.58392763,7.2306576,0.3532478,1.1527354,2.291082,32.18592,9.602153,0.6654162,1.015293,1.5896416,0.0013220503,10.101966,1.1826884,10.694495,26.404509,6.566167,2.4037786,21.44596,12.212814,6.092975,5.592127,0.24076395,0.0748569,3.5054083,3.734397,0.09449459,0.11307762,0.020278208,0.09543254,0.019322226,1.1566962,1.7176391,1.871174,4.1845374,13.509969,0.7714547,2.816429,2.640012,2.6953943,8.337595,0.00053209736,6.902237,0.8889238,4.4569798,0.07766634,11.859529,1.3829048,2.1594284,4.283077,3.429293,4.9907217,3.7871075,0.31168434,3.3541837,0.5609501,0.442359,0.030889263,0.14053293,7.7480474,3.8160563,0.07566928,0.13128652,0.47720343,2.708396,0.1752638,0.079197735,1.8621265,5.3459826,4.4727573,31.839193,0.069008455
701535,2.473748,7.277919,4.769447,5.6390476,9.04736,5.026809,3.2761886,4.949306,2.665625,12.263178,1.8394006,0.3648472,0.9004484,3.249412,0.18272507,1.9484969,0.5144594,5.8876734,0.7084301,2.4678342,1.7841392,5.5886993,11.834588,2.4577668,2.9811168,2.2282233,7.8335176,10.560896,4.1369967,3.491102,0.69498086,0.0649666,7.063433,1.8108312,1.0369579,0.91582805,5.908634,3.3360555,0.33399618,0.393914,3.9589624,1.2943474,12.417063,0.13330077,3.6992068,0.019658778,6.89467,0.32459247,1.502103,2.2051327,14.189463,3.6206105,0.00072984566,0.091290034,1.1831735,0.26658326,9.556714,2.8984456,1.6952469,10.428383,4.611137,2.326935,14.06043,5.5495033,1.6338416,2.026811,0.046266545,0.106156185,3.0828278,0.77577084,0.14740904,0.07394228,0.24745579,0.005937975,1.0647004,0.07973785,0.013136809,0.011882045,4.064703,1.4998083,1.0169897,3.0408373,9.831739,3.9413464,5.887744,0.49238703,0.046428714,3.207631,0.14145409,0.04679185,5.1726837,0.093656935,0.58459973,1.82685,1.1054343,0.51503754,8.372438,1.6688852,2.7373025,1.0466651,0.14387758,0.47311458,0.0057425005,0.7505977,11.5285635,4.4807324,0.0807626,0.37296522,0.30232465,0.90232706,2.4231212,5.2722497,2.3951917,1.4466995,30.895903,0.7220167
702133,0.47280502,0.31143063,11.382074,5.20942,2.0760772,10.071421,8.490054,17.798197,6.5268426,9.530915,18.252016,24.874012,8.263,92.207695,33.080532,69.650635,4.337114,1.2197074,4.489197,56.10929,5.327225,27.65446,24.353731,22.932182,5.4509,66.11995,7.175891,50.38899,33.38228,0.89980114,49.88033,2.2182407,0.38852677,14.328957,53.102295,75.121216,0.27773485,19.014969,48.653656,4.2679815,4.11521,5.1999993,1.9141899,8.871723,11.560887,6.3339686,5.8789573,23.232641,1.71852,3.3889153,23.848974,79.203896,3.2691505,0.86422706,1.1973227,0.9059686,1.2260067,12.781534,2.9380562,23.278732,0.37997058,1.0992908,54.560654,6.771151,11.489131,53.411053,1.2468127,0.62107664,5.3446255,0.120740116,6.936983,3.8454251,34.125183,54.908443,12.979495,30.3095,54.231506,49.009354,29.122183,0.4235476,7.0959573,2.8879497,13.031457,11.372665,4.6809316,28.284176,1.7560023,25.464016,2.9032454,21.85601,9.244379,21.542067,14.423016,8.335795,4.002357,10.96431,32.880333,83.1923,0.02188712,36.00414,17.35971,24.925316,22.990805,0.2841493,0.002355894,6.096509,22.57151,21.83508,143.91576,36.211773,38.157063,0.5160095,9.3911915,0.17106685,16.637455,12.887911
704238,0.049878642,0.13308142,0.008356514,0.008512612,0.9478599,0.018712688,0.023918938,0.008254978,0.00062761817,0.00017351651,0.0055114976,0.0023652478,0.0005733818,0.0010082646,0.05484975,0.5980368,0.037257727,0.012578308,0.021887278,0.06570208,0.4761983,0.12319352,0.087387994,0.050200693,0.00848382,0.007438642,0.23943013,0.55820346,0.037828013,0.1566277,0.119035386,0.1532294,0.4747436,0.032696344,0.18442231,0.04280105,0.2758229,0.19818284,1.2763927,0.3908997,0.076378085,0.038338695,0.85197264,0.063701324,1.3594885,0.001825158,0.42090356,0.23206252,0.08894792,0.057570856,1.8295925,0.25315252,0.00045878073,0.19464251,0.0010647303,0.08777889,0.31934053,0.00045266552,0.00095758215,1.0367432,0.12587364,0.0016850305,0.46776503,0.023105742,0.19700433,0.11539037,0.0036515316,0.0007047155,0.10754424,0.00085789483,0.111457,0.0122318845,0.2173684,0.22493044,0.037485413,0.23377508,0.11467074,0.23831289,0.30899218,0.0061909985,0.00046690804,0.09861787,0.0015835789,0.3134424,0.21305987,0.041627575,0.0820052,0.06475663,0.30401778,0.204467,0.09585821,0.0048040384,0.0016628098,0.9139731,1.3615853,0.90557116,0.118506804,0.19930176,0.43021968,0.26515722,0.04511929,0.10945648,0.014233203,0.0048369174,0.00024985475,0.25844046,0.18558753,0.012731419,0.9223987,0.7408076,0.71000266,2.9982674,1.1016719,0.013045669,0.7146853,0.09983228
705341,0.022638679,0.09452779,0.0015614933,0.0040698885,0.033790518,0.04834304,0.040630564,0.00522367,0.019252023,0.03732845,0.086022146,0.016413389,0.030754054,0.027426332,0.07549277,0.29916432,0.010653972,8.469181e-05,0.17900354,0.0921884,0.14719817,0.015527479,0.07063467,0.023266837,0.00028051983,0.0022675677,0.029732129,0.1488952,0.00601964,0.030941874,0.0033120862,0.06076007,0.00928568,0.01002387,0.15762581,0.20045093,0.0030610587,0.12577558,0.53453803,0.11349267,0.19926237,0.031170372,0.10072602,0.011928507,0.07189977,0.02112895,0.032490816,0.101442926,0.015713392,0.44267297,0.26804948,0.00269665,0.008546747,0.0010782982,0.010564886,0.089088075,0.059312277,0.014153224,0.04056601,0.30200264,0.048515562,0.15525652,0.11611975,0.00039051936,0.008522277,0.04169933,0.13239972,0.048190627,0.011049056,0.021477474,0.10679605,0.007887594,0.015230895,0.006559856,0.00062573364,0.012377535,0.012886404,0.053743172,0.00017346117,0.34325933,0.0022036629,0.014120941,0.0013838735,0.0020534813,0.10707916,4.1231724e-05,0.81104714,0.48471212,0.046060577,0.15830173,0.027873646,0.0004503402,0.06756028,0.30569604,0.49662352,0.20458329,0.00018222559,0.0011912313,0.14358878,0.17340583,0.07364264,0.050520163,0.05054715,0.002021756,0.042600088,0.2081576,0.22209024,0.29997241,0.7652326,0.013279792,0.056445695,0.6111336,0.25184417,0.011332137,0.15381573,0.112836845
706040,0.051599488,0.007954602,0.0052768383,0.049473245,0.004186199,0.0040548,0.03091833,0.02662211,0.011717525,0.025573827,0.010960585,0.010624805,0.0036379583,0.004364562,0.00048382496,0.006059488,0.059414167,0.0026603192,0.0027771562,3.5505826e-05,0.00020624929,0.16707802,0.08467233,0.03852495,0.0006389216,0.10213002,0.021458615,0.018206913,0.021075463,0.007468633,0.012589406,0.0024650705,0.027851883,1.7728074e-05,0.04940629,0.00016502873,0.07162268,0.023866108,0.0080047585,0.0044450243,0.0007678618,0.18222898,0.0069316025,0.07967545,0.1401482,0.002189282,0.009483499,0.0003145304,0.112482436,0.016984781,0.07626757,0.0010530851,0.03533417,0.050396208,0.017260224,0.009666566,0.00047509628,0.00040698412,0.007457696,0.001268324,0.18957171,0.025269868,0.033674937,0.008590661,0.1577327,0.021860585,0.02694802,0.17666477,0.024923407,0.049265876,0.023409728,0.0026723472,0.0012218454,0.048334654,0.00042821275,0.010619326,0.0068414714,0.0069166734,0.06688857,0.018821992,0.017974008,0.012015598,0.086377144,0.12366804,0.0022216628,0.018582849,0.00035236584,0.04571195,0.006354835,0.015569349,0.10777502,0.023038583,0.064602695,0.006951526,0.03669337,0.060573224,0.00089413207,0.018483708,0.031577982,0.00047380576,0.053882062,0.0035028958,0.009542402,2.7225338e-05,0.16838142,0.11271384,0.0030804651,1.4239831e-05,1.7019202,0.16576357,0.016808286,0.00792763,0.0005713711,6.9775174e-06,0.10308098,0.5642112
707749,0.0052327323,0.121433586,2.791169,0.9240793,1.8680043,0.8688773,0.0032437204,1.7112858,1.6701976,0.93920404,7.4663014,1.9399047,3.1903343,3.4712644,4.6852183,5.724001,0.21493404,0.02124835,1.3968837,2.4136436,0.12849118,2.0660872,1.6405448,1.518495,0.9121382,6.626612,1.8823487,4.182546,3.2449567,0.5756874,2.6257558,0.041235432,0.09445144,1.2055078,3.0060499,4.6265593,0.27179876,0.5702907,5.9551687,1.0632278,1.1372457,0.35429412,0.0965213,1.6048008,0.022492375,0.2024276,1.4251623,1.8156312,0.010886035,0.94403934,1.3909938,2.4578407,0.2283187,0.2693175,1.284985,0.62915456,0.04828863,1.1973952,0.22316276,2.5972528,0.2534744,0.033899482,2.672323,0.055488948,0.6909854,1.7163972,0.3024705,0.020769598,0.09039867,0.045748632,0.0014085482,0.28102073,3.9872687,3.9872386,1.4198539,1.9420369,1.4521145,2.367277,1.7904416,0.015288818,0.5041377,0.016330346,0.45862278,0.64495224,0.37013242,0.043302916,0.8948253,1.0464927,0.2843652,2.3110247,3.9216065e-06,5.4538407,1.0879235,0.14922255,1.5315418,0.30026242,1.9154549,6.240984,0.061501168,3.5232592,0.18574086,0.8303578,0.48770663,1.5029142,0.29276106,1.9602886,5.2422905,1.4297676,3.5323002,0.0033531361,1.195324,0.2992084,0.7451755,0.052777447,1.6131982,0.67345756
709551,12.875185,16.800913,7.319584,2.5396008,26.97012,13.0312,3.0437891,13.976797,2.0132904,41.01201,0.30790037,0.8167846,0.41701415,10.556339,0.9252418,6.75759,0.5822506,15.392305,0.9828243,8.74124,16.52392,7.9570084,12.519506,4.8137436,0.53577876,3.9236882,11.719693,29.350138,2.3363051,6.4874043,0.32092983,0.012451842,11.297767,1.4785851,0.28767478,4.263043,3.362051,2.1892574,15.586931,0.95153105,0.8894372,0.004681376,37.280098,1.8554441,3.7849193,1.1366162,11.032488,0.6018211,1.7259003,1.197915,49.93326,12.671678,4.441884,0.5580156,1.3747275,0.60681033,20.096611,1.744315,19.56413,38.549652,10.451645,5.378491,35.55718,21.494085,5.0549746,8.338294,0.5397375,0.8843932,5.757601,7.067815,0.5439571,0.5813943,1.045462,1.9599152,2.4871829,4.6732078,5.7625003,4.263756,5.5004005,20.399458,0.75314003,6.098267,11.419314,9.954998,14.43967,0.099067196,7.373595,14.451508,12.6880245,0.0040786914,28.48424,2.6911283,2.8139267,10.506444,11.911392,23.793137,3.9962177,0.6705849,8.491648,2.092764,0.85789484,1.5352795,0.39206398,12.296223,10.077418,1.2284276,3.367797,0.019554852,6.739191,3.6208777,0.019439906,4.5312195,13.434341,11.147982,69.14296,0.17010297
713239,0.08348581,0.47587326,0.29145315,0.31400087,0.64012694,0.469853,0.6696738,0.21216638,0.0042836494,0.5596073,0.444877,0.0010245115,0.028948218,0.052958973,0.024329,0.032629803,0.036325376,0.4110452,0.1311357,0.07248608,0.1482677,2.069049,1.4260949,0.083687276,0.0002546505,0.20479001,0.74760276,1.203104,0.35602337,0.095073655,0.00093308237,0.12503779,1.1403906,0.0026280943,0.1710008,0.03048818,0.8775554,0.13615261,0.15812372,0.030129083,0.55081236,0.024382798,1.748387,0.0911825,1.7736635,0.093418606,0.5768421,0.00067174307,0.076003045,0.0017805054,1.660179,0.15736353,0.0068490063,4.672841e-05,0.10385663,0.078473404,1.5361674,0.23455083,0.054287374,0.7549088,0.34997597,0.011600726,1.330901,0.14575708,0.12977113,0.02622612,8.9976085e-05,0.035981413,0.4760948,0.04600785,0.11916269,0.005275652,0.004430313,0.007456499,0.15686446,0.057985168,0.012947996,0.16164465,0.33720133,0.0067876913,0.042208772,0.11686585,9.839932e-05,0.21763001,0.75786024,0.05504631,0.33906052,0.24703534,0.0046070637,0.01717685,0.1916819,0.051756613,0.15232617,0.28313214,0.4063411,1.0614398,0.35411215,0.0044172187,0.17582765,0.13650297,0.0055948016,0.25464395,0.21548226,0.683068,0.0640615,0.20654106,1.0336043,0.020987,0.075484775,0.0037641649,0.3998002,2.1016252,0.42914584,0.9778686,0.3932251,0.042942632
715041,0.36893606,0.0023712579,0.23715279,0.1775187,0.25517118,1.6775106,0.5415854,1.4809813,1.861635,0.6379325,6.0593305,2.3075538,1.5726465,6.7984004,3.6286657,5.5591164,0.089364804,0.3097647,0.6588439,4.692859,0.15012072,3.9360766,1.8760016,0.46192032,0.60732794,7.4624867,0.17594165,4.7166257,1.6719451,0.6348423,2.2912874,0.011834598,0.019599061,0.66988516,2.6913927,1.9552047,0.24929246,0.72607446,3.0879614,0.0072156265,0.8581643,0.80649084,0.007745857,0.9349673,1.3037117,0.031621467,0.40803912,1.1317668,0.04879752,0.07521537,1.7045788,5.2742515,0.012561601,0.035722446,0.02503266,0.11117703,0.48097935,0.8115224,0.030751597,1.4621114,0.08558151,0.098035626,2.89518,0.87128246,1.1100025,4.221215,0.102330506,0.025213486,0.15244757,0.11705388,0.41874656,2.2802167,2.3004463,5.084942,0.8911007,2.472107,3.2916458,5.859979,1.8105713,0.22344416,0.05922051,1.1077676,0.004508754,0.3673836,0.0065777493,1.3663896,0.08659268,4.1846213,0.10859744,1.1078128,0.20582698,2.622299,0.7505822,1.7312031,0.3647087,0.6608309,2.1944287,6.017154,0.019503951,3.851503,2.428613,2.4278219,4.232147,0.010525631,0.5577912,2.0199308,1.7187594,5.6052904,11.007757,4.6512103,4.852726,1.1638983,0.4232333,0.49025494,0.5687594,4.020452
715647,4.924047,6.5748167,1.607451,0.14469256,13.99753,4.390388,1.576857,4.481747,0.15699491,8.349731,0.4260265,0.57672757,0.37203267,4.0651855,0.44578156,1.397543,0.7136978,4.7103586,0.8673403,2.3061244,4.4492726,4.2222815,7.903775,0.878394,2.7610092e-06,1.0612664,2.896048,11.022732,1.6017532,3.8263235,0.0002526769,0.033463906,5.150652,0.67942244,0.36351445,2.6032853,4.3796067,3.191013,1.8473141,0.18052286,0.95148885,0.08389538,12.573592,0.40184468,4.7253036,0.19014782,6.8971705,0.3652682,2.5289524,1.0445178,23.542961,7.62509,1.0028965,1.2466968,2.2445438,0.6615726,9.825093,1.3145459,1.3168762,8.849593,3.0902588,1.7484797,12.898007,7.4718137,3.128646,4.1162405,0.0075997994,0.028679362,3.1985602,1.8699273,0.45423263,0.47239476,0.13313508,0.28691322,0.20613164,0.7034186,0.3480041,0.3472033,1.5020579,11.995479,0.21141651,2.1578836,4.0232368,2.5242462,3.6374295,0.04890597,0.8308646,4.6249366,3.0374699,0.5958771,1.3226916,0.43455747,0.056683064,9.2509575,2.3420906,4.513365,5.209667,3.4125872,8.961069,4.921487,0.93627733,6.633915,2.015334,0.37742352,0.6306297,0.46875355,3.2139,0.5685089,1.029824,2.720352,4.893689,0.25455672,8.034734,1.2351832,10.685852,0.117328644
715950,0.40916476,0.011757032,0.18734148,0.12967649,0.07103847,0.0986203,0.5318545,0.00012021793,0.12792541,0.00087233004,0.09243566,3.8909775e-06,0.03623099,0.06592447,0.011357522,0.0011585697,0.05186021,0.0056786174,0.020113474,0.00070552586,0.14034516,0.067895256,0.0624307,0.034139972,0.07304168,0.010290173,0.0037372906,0.49643785,0.11958917,3.3755007e-06,0.085675694,0.031437945,0.023329744,0.007406619,0.01924515,0.16090626,0.07053277,0.17300656,0.09408507,0.022350842,0.06781375,0.12741087,0.17605232,0.20364828,0.0957659,0.00024197175,0.0031431464,0.3793825,0.06684791,0.0039403434,0.037408687,0.01610139,0.025034565,0.09805646,0.16540292,0.013270404,0.07154052,0.0044134087,0.43531346,0.12072984,0.20090802,0.0010275855,0.0062941327,0.0036438783,0.09177962,0.01718699,0.10709986,0.10834892,0.14480753,0.008334103,6.3187465e-05,0.023740767,0.14556423,0.040992558,0.07128191,0.028090272,0.08280398,0.0015643397,0.012141253,0.13189048,0.040829055,0.36290452,0.0001297871,0.027976781,0.20628636,0.17658837,0.032588396,0.29517803,0.032810148,0.18127604,9.863734e-06,0.7499529,0.55297023,0.013679988,0.24192828,0.18699872,0.01565759,0.13164642,0.06423747,0.003132896,0.0037870405,0.022448024,0.016959762,0.011766004,0.31754237,0.24538577,0.03352091,0.07715232,0.039626863,0.2942164,0.8762226,0.27972043,0.23176646,0.014183242,0.3959352,0.0006248945
720337,10.024077,15.140721,5.002679,1.2112309,27.935003,13.177476,1.5830146,13.797494,1.628271,31.883701,0.15887123,1.8191735,0.46529,12.876992,0.48749304,7.0051703,0.2076131,14.390747,0.029052848,6.7561965,17.00725,5.921464,7.330028,5.8171206,0.12284197,3.0265825,7.844599,31.256355,1.230284,4.707365,0.17409536,0.071484126,11.326316,1.2176696,0.2575678,3.8619442,0.984956,1.2462406,12.246924,1.6536636,0.88329554,0.02949456,30.853832,2.6894603,3.0029173,3.1568015,7.707549,1.3628495,0.93625957,0.89965874,43.905632,13.732894,3.5187316,0.39942998,1.4259706,0.65940136,11.461439,1.0337977,21.21221,44.81499,9.813188,3.113672,24.403822,22.26553,5.9647527,9.25302,0.72015035,1.4332886,3.6938949,10.568046,0.044191495,0.44289786,0.4399894,1.0385895,3.6946054,5.8076544,6.745537,5.2872825,5.4185786,22.315086,0.6436415,6.2660728,7.481762,10.557808,13.058153,0.062333457,3.5912616,17.062328,12.02435,0.14425533,28.9359,4.1718793,5.192256,8.231288,16.613234,27.154758,0.58071935,0.006790982,3.819573,0.45093462,3.384957,0.082791284,0.032512054,15.903236,8.0608835,1.5146519,1.9848424,0.026281454,13.947616,3.5190148,0.25632784,0.46263197,6.617993,9.415361,64.366196,1.456344
723141,29.22041,6.706641,2.4573915,46.708786,11.054639,129.20473,274.46927,208.30292,40.924015,107.64662,218.9967,340.86234,9.420488,1103.328,283.18643,562.9019,4.7751164,4.5280614,10.203831,503.43936,69.47499,250.2052,159.06508,352.4532,42.869602,717.2884,80.64805,587.79224,511.78964,8.522267,636.45636,71.90986,10.38682,181.46025,644.28766,840.402,88.69194,261.6174,421.03708,120.15892,9.295469,9.679684,6.9506526,30.423708,225.80853,110.29731,17.067072,147.48267,0.26278847,64.03927,215.11165,915.8717,91.75661,46.32501,58.96865,31.210045,12.025191,176.95094,0.35637534,228.23152,10.669483,4.6226726,666.6226,33.572105,257.02414,634.321,26.570772,23.89095,194.46365,27.533798,47.49044,26.758556,486.5219,744.9732,216.32336,355.60696,592.5249,544.6593,406.4765,172.2224,157.48558,0.09786541,129.10704,170.25743,78.40803,372.07962,50.719696,205.61389,70.35049,305.8746,89.99887,311.59857,178.70753,6.2591586,38.17285,23.734802,314.1833,943.7332,2.7417402,287.30893,117.97688,216.9155,265.00613,10.732601,2.8450553,126.60585,80.96167,259.2099,1431.2424,113.37182,94.52469,17.917448,107.24278,0.40207648,261.01276,315.98837
724446,3.0327346,0.557838,4.060804e-06,0.38357237,0.94046926,3.918358,19.610668,4.964686,2.5786266,13.854651,12.468079,14.504856,0.3910738,87.78264,20.553913,26.733028,1.4501904,0.2752227,0.71577704,30.606628,4.1854663,19.742884,11.649981,16.76266,2.2672029,41.829483,2.869655,30.249613,19.77785,0.094504245,20.468382,1.7284988,1.2346364,10.90212,35.161255,37.33213,3.0705338,21.942411,35.90865,3.598735,0.4375584,0.042566024,1.3355019,1.5455662,18.532555,5.2147737,0.849688,5.4549756,2.1979532,2.104633,13.394395,72.25098,4.0709815,0.27877876,2.8718448,1.7453305,3.9184299,7.847735,0.02551069,21.580225,1.037045,1.2759163,50.15586,3.6739817,12.70372,42.11347,0.5476326,0.0095463265,15.010812,0.009208337,2.3617742,4.0403905,25.294464,50.626072,12.425394,39.794136,41.03862,46.98669,21.115368,4.514176,5.720629,1.1326412,6.4500847,6.607837,4.74856,18.109762,3.3256798,18.911325,2.6806128,12.931116,12.471793,11.676583,6.5276246,6.0684037,6.645186,3.9158912,8.595939,35.143135,1.0479932,16.493734,10.84916,14.503325,18.856588,0.0048433803,1.1260456,2.4866302,1.2358187,24.653759,69.67664,18.91592,6.396513,0.55239046,0.66275907,2.589474,8.284673,6.3642454
725751,5.1788306,10.368979,4.922366,2.3248796,12.566348,8.837218,1.3567895,7.7599764,0.9189456,26.405527,0.22400886,0.7896773,0.054106794,8.8293495,1.2616279,4.832035,0.09001342,7.6961603,0.010839426,4.412262,11.955912,7.007204,8.149113,4.0125375,0.00046139912,1.6604757,7.3247333,16.239038,1.2620952,2.873639,0.059022598,0.0022631309,7.5040455,0.6526887,0.5942084,1.546066,1.1164027,1.3383017,12.42493,1.1845855,0.3110931,0.11029665,24.070864,2.1165495,2.01786,2.3512669,7.435988,0.7017219,0.113098584,0.49711373,35.58662,6.1365733,2.6135306,0.3693344,0.32829207,0.010749842,10.45703,0.60695744,16.024015,32.578503,5.853915,1.3114749,21.564709,12.440344,4.4409103,2.588781,1.3330029,1.3861924,2.2421257,7.129104,0.0064343372,0.010376787,0.30626234,0.56103724,2.977597,4.1770105,3.4344826,3.279869,2.3250341,5.067969,0.3428376,2.601795,6.080667,5.3705406,9.764679,0.080071844,4.0056934,9.99415,6.807535,0.007601166,21.20959,3.8656282,2.401397,5.8612366,20.43011,16.015873,0.5287227,0.1826018,2.780578,0.090555005,1.6636419,4.4188233e-05,0.0009064009,12.744134,6.826403,1.0279841,3.5622752,0.017458662,5.8291116,5.7476554,3.4303362,0.64467525,3.6878986,12.550933,41.350418,0.31999066
727553,23.089205,25.297174,16.10616,6.7511578,40.25042,20.815363,9.992033,21.979542,6.2068825,53.984768,2.5976834,4.0597324,3.5277846,20.98189,0.14467646,16.478222,1.6668608,24.14301,0.01887867,10.140496,16.247828,9.870074,16.783703,8.884459,1.9719979,7.073656,21.478355,42.631386,4.89091,11.179881,1.844214,0.5332092,17.989594,3.8157012,1.6145993,7.399481,7.0591373,3.6837554,12.725139,0.48779655,4.933184,0.16793564,46.935684,0.7297735,8.261088,0.73873436,18.129236,0.006694631,4.3553457,3.0154033,69.42416,23.731272,0.8733105,2.8352947,2.959285,2.147495,25.042744,2.416125,20.275156,57.83385,19.271467,6.4412026,43.045574,33.316555,7.17514,14.540023,0.20122394,0.5630353,4.0146923,6.2002935,0.04823087,0.20089242,1.6910923,2.7872665,4.0035,7.864222,6.389024,4.694611,7.3386817,22.919014,2.592267,11.896929,20.143188,18.205147,22.771706,2.0936348,6.3450875,25.613178,7.813141,0.540384,27.358572,2.673978,3.075315,17.658075,18.121359,21.63551,3.6217163,0.4597914,9.704424,3.2115328,1.8758396,1.175271,0.5067846,10.30083,14.98626,4.400642,2.8665376,0.0029841743,8.058643,4.977201,0.007562822,0.2184856,24.860481,11.079049,89.69955,0.0020698956
727654,1.0142994,2.31292,1.8094195,2.8213394,3.472699,2.4509926,1.1155698,2.5136,0.90608186,6.416141,0.22066328,0.0028395138,0.4163389,2.1030502,1.6628876e-07,0.26778027,0.17398033,1.2680469,0.009501432,0.76192385,1.8368964,3.1608422,4.2973022,0.93236315,0.67593455,0.9381278,2.9841354,3.4947286,1.3799187,0.70912904,0.05725792,0.017102737,2.6576245,0.08332184,0.21447201,0.18363298,2.966983,1.3947035,1.3736821,1.0025326,0.9362013,0.13135763,5.249647,1.109078,0.40452918,0.23498422,1.6928383,0.21835625,0.00030436643,0.014947086,6.542385,0.6770592,0.5009003,0.07423319,0.018530982,0.387633,5.982316,0.61657864,4.024883,6.4151144,1.5953937,0.16705522,7.398513,1.7055706,1.2875456,0.32093117,1.6657956,0.6292842,0.75273716,2.0440054,0.02889814,0.0007196611,0.0051872744,0.22734423,0.08948779,0.20675373,0.034255587,0.059323665,0.80861264,0.002788243,0.6550667,0.84925425,0.7454,0.15222462,3.0645614,0.073549606,0.27296922,2.3413482,0.660672,0.13708477,6.173281,1.2388428,1.0431342,0.19516891,0.16756721,0.74719244,2.487562,0.12458355,0.33119497,0.0037567997,0.2464145,0.40194768,0.08453696,2.2241797,6.879188,2.9703052,0.006993054,0.01805094,0.15674369,0.13328029,0.0995315,2.058066,0.7501797,1.6724739,20.59973,0.5510499
728454,0.3888838,0.09228089,1.382508,0.45931548,1.2782078,2.2330053,1.4459939,1.6609142,2.0749865,1.8709418,5.588174,4.6640944,1.7584928,16.12423,8.5661335,7.531946,4.939423e-05,0.5179149,0.3693433,13.778963,1.1959269,7.960591,4.3922534,2.9722598,0.72015005,12.019792,1.1288536,10.375787,7.7303486,0.16939561,5.6704645,0.89537615,0.23855655,2.581975,12.099577,11.593331,0.884568,10.824656,8.190258,2.092458,1.0030116,0.057437155,2.0224369,5.189038,2.1110063,3.65852,1.4917985,5.1767354,2.2712917,1.2738055,7.6781287,9.452885,0.022447292,0.63956684,0.04895089,1.179948,0.72976786,3.0401156,0.33141422,7.363046,0.040967293,0.028795833,14.6727,0.5395415,6.2209563,7.2653956,0.014338962,0.13772853,1.2682098,0.40946472,4.3080497,3.7292945,10.686854,16.964605,1.8449934,8.595396,14.829151,12.21119,8.772771,1.2838281,2.62541,0.22982748,0.6896167,2.2862856,1.4715363,1.6558869,1.1680355,5.077441,0.0024591377,3.604725,1.3034942,1.8911302,3.9455364,4.7606783,2.3526545,1.8214928,3.4755208,9.777302,0.028835354,6.8850236,1.3924092,4.7761807,1.8034449,0.19670895,0.62060887,3.2095418,2.0942168,3.7859292,10.223345,5.470547,4.9098268,2.1411264,1.6174814,0.080051854,3.9533908,4.1776814
729254,0.12080905,0.008690268,5.6372596e-06,0.79567456,0.026991453,0.21886028,0.31989303,0.04373959,0.21604669,0.0018819117,0.07530867,0.0043321205,0.033524558,0.11073646,0.034871865,0.22382018,0.037292525,0.05547804,0.0806827,0.242356,0.017188584,0.75604844,0.31128874,0.0036073818,0.022634985,0.3280172,0.09759665,1.3477552,0.15110248,0.040184982,0.030304536,0.00065709994,0.16962841,0.19948222,0.36214626,0.03130965,0.8172609,0.8004501,1.0934178e-05,0.0007991562,0.40594864,0.11954292,0.7101652,0.0005678556,0.022644097,0.022280518,0.06945232,0.40799353,0.055974334,0.008740503,0.11887619,0.1318429,0.005780799,0.11463154,0.003959508,0.033979125,0.015021749,0.05322569,0.013700282,0.0032294698,0.10649845,0.115987256,0.00047042815,2.1233987e-05,0.011760173,0.04292665,0.02234366,0.0065938374,0.014217371,0.04194875,0.29370514,0.33049873,0.014422068,0.017613893,0.46854815,0.29862228,0.2875054,0.31978446,0.05721966,0.33238408,0.004301574,0.041119345,0.4491741,0.0010677938,0.27486998,0.002727643,0.2741794,0.0034655668,0.046762813,0.014792888,0.03640395,0.028095666,0.001867869,0.04181794,3.2570838e-06,0.3003295,0.040093593,0.00027382473,0.01831173,0.10073291,0.013973002,0.36754757,0.09886525,0.04525362,0.15794563,0.022214781,0.2930466,0.0027982919,0.23930019,0.16827866,0.435303,0.03825965,0.003977697,0.46979785,0.00045922512,0.003913279
729557,4.4241633,6.0845294,2.1103985,0.20147106,11.923168,5.0468802,0.44497734,4.607906,0.35079592,10.078826,0.12817837,0.13865796,0.005929086,3.45975,0.49188602,0.5589549,0.079471186,5.1925993,0.0774611,2.846519,5.0190377,4.962041,5.1337028,1.7142564,0.0038206421,0.6016185,3.1769884,11.695893,0.8481603,2.251939,0.008551747,0.025787309,3.735348,0.20597465,0.03484843,2.2477129,2.0695682,1.3152187,6.5539365,0.97789764,0.20787838,0.34729913,13.526777,2.2223318,1.453769,2.2910805,4.478156,0.5557125,0.5390468,0.1752145,21.590996,5.2843785,1.5408236,0.0014442074,0.98686504,0.1501974,7.004642,0.33902368,6.0513983,17.427952,4.3139486,1.3241549,12.03383,8.724587,2.9773424,3.096642,0.50977796,0.24555708,1.6617362,4.2989836,0.00069604686,0.28425956,0.22829951,1.26523,1.0020684,2.6597428,1.3192965,1.268042,3.4292412,7.1679454,0.01812709,1.4545946,0.28201655,0.42663306,4.6831894,0.45493656,7.945071,0.88049036,7.2995768,0.08342395,13.570252,1.339146,1.4075898,2.1603432,2.7442098,5.878739,3.8956108,1.1132905,3.474606,0.5957922,2.2184896,0.06173453,0.06931526,9.217659,2.3059497,0.03480035,0.5132572,0.11258099,1.296357,0.1010736,0.05306006,5.091221,5.5963345,7.0786905,24.857025,0.7564788
731140,0.21375707,0.41070035,7.7807727,4.1703825,2.3111708,7.05518,3.092038,12.241517,4.5584583,4.540215,11.794273,15.686196,6.2305255,41.721615,22.247328,44.06029,1.7324578,0.029002463,2.819578,38.58912,2.5105922,19.437027,15.092829,13.969255,3.4427598,38.50864,4.0162625,31.05453,19.635305,0.24042267,30.58933,2.0708728,0.05178624,8.921921,33.279167,43.684772,0.0037350638,13.585319,24.006958,2.4895887,1.8562528,2.298407,2.396477,7.9390407,5.44499,4.4824777,3.8017466,14.718666,2.7241657,3.013666,13.5095,39.37568,0.84025794,0.14732464,0.3475209,1.0796688,0.26205876,8.168853,1.7199624,11.9333725,0.0035192836,0.06018371,29.05401,2.7696292,8.706673,25.062103,0.19003081,0.03391396,4.559241,0.0013230715,4.351856,3.2559814,20.177786,33.6684,6.5893893,18.986502,31.147932,29.577152,16.453169,0.2572849,5.374121,1.0917085,5.573744,7.0650487,2.2115862,10.508569,1.681933,14.41107,1.141295,12.926782,1.9898272,11.919011,10.296381,4.6793237,4.064559,11.179475,15.425762,50.75211,0.047554832,20.76818,9.317339,12.163664,13.423865,0.31148663,0.0039698198,4.1831703,18.004915,10.041697,61.804386,17.3169,17.78932,1.2984483,8.710606,0.6880715,7.7697,9.051932
732243,5.5388427,0.01806974,2.9008443,6.5698657,4.5210648,22.2683,44.426853,28.224495,13.228891,22.501183,41.819992,47.849438,3.1527612,219.03218,67.677086,96.23384,1.9147792,0.49820024,4.531096,98.69622,14.875633,53.446404,38.98789,61.766853,13.642677,133.87798,14.034667,100.53565,70.19874,0.107527316,89.03147,8.711918,1.720064,36.229687,102.74456,125.649345,7.349239,57.881313,92.29438,12.494723,3.7168381,0.46304768,1.392549,7.9821124,39.846085,22.714396,3.693286,24.9852,4.318518,9.045971,37.067898,173.62886,10.802494,0.85897183,7.13571,7.5372,4.368021,24.800068,0.36877266,55.074738,2.0464907,1.9524167,136.50076,7.970971,38.701195,109.3139,1.6997676,0.25973412,45.204018,1.5882387,8.357133,7.143005,78.80888,130.0778,23.767582,72.2804,108.964424,115.7397,64.99956,16.768667,18.719257,1.9138463,12.000976,19.78859,14.714267,56.392582,8.550071,52.82011,7.419873,43.556667,28.839327,44.918514,20.400026,8.90121,12.989167,6.587474,38.918133,122.83391,0.8793956,56.19314,27.640556,37.21979,51.942043,0.06493836,0.7005948,11.04328,12.824216,58.216194,238.13235,31.939207,29.631739,8.496598,18.69018,3.0534656,30.891953,34.00842
734045,0.23432787,0.9782084,0.24277647,0.4180263,0.46340168,0.08962885,0.39893025,0.7973282,0.10276317,0.78892726,0.20437951,0.0041662157,0.068820655,0.110820934,0.24329446,0.3661527,0.02529777,0.40508536,0.030421255,0.00039692005,0.9234696,1.1968409,0.48659772,0.06714533,0.0013911693,0.0061817723,0.14023304,0.47047955,0.2987658,0.005349594,0.14257245,0.16432542,0.30580243,0.0064277695,0.2040785,0.08070187,1.3391907,0.39659986,0.45650664,0.010780974,0.17659618,0.035043977,0.37056044,0.020833282,0.012981631,0.25070336,0.1008993,0.014268723,0.03435405,0.02386016,1.0035484,0.25085193,0.075775534,0.001978197,0.04413452,0.47895363,0.98267245,0.06308588,0.21597128,1.4215991,0.2080341,0.055154126,1.348839,0.45711526,0.11017882,0.018665932,0.39759356,0.031713855,0.03863172,0.40792322,0.6753898,0.016098911,0.0062954854,0.13228916,0.046293087,0.06894117,0.1911508,0.00029292516,0.029302983,0.20699728,0.040201712,0.20946535,0.7290187,0.0042480365,0.5955361,0.0056875325,5.6050057,0.27465963,0.12141614,0.021419184,0.61638635,0.019055273,0.21190323,0.36396065,0.17883779,0.97657686,1.4956565,0.012349665,0.11514223,0.005789249,0.17253426,0.11536243,8.638791e-05,0.29547572,0.8854177,0.26976806,0.00313857,0.0023437876,0.2906903,1.7295694,0.5222934,3.8596234,0.83331126,0.26560023,2.6150694,2.7653885
734247,8.430102,0.050204277,1.0920695,8.556958,5.7255,37.101982,101.92896,46.40318,16.01256,40.716335,66.1808,100.88615,2.5332694,390.7392,103.55056,165.04141,1.7748687,0.79208267,6.394819,157.848,22.78795,93.611885,54.003735,103.49445,16.900486,233.95972,24.120575,181.74484,138.02626,0.124813795,163.95538,18.405516,5.350358,62.44923,182.48697,234.87059,22.948002,106.79281,146.84074,35.514446,4.9086466,0.50341225,0.04449214,10.067075,83.515686,33.433067,5.219804,46.972664,3.845161,18.559378,67.36009,312.03082,23.543753,9.402435,15.498301,14.987405,8.069251,43.930386,0.031066021,79.916534,3.6501753,6.3142858,241.55966,13.513179,79.106155,210.55438,6.5820584,1.9582123,79.47961,4.2416935,11.784554,11.358844,145.2642,250.31554,51.952785,143.65237,189.17067,200.91322,123.90355,39.738342,39.492462,1.1243162,33.91345,49.384666,26.267038,102.48311,10.95392,71.80245,17.549408,89.58727,49.116074,81.48822,40.76567,13.997817,22.028227,10.597846,73.638916,243.16429,2.2817178,89.29959,48.8641,63.301895,90.23761,0.80945504,3.2836318,22.092522,13.067023,98.09005,420.28424,62.214203,44.08069,9.218147,24.4587,3.0967498,61.476677,67.811935
735148,1.5175819,0.70729345,8.997983,10.572374,1.3121608,18.236292,22.791004,30.975817,9.136778,14.389378,27.571943,39.741688,8.655125,153.16364,45.20589,112.497246,8.095372,3.4785008,3.4627738,66.88075,9.51151,40.37895,31.742115,35.15865,6.193021,94.94554,12.228207,73.61615,58.969376,4.44014,82.86958,2.1447709,0.7009018,14.515376,78.15892,107.75032,3.3185534,27.659346,67.35442,6.5264597,3.3020718,6.305105,0.040058143,6.4940505,26.78803,6.5545797,3.0909073,24.98644,0.047085796,3.924077,25.955082,154.96243,7.9326344,0.49583405,8.206172,0.04335289,1.4593762,19.671488,0.94811755,25.350147,3.4460347,4.0139346,59.84067,11.598255,13.037572,96.309845,8.958982,7.510664,8.922541,0.059973042,11.396926,1.8693718,61.11553,83.280556,24.446133,35.867947,87.24348,73.20518,37.40688,0.9941442,13.516269,2.4869223,31.00566,23.818813,6.504431,55.874554,4.4789743,38.9597,8.261775,41.305557,10.836279,30.534246,19.02362,5.204419,11.661465,7.846136,51.651115,146.70926,0.09772723,41.804478,32.646835,40.138123,45.184685,0.038495287,0.5858828,5.6894975,37.327446,32.37088,172.46275,24.893803,44.45126,0.9557243,18.104101,1.2271314,25.960403,27.33728
737960,0.18767127,0.026565528,0.054650497,0.03239936,0.15002559,1.1351897,0.054351576,0.22366674,1.4205676,0.29943112,1.44771,0.5480559,0.4338029,2.4337687,1.0376791,1.4249065,0.15153319,0.01919808,0.18898343,1.1654756,0.0065785325,1.2788581,0.61954916,0.068700835,0.97454244,2.7449741,0.054862108,1.7307925,0.12123836,0.09969152,0.50740117,0.002205303,0.024494054,0.27088434,0.6173268,0.0011673467,0.077855825,0.0028830722,1.497737,0.0001268595,0.06820312,0.19614384,0.85362077,0.6266234,1.4377248,0.0074643167,0.003220894,0.29537436,0.000700169,0.38998616,0.81330264,2.2729838,0.002643658,0.0002947336,0.021069441,0.029343076,0.36474794,0.39901632,0.003697827,0.82646304,0.012316079,0.006651793,0.68635327,0.09630419,0.038057804,1.2739729,0.12725233,0.023043957,0.0146499565,0.075483695,0.07484978,0.45540223,0.025316944,0.70172185,0.012493913,0.92884165,0.7589388,1.4894788,0.087822475,0.57026505,0.045193586,0.2465972,0.10646276,0.02860549,0.0486443,0.061186258,0.063203484,2.491794,0.116801575,0.17714125,0.19727835,0.07804674,0.44367248,0.2262323,0.503306,0.1157064,0.47396746,1.1778709,0.0009338709,0.31137395,0.8944018,0.32568684,1.334798,0.0032029094,0.6291249,1.0179127,0.57131773,1.0428166,1.168569,1.6770295,2.5681999,0.04099555,0.028748386,0.030708559,0.52445894,1.2756974
742549,11.208593,19.69745,6.9235225,3.931078,25.2968,12.529897,1.7461072,17.278017,1.6645511,46.516533,0.07318797,1.8826636,0.02477662,15.863748,1.2018052,7.555136,0.01270519,18.932947,0.015946573,10.118846,18.697054,9.945838,13.296939,8.370074,0.16178182,2.045546,9.333515,27.387167,0.98979706,6.311663,0.388892,0.1557221,13.782437,1.7359962,1.3030916,3.103104,1.7317374,2.1738868,20.815054,1.1351211,0.22351292,0.0040378445,39.726337,1.3891852,5.231818,3.036253,11.022504,0.920439,0.40557322,1.3714641,55.33429,11.568582,2.7056253,1.2748996,1.0264193,0.14709802,12.897052,0.8547782,33.08846,70.23557,12.869899,4.6725736,33.673958,25.948116,5.560578,6.7170672,0.8934041,1.3181815,3.3205655,9.947819,0.0019066667,0.18750598,0.7364302,1.5385787,6.3445086,7.9434223,5.496809,4.381491,3.4567125,20.061972,0.61010015,6.6905766,6.025071,8.6694,16.152546,0.20164578,11.022425,18.899487,17.903624,0.0014380697,36.472702,7.1171093,3.6235194,13.615277,16.783182,25.344027,0.8820229,0.6691566,3.9526238,0.2313282,2.8622198,0.20202506,0.0010824859,17.484488,12.740137,3.2514615,2.8158526,0.04696657,18.462696,3.5221972,2.769014,3.7228532e-05,5.5110307,16.84854,73.21747,0.94395214
744553,0.18928656,0.038541798,2.5266473,0.7897782,0.97252065,3.3027928,0.4303551,2.286502,3.1234488,0.544673,5.7126975,4.344704,1.6518117,11.099619,6.272595,8.412703,0.49974915,0.003461417,1.5665605,11.733266,0.9490766,7.5145264,5.964662,2.7208605,3.077717,15.246127,1.1717368,9.824264,2.1715138,0.041066345,5.0647416,0.26442343,4.882033e-07,1.5902429,4.820031,2.8090336,0.065625526,1.7998862,7.220488,0.25421545,0.91638976,0.6329012,1.06623,1.2799648,4.56376,0.4928771,0.14671206,2.2918391,0.03832945,0.09548923,3.260031,12.4146805,0.13558283,0.057953153,0.013899095,0.5124379,0.6838526,1.5292027,0.022765163,1.9180546,0.010454997,0.005345144,7.8979516,0.89117414,0.9343233,7.799159,0.018858694,0.035527,0.6164951,0.62475765,0.7927188,3.0775936,3.7968202,8.900923,1.6111206,8.074879,6.9310412,8.674928,4.930996,0.4527528,0.23400526,0.9060487,0.0014735892,0.9912216,0.3755069,1.371645,1.0292524,4.385734,0.019430999,2.853168,0.15661722,3.9767623,3.4465175,0.864516,0.9271115,2.3453314,2.5920084,8.17672,0.018097404,7.766283,1.7895567,2.4752493,4.0759163,0.027403712,0.42119247,2.0247097,2.245667,6.492217,15.9191885,9.228654,8.065931,0.10903518,0.42509538,0.6038037,0.871803,3.508861
748258,0.09759699,0.023025827,2.8354337,1.3125755,0.8307116,2.1265259,2.5832796,3.9981167,1.5902182,3.1851096,2.3352587,6.7149444,1.7817203,25.758692,8.210998,19.382353,2.1925452,0.045705546,2.112222,17.84724,0.5398269,7.9214926,7.7671466,4.9571643,1.6214937,19.25564,0.8644831,12.052977,5.2005906,0.22823738,10.82845,0.1934314,0.02773037,2.5874856,12.30156,13.882039,0.022460135,5.6190515,10.768201,0.56774217,0.5477941,1.784664,1.1103532,2.4971035,3.7547762,0.7678512,0.4749291,4.524181,0.5919751,0.37199035,6.2521315,25.776022,1.2363526,0.0010414231,1.1598926,0.2699817,0.54351157,2.3353238,0.17238322,5.6552706,0.36374465,0.4907508,10.707044,2.7644153,1.4605386,16.739645,0.34432045,0.067341454,1.8847303,0.067112885,1.85771,0.7021418,6.1713467,12.814153,2.434196,10.538459,13.634502,13.131984,6.1259913,0.0023850168,1.0103754,1.3254675,0.29993343,3.615342,0.44893092,5.910793,0.6246639,8.11507,1.2631826,5.4635367,3.1209936,8.501969,3.7961948,1.5089923,2.2647762,2.5867777,4.8222675,18.55696,0.033827227,11.617965,7.2620735,3.8401153,9.027221,0.01803415,0.0054077287,1.2959075,4.6664915,10.96644,22.23647,6.210863,5.444157,0.29744467,2.3910263,0.3336752,2.430046,0.7411641
748662,0.88595283,1.2480288,0.922574,0.70382255,0.77738446,0.23903424,0.8998059,0.46096236,0.026151385,0.15636128,0.04691853,0.08821147,0.009252477,0.023549119,0.91500044,0.97298497,0.011625957,0.62903816,0.7007696,0.21153939,1.1261761,1.9502462,3.141556,0.31853196,0.002032121,0.17601493,0.30394298,0.7950669,0.33674875,0.0065416973,0.0005661292,0.22565818,2.2776835,0.1378242,0.21446522,0.36257818,2.1752737,0.6974582,0.46267152,0.074140705,1.8584746,0.58376276,2.0367527,0.056074586,0.81576633,0.039935768,0.9692914,0.0069269286,0.0038401438,0.006870461,3.2882652,0.9664869,1.9741108e-06,0.01749934,0.040142376,0.16501325,3.4518456,0.44233277,0.15018968,1.5125651,1.3422241,0.14687967,3.439551,0.6471417,0.40933353,0.0074919285,0.046878386,0.0016096638,0.73657846,0.0035556667,0.12851802,6.897281e-05,0.0060507543,0.099951655,0.19013005,0.5470265,0.19046053,5.726608e-05,0.35637927,0.5254313,0.12417396,0.28429917,0.039435968,0.23010354,0.9182093,0.0913838,0.32547632,0.43308347,0.06345428,0.08068753,0.7254525,0.025625296,0.30242133,0.69366205,0.7093023,1.3894216,1.5200083,0.10577025,0.6331941,0.010289943,0.1005068,0.11154612,1.899107e-05,0.2707487,0.80086416,0.003257429,0.13519117,0.00027918967,0.771109,0.1646895,0.7152043,2.7448635,2.0576828,0.58450496,2.5304863,0.12192716
749058,0.42406794,0.006141713,0.7518161,0.68772525,0.73871833,1.813012,2.5955708,1.3062395,1.3981493,1.6738317,5.2041364,4.448984,0.35095155,16.938686,7.2003727,8.147126,0.14270031,0.53152674,0.48317438,16.17509,0.83228195,8.134072,3.1710296,4.123257,0.7256316,12.669451,0.30037487,8.668933,4.56054,0.012092098,4.5031853,0.6548244,0.0011669598,3.6865952,12.706203,10.87138,0.008976928,7.2178693,10.442407,1.6327192,1.0424335,0.052405573,1.1142502,2.4714906,3.7377577,3.2963848,0.9236214,4.1616406,2.2272797,1.3067485,7.6923656,11.171243,0.074700415,0.64233845,0.0190366,1.5753804,0.6093843,4.0127664,0.6543327,9.330961,0.04934248,0.12983564,12.630779,0.17065309,4.993283,8.801919,0.396196,0.5652488,4.966487,0.14594984,2.2111487,2.4668968,8.951259,15.880705,6.0921087,14.015168,17.190016,15.357202,5.027284,0.2813213,1.3219324,0.4019278,0.3354907,1.4194657,0.94626147,1.8183674,0.4113873,7.8854766,0.069417946,3.4587154,3.3015995,4.782011,1.3464546,3.586967,0.82943195,2.0882564,2.347947,8.681641,0.16609266,5.786967,2.459705,4.498077,3.7969167,0.05728107,0.17944789,2.316594,1.5191331,5.4526014,25.312292,10.138934,4.5743027,0.42089576,0.1047702,0.09385517,2.0645669,3.8719807
749361,0.017231803,0.027430626,0.0026077775,0.012308251,0.0065437467,0.0054720137,0.0006553866,0.0053251195,0.0032187158,0.011022132,0.072173975,0.07174786,0.01581734,0.033620775,0.0059122555,0.030657724,0.017220378,0.123930685,0.15164702,0.13188167,0.0071040625,0.2751938,0.0040517347,0.005801921,0.0040103043,4.2571864e-05,0.0004513722,0.0048652305,0.0015883171,0.011554963,0.0030861974,0.0044950526,0.0071564494,0.022741837,0.15703285,0.039394177,0.0910567,3.2874872e-05,0.0006536893,0.02972296,0.047816534,0.006164354,0.0009662276,0.11891098,0.008223859,0.10195076,0.002068504,0.14081188,0.00067844265,0.11848477,0.033033505,0.009086125,0.006073385,0.020606348,0.003900516,0.0008600252,7.3384515e-05,0.010201944,0.06735114,0.16758771,0.004354163,0.08991606,0.0047520343,0.12438135,0.017792353,0.011142647,0.018267581,0.06306536,0.03306306,0.091918826,0.09896731,0.00072253967,0.044698093,0.012047427,0.019822558,0.03178956,0.010513375,2.7741405e-07,0.011936638,0.1669554,0.0106991045,0.020425335,0.004359927,0.058515448,0.0043849326,0.010860871,0.005946776,0.010172368,0.0006846837,0.0035430002,0.05859358,0.2699546,0.0042901505,0.18500823,0.0027322248,0.10665443,0.109119296,0.0038405384,0.06011126,0.009315206,0.07657832,0.07488256,0.0022972,0.0010875248,0.02215208,0.09742231,0.010578523,0.054573808,0.2737898,0.36522576,0.6331239,0.23832156,0.1684731,0.013587598,0.014841262,0.21649007
751348,0.0019173642,0.0143763,0.007114579,0.14612731,0.13862285,0.0034171846,0.002987451,0.024669584,0.035228673,0.00438455,0.009293172,0.015729433,0.04479703,0.020699589,0.0056603737,0.008005315,0.002650101,0.07940318,0.0010540795,0.0024887486,0.0219118,0.21618837,0.1265904,0.00081672496,0.023806872,0.0009862011,0.014255726,0.0021837247,0.23633642,0.01876089,0.0006006742,0.034313183,0.13504466,0.0010227495,0.016425215,0.0017860278,0.43918306,0.23408417,0.05880689,0.042429052,0.42843324,0.08987885,0.07126718,0.0020359464,0.17391142,0.02607176,0.11086574,0.20174704,0.013214867,0.02558439,0.06251465,6.0142514e-07,0.00085706054,0.051563643,0.07787241,0.030770008,0.14614846,0.0066150925,0.0703535,0.0063689738,0.023034384,0.00939089,0.32064727,0.00017491532,0.051085327,0.0003067858,0.004186029,0.012170187,0.10515347,0.038801778,0.7306513,0.20547289,0.00022499062,0.013724222,0.42257303,0.22000885,0.1031085,0.073681094,0.18064223,0.10747807,0.010733602,0.028290283,0.5031299,0.08554887,0.0019584592,1.7630335e-05,0.4812527,0.03903991,0.00061707286,0.14423811,0.08042163,0.27970234,0.0070223333,0.00019365217,0.048990697,1.6488202,0.058576327,0.15793896,0.023304943,0.0007486393,0.018661592,0.02068163,0.0065544164,3.5424182e-05,0.014726703,0.0009783086,0.008087605,0.021918157,0.17295223,0.6316335,0.6009588,0.001996377,3.3291843e-05,3.4319007e-07,0.001326372,0.12844461
751550,158.94617,161.81583,127.26073,20.368172,222.64844,95.41423,68.404976,139.65547,17.916773,392.21454,1.7605766,15.490207,26.695591,140.31682,1.6288996,88.4591,0.38230318,111.2986,1.0441245,35.01635,179.5252,23.2318,55.779434,38.990196,0.10570703,16.086535,97.70282,203.59688,3.488178,27.171759,1.473058,1.23768,85.68545,2.6167886,0.026277672,15.428368,10.251188,3.625501,103.49356,21.953857,27.286304,1.0591147,331.11096,16.876713,46.75844,43.1191,77.43037,7.7098947,2.6407712,15.631601,410.20667,135.02582,13.397786,8.42548,11.867062,4.8723416,115.81284,4.3675675,219.42134,476.98468,89.66425,41.126717,160.87509,205.41592,14.578959,107.93833,12.34328,47.671635,0.26633263,124.97788,3.3180358,9.329568,20.572252,37.80919,71.77642,88.1809,79.996605,76.5875,24.655602,113.781525,2.9500804,55.52805,71.139114,51.54676,119.28779,3.751798,59.756813,207.98657,83.850975,2.1424437,238.34685,25.336744,36.41604,117.41097,185.05447,262.52432,1.6556337,0.058664948,68.25234,14.156258,21.234343,6.529299,2.2928138,105.58126,87.52125,21.359747,42.25361,5.7094183,104.41256,91.78859,0.21023902,4.7826343,126.65727,102.80427,661.65546,34.441998
753150,82.25941,82.100784,67.111885,7.739429,129.67233,55.246777,39.519657,71.71488,15.847294,196.07124,1.428807,10.108227,22.477888,82.078926,0.0045220354,64.35642,0.31272477,57.00691,0.745414,11.948609,80.1779,14.358037,26.957611,18.671104,1.1911743,12.179663,62.21849,123.926285,2.1741445,16.34429,0.9178286,0.19695789,40.564857,0.72506624,0.18965004,10.427258,10.95194,1.6433365,44.98751,7.846172,15.131739,1.2381209,179.85843,7.859362,32.589436,16.490543,48.00806,2.7053652,2.841944,8.272666,228.80841,83.44917,0.81284815,3.8958251,11.240854,2.9202504,63.43137,2.710932,85.69507,196.8637,53.8168,20.048527,88.973404,114.94548,13.550506,69.76155,4.93346,15.934144,0.33292317,57.606567,1.4661312,6.1043267,9.971705,16.477425,34.881275,46.92621,45.44274,42.27612,13.824222,58.153397,3.4705982,28.388693,39.05323,31.933435,74.36128,2.1814036,26.787378,106.64038,25.74875,2.8973248,93.120636,7.2213364,13.566724,71.49244,93.032715,127.62096,4.635964,0.22045377,37.662,13.074811,4.5614233,8.619222,3.052308,37.871197,32.261944,2.8677082,12.22736,0.99664575,44.313854,44.162243,0.21193461,6.4045944,75.20105,43.198357,291.90515,13.108145
753251,0.10706354,0.012359894,0.2382068,0.3492666,0.05667628,0.32695243,0.08740434,0.4007491,0.64593333,0.2490611,2.2452397,1.2649636,0.21020773,0.54418457,1.2939852,1.6595677,0.035549987,0.012673089,1.2781374,1.7122077,0.0002652246,1.2366151,1.3119664,0.8783825,0.21948805,1.6497673,0.060221035,1.3161764,0.543033,0.005319651,0.1817869,0.021699347,0.061977293,0.35384163,1.3593186,0.51635194,0.12307842,0.2899826,0.5412162,0.6215557,0.25676608,0.008915691,0.10967114,0.41815394,0.72992814,0.004956202,0.106265604,0.32375178,0.021203889,0.011775539,0.15247282,2.1557627,0.0050680754,0.046319842,0.1519628,0.15138797,0.041211206,0.6768466,0.42545563,0.005357597,0.0015228979,0.14577624,1.1787663,0.026445558,0.19797476,0.7211765,0.039263237,0.0434887,0.14877807,0.06847197,0.5517386,1.4714863,1.0996757,1.3619066,0.5612549,2.0120847,2.151379,3.0803308,0.9759806,0.096493125,0.18479781,0.004634084,0.15321656,0.6279433,0.0089229755,0.06833762,0.004809086,0.294901,0.034372114,0.56396043,0.0015707869,0.54008263,0.4393568,0.1797362,0.009405902,2.7183497,0.70230466,1.5841243,0.069260806,0.4790553,0.025471862,0.0025926288,0.041973468,0.42073452,2.420436,3.7229605,1.6191975,0.019143464,1.88263,1.6571262,0.6770464,0.031159239,0.120268315,0.14617464,2.171743,1.4420441
756055,1.3590665,0.15951288,1.6314225,0.80628896,0.46843374,3.3496053,5.9638734,2.866915,0.5362011,2.8962421,3.1950572,4.870668,0.24077597,33.471416,7.540829,14.389787,2.5089884,0.047184404,0.64713687,15.385138,2.4666977,12.226498,6.695769,4.488105,0.6087043,20.143072,1.241121,13.943452,5.0371227,0.0058405134,9.2602215,0.4039718,0.83241045,3.2699542,12.01101,11.587943,0.010234311,9.1640625,16.439455,1.5119321,0.7893367,0.18689494,1.6065458,2.0502605,5.620142,2.416941,0.8802982,5.35718,1.604869,0.18411247,6.661901,29.344889,0.37105224,0.06491342,0.090274625,0.87601477,2.5494957,1.9661674,0.48846135,10.361724,0.34408256,0.7677287,15.789375,2.91937,3.570681,18.491499,0.103275925,0.0015765729,1.4375876,1.4129078,1.264659,2.9893188,11.760615,23.057583,5.4106264,15.804404,20.21443,22.318947,6.582149,0.111086324,0.6922617,1.742589,0.6253961,4.7818522,0.8082669,7.3648486,0.32645413,10.0072365,0.26458892,4.9328294,4.2382507,3.380325,1.5953524,9.092524,0.2818824,8.885275,5.084943,16.017372,0.16260946,8.489993,6.8373337,11.076094,7.2090926,0.41884783,0.24929439,2.1707487,2.7463994,12.488547,62.0418,21.047432,10.407915,0.7467884,0.26509142,0.59047973,3.748179,5.957502
757764,20.589962,0.3267002,0.017008023,14.108962,10.608381,76.90334,179.82901,92.64552,29.245743,69.67997,135.69594,189.52106,2.9777932,722.2187,183.66933,296.64117,0.54716796,0.7788829,8.4700365,286.22742,55.269314,164.62779,97.62249,203.00916,33.928394,441.65625,53.856438,347.54565,273.2989,0.21432067,317.26727,44.395626,8.475023,122.70178,360.1346,448.1077,48.024784,192.53407,258.2569,69.99534,6.945454,0.41218644,0.27926263,11.42741,147.49707,59.11559,7.902763,70.93879,3.580466,32.430576,114.93955,571.1442,57.12281,15.254235,27.133036,28.892378,10.264632,88.392235,0.052060418,180.68956,7.6558084,5.426701,440.54477,14.713388,160.51263,364.45572,9.994331,4.4793205,169.24702,13.953067,26.973879,23.403612,275.95828,452.16306,111.66682,260.0321,370.20557,379.79364,252.77075,120.90086,84.62984,0.20729722,63.25799,88.08435,57.01329,197.15668,28.786093,129.0446,32.334118,158.03777,81.01274,158.948,77.48326,17.390034,24.025845,29.447754,155.23354,463.87213,4.243144,157.68184,68.421036,111.27498,151.271,2.1634011,2.2092216,57.79939,18.000727,159.93407,836.34357,120.097,60.68991,26.522486,39.325752,3.845116,138.12573,170.67119
759869,2937.7468,2855.2725,2520.3818,292.3834,3768.3906,1335.7012,1369.3766,2506.9736,271.03613,6708.7163,7.868524,159.83237,657.37573,2321.9768,51.954014,1674.0214,10.523446,1442.1498,57.12891,316.81226,3175.821,158.86818,609.2275,525.1617,1.5139941,198.55313,1804.8197,3222.4197,6.697083,211.09958,8.076032,85.50305,1103.9617,1.6181922,52.503765,116.100105,108.42648,0.27239138,1863.4791,626.8757,483.79013,133.98936,5530.786,287.64072,782.08923,930.9638,1098.8204,164.08118,14.159279,200.55923,6720.257,2364.7014,171.0082,147.29416,124.443596,21.384243,1861.5085,43.38971,3770.1917,7559.06,1341.9453,558.9734,2076.211,3311.3586,127.19584,1851.7604,290.64935,1222.0737,59.068054,2467.21,160.85115,287.62656,609.0542,1047.7213,1939.0704,2208.0059,1801.4031,1682.6426,268.6656,1363.0367,10.095162,801.4361,1074.2717,549.89136,1816.9498,33.651936,1078.4624,3558.7224,1421.257,24.306957,3948.018,328.45636,580.9296,2352.3003,3400.8572,4754.0063,19.909243,4.139282e-05,1278.7374,262.88895,366.56662,140.00182,62.023518,1537.6116,1178.315,308.464,619.5887,46.130745,1884.7404,1424.9375,15.275497,81.412544,2283.7554,1535.2052,10941.83,852.6063
760551,0.12757245,0.07610861,0.08527277,0.15995802,0.17475747,0.029597325,0.04793891,0.057513807,0.17861758,0.18018496,0.082118206,0.58799136,0.017689195,0.05185277,0.0005618058,0.18735546,0.0688942,0.10265356,0.055750564,0.018769316,0.004773001,0.12634346,0.0069440436,0.0132453265,0.02100773,0.03216151,0.23684825,0.25215864,0.013710833,0.04655294,0.07675876,0.0031470843,0.0009672307,0.015936587,0.033167206,0.014433394,0.0274159,0.10216773,0.038580284,0.0006201386,0.018630445,0.012026368,0.20765872,0.05942393,0.07973765,0.11043316,0.032529738,0.014882366,0.015267356,0.15483867,0.04177215,0.16168933,0.049324658,0.0032794217,0.016350698,0.009748066,0.23519178,0.40417004,1.0315493,1.8293778,0.14472643,0.18686147,0.0041207196,0.095046766,0.0075940695,0.09164875,0.00704751,0.02640587,0.08267792,0.049429506,0.030299162,0.008339317,0.042017955,0.0150884325,0.112923056,0.2822153,0.016547482,0.0116713485,0.06389921,0.039323222,0.00018008002,0.03751958,0.06739732,0.20155546,0.021241216,0.113704115,0.13659495,0.0015603157,0.016324155,0.02160846,0.1870229,0.002478465,0.031789515,0.030995976,0.050541814,0.08273953,0.110239014,0.0045286273,0.001502925,0.012398159,0.022820596,0.0003541224,0.0066924565,0.004003919,0.036132984,0.011206831,0.23591718,1.1789765,0.26835588,0.06274683,0.030103533,0.010853679,0.0012735556,0.021488696,0.09658557,0.04828327
761957,0.0024506766,0.04766839,8.23094e-05,0.0053076856,0.0015412751,0.009370649,0.030713512,0.0034937086,0.0035574476,7.080092e-05,0.00083643507,0.2151378,0.01040583,0.0031203243,0.00029458216,0.21589863,0.040394112,0.026464414,0.015983114,0.06466185,0.010145561,0.0037728513,0.07232956,0.0009950503,0.02776215,0.010303776,0.05053237,0.0025094755,0.020502394,0.0036636293,0.02274727,0.079677336,0.008897319,0.0018155451,0.18620369,0.03793335,0.22664525,0.00025493786,0.017649295,0.023552632,0.18018658,0.001644505,0.02575045,0.025354495,0.026474688,0.014043237,0.009540201,0.00022866036,0.17914583,0.0021721253,0.12955268,0.0003216645,0.05053431,0.09654793,0.014798964,0.0281039,0.010114084,0.0012496158,0.018783774,0.34323725,0.06457435,0.00019337524,0.15400721,0.0022182816,0.08561541,0.030206334,0.05956385,0.022352936,0.031130906,0.0039138347,0.036057632,0.07929626,0.0043461216,0.07703811,0.024618963,0.09268806,0.009323799,0.0011573122,0.09420414,0.04027455,0.06579881,0.05032442,0.5362827,0.2725154,0.014304466,0.10121342,0.15714791,0.11086108,0.002344001,0.08344223,0.006245596,0.028154362,0.010697069,0.10415683,0.020242678,0.27030402,0.0055034603,0.0033645772,0.00094737276,0.0048199776,0.000493083,0.03672062,0.0416003,0.032109752,0.013298543,0.02952219,0.6321739,0.00030293828,0.016324215,0.005319929,0.104047425,0.008148837,0.0752759,0.00022426524,0.009606077,0.03431877
763557,4.246378,6.7269998,0.33025995,0.1239314,14.457278,5.582667,0.06738893,4.985549,0.081446715,9.893726,0.045251183,0.061118398,0.13130572,2.1703424,3.6970446,0.33929157,0.010264902,1.7921191,0.00766045,1.5257716,13.102595,1.0700796,3.209066,1.0980679,0.33412632,0.37376747,1.0273935,7.0601788,0.008594506,0.060149778,0.39706194,0.57396036,3.498099,1.8208113e-05,0.020973032,0.2644964,0.11642004,0.003214213,5.807681,1.9421309,0.008524792,2.4416924,17.802338,2.3234646,2.8995109,2.226881,3.503129,1.330084,0.09229603,0.05932116,28.07191,6.183604,2.6135094,0.12516975,0.5250291,0.4435888,10.720484,5.931243e-05,12.456891,36.317894,3.0436184,0.2905324,11.139932,7.213946,6.3613863,1.6738437,0.5177277,0.5396903,2.453329,2.2454169,0.0040138597,1.614354,1.7351326,3.2686133,4.5840263,6.6897388,2.8915544,4.5022273,0.6869289,7.775613,0.026201608,0.67609054,0.76075613,0.7907169,3.960975,1.7613134,5.7914114,2.4771078,10.209592,0.0076521994,7.717837,0.86322945,0.52887744,5.037263,2.7045364,11.041067,2.2964623,0.015686618,3.0105448,0.2285147,1.011471,0.12997493,0.40725958,9.604191,0.54796845,0.30197304,0.65424716,0.07748267,6.6608243,0.036841586,0.5437489,3.5893223,1.6104201,6.519568,20.115265,1.223925
765056,216.41316,219.97275,184.5521,26.246717,302.27072,117.978745,104.40843,192.41867,29.199184,493.3733,2.3190563,17.17582,46.745975,185.78304,0.45277286,135.53123,0.63474345,131.87238,0.4853832,42.78688,204.54756,28.619402,68.84908,46.774616,1.8022099,25.66141,148.57329,265.29068,3.4713955,31.606876,2.2412305,1.242274,109.9223,2.845365,0.1168326,19.312283,23.013624,2.1489706,120.384514,29.499166,44.063995,4.0010777,420.06946,15.917678,60.77296,51.60219,106.8917,8.472701,4.5316834,19.274414,540.46246,182.12427,5.061561,11.477888,17.826315,4.0278487,155.87079,5.891327,234.97252,517.7352,124.45887,51.56754,212.60274,251.9936,21.61885,138.3768,11.930073,60.83923,0.054209165,155.70702,4.2905464,12.696322,24.730293,49.890507,101.69274,130.28822,99.06377,93.58422,35.933186,126.17821,6.187605,67.8019,81.09155,58.07834,166.6496,4.6147785,81.69495,256.14536,82.66323,3.0525138,248.16116,24.383718,27.852562,185.94264,224.18695,303.1112,5.592175,0.18516666,100.75752,20.01546,14.164892,12.642533,8.52248,105.2751,99.669136,22.433392,26.923534,0.0040159067,112.09042,106.85205,0.47118187,6.6203337,162.94827,99.51858,778.7502,43.938293
765864,0.02845562,0.17410891,4.5808463,3.9007852,2.904357,2.8980324,0.051469807,4.446842,3.7837348,0.37905815,8.982666,5.0421014,2.3576143,8.166528,11.851198,12.064621,0.06919211,0.335021,2.9250247,16.267473,0.3296672,6.2009206,7.443433,4.9809465,2.403253,14.950582,1.4335989,8.963873,7.173252,0.0065026395,9.155894,1.3009332,0.7155229,4.8292274,11.832317,11.157452,0.24537253,3.791247,5.582155,2.201165,1.2623591,0.03790445,1.4963136,2.7733827,0.044124402,1.8851975,2.9322205,3.6186051,1.5448081,0.9425793,5.612719,6.4753194,0.02005129,0.115737505,0.58620363,1.9138759,0.123086765,4.8740897,0.8597706,9.838002,2.2634935,0.60206413,12.019602,0.15192524,6.1101117,3.5480661,3.1761034,1.5042871,1.3156817,1.1209766,2.5898557,3.4975283,9.437387,13.150047,3.9963207,9.288536,9.731204,10.679049,8.735714,0.16766733,2.4846275,0.14142144,1.9768093,2.305269,0.71059,1.3028929,1.0055548,4.250506,0.006933687,3.4892514,0.07986919,7.7597117,3.269655,1.5191467,1.1060902,6.61262,3.0452423,14.590906,0.11369667,8.757868,0.67691517,4.1147776,2.100074,0.7176982,0.41386962,4.1369596,5.503784,6.696979,26.907446,3.400682,2.2096362,1.4630253,1.5091475,0.03496273,2.454259,5.6655536
766563,0.7923525,0.07530458,2.141343,1.0112894,0.30772293,1.939556,4.804272,4.171512,1.7157058,4.7673736,6.024356,7.091768,2.7097702,35.258923,11.702064,24.088758,3.045314,0.2585613,0.45202252,20.32967,1.0829768,9.739309,7.4062867,4.895847,1.372031,20.24579,1.6831858,14.858704,9.253524,0.6490602,15.040387,0.19891338,0.15557088,3.193014,15.978972,25.233128,0.0007168289,7.863226,18.861387,2.145977,1.5401578,1.3562027,1.1426228,4.122589,4.978296,1.9321768,2.0779603,8.737232,0.18875165,0.41226444,6.639647,31.187092,1.0600306,0.06129594,0.28526866,0.5824401,2.1723175,2.53311,0.07580149,9.000243,0.27934673,0.8557867,16.776573,3.1358368,2.977018,21.08597,0.4435968,0.25438005,1.2914114,0.6704744,2.2540305,1.2042987,10.285209,19.719622,3.952483,12.872569,19.475302,18.473753,9.295215,0.5541197,2.0256438,2.008092,4.3254642,4.439383,0.5404525,8.016736,1.444069,11.138138,1.1042236,8.447595,3.090101,8.440205,4.1967893,4.200814,1.3590832,6.886903,9.523576,29.347431,0.06391953,14.347633,6.5918145,9.768422,9.744842,0.22531189,0.101330094,3.8842793,10.621395,11.258342,32.044796,13.267464,17.226973,0.2435959,3.8521502,0.081824645,4.8416505,4.3905787
767464,0.37273324,0.02027584,1.800193,0.54755414,0.4823769,1.556635,0.03198164,1.1585336,1.2945758,0.42714345,5.9930773,1.6881024,0.60269713,5.1154237,5.5334797,4.1440973,0.008790369,8.042194e-05,0.9187054,5.6328588,0.037126977,2.3045876,3.21118,0.86166257,1.0855122,6.4883323,0.8001783,4.0661125,1.773001,0.0016108131,2.842551,0.07169772,0.17897701,0.9820811,4.2658253,2.1995203,0.19032668,0.46882805,4.904201,1.061918,0.44930282,0.26157707,0.4427387,1.5859926,0.60971135,0.18968286,0.86945266,2.0408576,0.07048291,0.052001722,1.5701417,3.6123736,0.0538456,0.27297235,0.29610524,0.73161113,0.00868068,1.2229253,0.13604634,1.6106927,0.15655482,0.15923756,2.7071521,0.57662916,1.4991485,3.1819336,0.43089786,0.24794856,0.14691222,0.48065978,0.63204134,0.6297861,1.2089237,2.1865077,0.7756699,2.003529,2.6514375,3.8182404,2.9120846,0.09415113,0.9907026,0.16315341,0.24619575,0.91239035,0.04413474,0.37852743,0.06767518,2.9939532,0.012041734,1.7407024,0.0007378722,2.671221,1.6295733,0.37768143,0.12909791,5.8646727,2.6237323,7.9572587,0.16271435,2.7592728,0.34052008,0.8536351,1.2226274,0.38886863,1.2972989,3.0448208,2.6149592,0.24171865,9.980606,4.94022,3.794464,0.8299849,0.016410466,0.17259353,1.7109365,6.9441257
769064,4.0391655,5.579382,1.8046653,0.13879755,7.4597254,2.5482073,1.6599867,3.1805894,0.3075641,3.3970628,0.66902703,0.3109325,1.0524387,3.9604237,0.021511856,0.83737075,0.37790212,3.8086293,0.35787693,1.6398706,3.6060197,4.246097,6.1719747,1.3314811,0.020903395,1.3287183,3.468399,8.465149,1.5905747,2.0635605,0.02924521,0.0065987557,2.9142373,0.87362,0.54070336,3.281142,3.744991,2.9864786,0.02087309,0.04596429,1.9314382,0.19178244,7.7932568,0.0045798807,3.0468721,0.00077058614,5.1865673,0.008951431,2.9268486,1.3524528,16.279543,4.5701604,0.008257513,0.9962131,1.6133096,0.8254795,6.169885,1.6561322,0.021574968,3.4978962,2.7998168,1.4712873,7.8759656,5.180109,1.8428051,3.9334722,0.07087466,0.09915137,3.3481808,0.053711105,0.22452378,0.33183092,0.044524685,0.057886377,0.005450492,0.08651174,0.093532644,0.048345216,1.3544055,5.1723866,0.40961036,1.631006,4.4703493,3.9091504,3.4646413,0.11134022,0.0018613574,3.336453,0.6624533,0.69415814,0.025812449,1.5488008,1.7713362,9.949643,0.6843237,2.6208012,2.937122,1.4666762,5.6028137,3.4238496,0.47461656,3.521771,2.1073256,1.2415513e-06,0.7498891,0.2684217,1.9736336,0.42443725,0.17097178,0.16737929,0.10001736,3.8769984,8.578559,0.21670711,8.501465,0.0056037754
770352,3.167658,1.8014222,0.9527111,11.264941,4.91826,27.338861,31.09416,36.343388,4.7668405,4.1918573,27.278095,50.911507,2.0893095,109.33267,40.92436,94.9854,0.119339645,0.5434393,3.8731334,89.23445,13.656288,47.642193,24.389954,64.3949,13.908939,107.30078,14.225197,91.13878,67.60431,0.3150014,87.73066,15.420037,0.022034965,31.984205,91.46501,109.442726,1.6549662,43.42215,60.494514,21.935375,5.725037,0.28467074,0.18105088,11.242354,21.932768,16.80257,7.788195,30.193792,0.10044861,12.812828,31.110765,76.32043,4.2681203,9.17695,1.6336737,9.632807,3.1005254,31.890308,1.2833009,49.27161,0.39875627,0.09329742,93.176636,0.47210532,35.545868,51.694145,0.12175552,0.00737618,16.932137,2.8534923,6.399877,7.389233,73.9275,120.33898,24.711369,51.03808,88.76373,82.53771,60.843082,19.962849,23.900856,0.92714065,8.175597,27.878756,11.603694,22.160978,3.6527002,17.92704,3.2090633,45.09247,4.298288,39.499702,36.60589,0.5587654,0.95840245,9.277278,48.29725,125.519196,0.04458208,46.46541,4.7517734,8.694504,17.513231,5.0723605,0.45281553,23.65594,14.593268,26.32339,176.32133,32.193527,30.97965,5.922093,19.985123,1.1946304,37.611683,43.019745
771354,0.0036320216,0.068126075,1.8202364,0.51327044,1.2954527,3.5314867,0.38233414,1.5459098,2.29307,1.3278565,5.871312,4.525022,2.219204,9.420317,8.757627,8.672907,0.20235199,0.025414992,1.5003394,11.84845,0.7266759,5.965728,6.6240396,4.380969,2.27841,13.352223,0.85413945,8.875091,4.717886,0.03586591,7.1385517,0.5747032,0.057332795,3.211976,4.916163,5.0081325,1.0562476,3.9889836,10.146376,1.0609815,1.695409,0.026794529,1.3771576,1.9882014,2.277626,1.421069,0.74371606,2.9267774,0.93105215,0.3014183,4.62072,9.777307,0.0648095,0.016881732,0.0044437265,0.4083556,0.21138754,2.5620134,0.32107368,7.150063,0.13956112,0.18232901,9.437877,1.0896491,2.6328824,5.950272,0.21585897,0.36919788,2.7979698,0.06483371,0.844869,2.547186,5.4801207,7.922909,2.1457784,7.5132504,8.993053,8.922407,5.8587813,0.049400542,0.6208463,1.1095668,2.326466,2.324197,0.40360108,1.6921767,1.3693889,2.4818044,0.0013855636,3.0474048,0.9264052,2.0011914,1.6353115,3.0084717,0.14934622,3.9580445,1.9904118,6.778508,0.0004895973,5.325314,4.440264,3.4399416,4.971958,0.00032619748,0.06435531,1.0289605,3.2558756,4.4473963,14.128033,9.785218,5.0305142,0.049163185,0.4828536,0.995768,0.94585985,2.1158094
773257,0.9308711,4.196182,13.149958,12.264118,3.210178,22.199833,11.980571,30.38266,8.09498,10.892942,35.725784,43.844353,11.194133,102.96506,46.672997,98.441216,0.7922554,0.10672857,9.053736,86.696884,7.180306,39.404266,33.738697,44.75677,9.803687,93.12737,12.317904,66.09369,59.492992,1.4699026,90.12989,9.011045,0.21496907,26.76801,85.26986,120.69641,1.3765982,33.630135,52.98077,10.866289,2.0666819,5.5862083,0.8640499,13.244477,7.7338305,13.724972,10.271897,30.875692,2.3816996,6.792921,31.933899,89.99851,2.8625603,1.6642199,1.5914283,2.7493503,0.07885295,30.148542,1.1701537,27.515297,0.487672,0.022339594,85.74492,4.0469346,34.587128,56.874992,0.000101380516,0.31515148,11.306802,1.2370889,10.074394,6.101264,59.50728,83.945625,27.133354,42.00159,75.2019,59.795578,45.72226,7.8699903,15.6398535,0.054609466,21.322956,20.37659,6.015159,30.995964,5.2850537,27.200102,4.32761,35.55179,9.421782,40.54011,17.717737,6.978714,2.6219382,20.49179,43.92256,123.11122,0.03150857,43.716248,27.84762,38.267857,39.497196,1.8005629,0.00074009073,16.512997,22.334332,40.403385,141.72609,26.440126,31.800358,3.6153286,17.65394,0.011886646,30.564957,34.42058
774663,2.155559,3.5828807,2.0167313,0.2102123,11.113581,4.142053,1.8649881,3.3904436,1.143794,8.699036,0.5356958,0.3392793,0.26372758,3.9404826,0.00076107855,1.3501896,0.16371994,2.6505437,0.3590815,1.344074,2.584754,3.5969174,6.1343017,1.3928453,0.76469445,1.4665873,4.333111,10.42201,1.1238433,1.7445544,0.02337937,0.0050758095,3.0925767,0.12823072,0.124335885,2.0990188,4.000205,3.349371,1.183471,0.009987242,1.5662913,0.056853067,10.153555,0.55641365,2.5263152,0.61752945,4.353412,0.26386222,1.0507914,0.22054394,11.6902075,4.2903776,0.16275866,0.038668595,1.2011929,0.7284626,4.418688,0.5148567,0.479861,5.7891717,1.7031107,0.6763072,7.812624,4.440582,2.1137776,2.5744908,0.012193732,0.004171742,2.7787151,0.50309515,0.17652844,0.47670895,0.3169543,0.45945492,0.00095254235,0.5376406,0.2758253,0.61937493,0.70157754,6.640791,0.055391002,1.3444154,2.2098644,2.4071608,2.3595026,0.033189874,0.72783524,4.0337067,1.7764245,0.6554668,0.9391671,0.20712334,0.01564462,4.8904305,0.051944725,0.05113397,5.577072,2.8446364,4.0124397,2.3437676,0.35513368,4.235645,1.1468543,0.22963007,0.6751764,0.14849186,3.5361917,1.6921802,0.26923522,0.37667513,0.6152083,6.091703,5.0394444,0.3208035,7.564051,0.19436571
779370,0.050462842,0.0040564435,0.6720367,0.74150115,0.04625766,0.83163124,0.05975468,0.91997916,1.3281484,0.1747808,4.3823476,2.624538,0.5377951,3.3816755,2.8593411,3.9522517,0.072717026,0.0015249477,0.5239782,5.2113314,0.1790265,2.5199394,2.9721434,0.5752076,1.0278854,5.9650264,0.09811216,2.8517928,1.2805626,0.10725823,0.69530827,0.13659596,0.16789374,0.76146054,3.2171543,0.32402363,0.28014117,0.61413485,3.2106333,0.09355175,0.23814796,0.001937708,0.9254698,0.40824354,1.7970124,0.17558977,0.012434782,1.2378542,0.15318228,0.034985956,1.6697589,5.1257334,0.0017021236,0.038739417,0.0023456407,0.19268747,0.021197855,1.8045987,0.02502987,2.5602462,0.014727176,0.05668705,2.8767314,0.22684114,0.51053095,2.4907734,0.026816051,0.157572,0.5683236,0.04524269,0.2536544,1.3041168,0.4180565,1.4343171,0.11226395,1.67922,3.008051,3.4709463,4.1651773,0.3764363,0.26014394,0.58597016,7.490459e-05,1.7017404,0.317339,0.41388306,0.46061495,1.2241616,0.004680425,0.84804064,0.45681822,0.25101534,1.9578893,0.3261074,0.08208859,2.4491923,1.2605275,2.0083828,0.0071685826,1.0328147,0.5418379,1.2403753,1.401841,0.12371499,0.70499355,1.1586068,0.32720026,0.8837487,7.564771,5.30085,3.0275586,0.32129845,0.08275778,0.30957785,0.8555772,1.132897
782561,0.008497897,0.07413038,0.120874815,0.19134644,0.012704804,0.051354162,0.07765,0.14551847,0.02211419,0.17597862,0.1437748,0.05350023,0.000726411,0.27430838,0.014632078,0.06711237,0.07307506,0.059981916,0.009248622,0.00397695,0.0370576,0.36152026,0.095092565,2.5390385e-05,0.0003131971,0.037727345,0.17722575,0.1996052,0.029296188,0.15182224,0.027664294,0.14991836,0.12069596,0.015598824,0.05536028,0.0005761726,0.22673304,0.0062731593,0.05675938,0.083583765,0.37131086,0.19935209,0.0030761857,0.06575201,0.037164435,0.03761868,0.013139835,0.038283,0.09206302,0.00029723143,0.15509413,0.03466551,0.11638567,0.008532168,7.438858e-05,0.00027651654,0.07990566,0.027377525,0.00020378412,0.012023682,0.0054788585,0.0011217849,0.00021937041,0.019525258,0.09614465,0.048281938,0.10714028,0.024260776,0.059430957,0.054716583,0.022373071,0.028007058,1.1321795e-05,0.00017577183,0.25490835,0.025750767,0.025109556,0.006362561,0.02037266,0.0013212037,0.116609275,0.11078556,0.20269205,0.3321518,8.512557e-05,0.00027939837,0.06951899,0.5291635,0.081121646,0.02170479,0.023752226,1.29531445e-05,0.008067509,0.8155475,0.060769398,0.005440431,0.1710427,0.0060764304,0.0383326,0.015745835,0.014586068,0.00077863096,0.059606582,0.0073597566,0.20890279,0.012800803,0.7256056,0.0019227079,0.0037941854,0.6920068,1.1181543,0.4511952,0.91126865,0.002537384,0.49826387,0.000456166
783462,0.009592534,0.0979762,0.020542376,0.22966655,0.07246366,0.050902247,0.029539403,0.11116972,0.010231267,0.020854829,0.0048165396,0.023035439,0.009727733,0.103566535,0.02565398,0.031396147,0.028170787,0.028002504,0.23687272,0.16621426,0.47538647,0.0058466014,0.25542995,0.07829344,0.00903164,0.00078177504,0.0156862,0.0071574477,0.058202587,0.00011348618,0.017911198,0.019618876,0.07018109,0.018238446,0.1009132,0.0001971984,0.03159417,0.007062048,0.23445633,0.03341707,0.11312665,0.02186604,0.0834827,0.02333895,0.19687632,0.0071671656,0.02059266,0.007836638,0.26552773,0.00024807113,0.08357427,0.0006394883,0.00087053,0.009121142,0.018047033,0.12276736,0.26812243,0.14270653,0.005201338,0.07078909,0.0066975676,0.18326761,0.00068500696,0.0041193366,0.0034911442,0.0107912095,0.009902137,0.001540379,0.1739214,0.06449255,0.0046119443,0.075977534,0.02548687,0.0013596001,0.3635591,0.10293006,0.22268538,0.8041556,0.007129871,0.02290395,0.09048039,0.04354276,0.003598913,0.08967347,0.00020652414,0.03504585,0.17818308,0.07613624,0.0013686819,0.002009305,0.031112745,0.012654134,0.00086343795,0.16458577,0.11299022,0.3010735,0.19909403,0.05533614,0.081610486,0.0031130803,0.0029738455,0.019426312,0.0009825021,0.009511358,0.06256564,0.00093876617,0.040791813,0.019415664,0.07183311,0.2929391,0.2594998,0.0067092604,0.18680634,0.040199824,0.010726433,0.25578693
784565,465.0369,1.2934706,177.25053,150.90349,51.739185,868.4386,4055.102,1434.6648,262.5406,1330.6869,2047.3295,3183.8657,9.29781,11856.743,2324.881,3888.4624,0.10177986,9.738963,31.518183,4083.5452,745.2178,1998.7664,1112.5458,3329.9915,314.76382,6159.1216,609.16406,5192.2407,4507.3174,2.035733,4684.886,733.2924,261.99377,1628.2833,5696.578,6751.1274,1493.0566,2853.211,3815.1313,1321.9739,31.24389,8.12686,188.46445,35.83519,3090.6707,1134.7921,37.397224,792.551,11.283027,731.0581,1533.1917,8531.982,931.9052,565.6285,596.70685,584.89545,216.14825,1478.8837,21.56697,2886.6611,237.198,31.2815,6931.8735,135.23111,3046.9954,5800.737,293.56772,158.1442,3453.5273,474.72858,166.4158,162.38565,4310.68,7214.095,1934.7004,3802.2078,5061.0527,5546.8926,3989.2434,2856.5698,1565.4646,32.764427,963.9511,1545.0063,1045.7618,3272.8357,499.88324,1735.7955,650.1043,2744.4727,1109.3981,2959.3818,1287.3474,28.421507,399.84598,77.184616,2289.6113,7300.0425,78.72768,2254.465,627.58875,1308.4559,2121.346,101.53408,60.694454,1009.63434,69.47299,2251.9312,13199.311,855.0869,363.84308,460.69858,755.5856,11.0924,2366.4355,2960.617
786569,52.700356,68.70505,41.12936,16.006031,76.68007,38.01595,16.875843,56.369446,7.5304503,158.05031,0.914427,9.890767,2.8245595,56.108883,1.249015,37.41681,0.7128409,56.29648,0.29049262,25.053988,68.45941,14.760352,33.06458,22.561468,0.27489316,8.612828,31.466671,82.90451,4.0221443,17.8642,2.8118365,0.295469,44.78204,4.104171,1.3186694,9.068873,3.1311827,2.5278242,59.506477,6.8485184,4.9613376,0.08442668,130.8597,5.0163493,19.29642,5.79049,33.93393,0.47164136,3.0201142,12.142029,162.65656,52.554024,5.224463,4.078161,3.8566384,2.2080574,45.946342,5.1973267,102.549385,191.28876,43.530655,23.633451,83.35173,87.37821,11.323977,30.225258,1.911585,10.2038,4.7997518,41.119453,2.2877924,1.7709235,8.163763,10.964394,24.285532,31.649853,35.525063,24.366095,11.769829,49.5732,2.4075994,23.765745,39.9134,28.012884,48.273678,2.2605975,20.473274,72.37131,36.376564,0.0597691,124.35499,21.85676,15.598278,41.09118,72.48295,93.26597,0.4093638,0.41878504,17.878155,1.6004333,10.982752,1.0760341,0.017760169,49.390697,35.97968,9.492689,18.08702,0.6802472,47.41396,23.104074,5.625694,0.4533201,34.319027,58.3441,236.53203,7.101855
788674,5.368853,4.464152,8.84256,18.779688,8.312362,49.39053,61.76287,83.2937,20.857252,28.231524,84.15366,112.908905,13.254256,330.16534,126.67557,243.87709,2.338175,0.58149934,5.7756815,192.71326,22.122906,92.47782,70.01016,125.876144,19.774813,242.73366,33.942352,202.84145,165.92163,1.9494895,215.24419,21.582607,1.6333989,58.280785,226.48517,298.86334,15.819125,86.985916,163.53429,41.93948,5.818826,5.037533,0.002488707,18.226751,60.178757,37.628605,13.309431,66.497894,1.3632289,20.161703,78.63038,272.8179,21.793793,13.194292,10.467877,13.217892,3.2967854,64.10466,1.1936193,81.73812,0.9056568,0.98384875,228.80504,9.066028,81.48799,179.32744,4.180355,4.1828475,58.833927,4.5496874,20.803003,11.339032,162.58487,250.00508,69.35916,119.998505,195.1709,179.33078,128.75266,44.621838,50.265656,0.00013043232,48.148823,62.697205,27.876238,96.27711,17.298803,59.036835,13.351474,115.41793,22.824627,102.28511,65.49437,5.6959667,19.822636,14.879216,101.36856,323.55774,0.11931436,118.03906,42.773563,63.260155,84.08306,6.286818,0.39896142,38.003445,33.59305,90.63473,451.78204,42.90325,60.66835,13.810205,50.348164,0.14920612,77.76459,77.78104
788876,0.016790858,0.061613627,0.021926625,0.018573392,0.041782357,0.037392873,0.025659839,0.17834915,0.027002197,0.007597716,0.12829146,0.29804096,0.060577508,0.0014848221,0.0054096,0.016601766,0.018355714,0.010697143,0.023298493,0.008709715,0.03217898,0.029135808,0.00074124703,0.009995356,6.939266e-05,0.032083016,0.03381465,0.0025177412,0.0019187008,0.0203807,0.08273833,0.01076045,0.058024473,0.013728915,0.011668116,0.13451715,0.0006759764,0.00447086,0.006057632,0.13954054,0.14005552,0.0143435225,0.031602178,0.01931419,0.043637555,0.015934614,0.004427921,0.004714084,0.089487866,0.01681617,4.9181654e-05,0.00037775584,0.014091578,0.023713186,0.0033700767,0.07789545,6.905742e-07,0.003923928,0.046226937,0.0342194,0.0018949739,1.14554505e-05,0.026103038,0.011852021,0.14514127,0.08868701,0.023624642,0.0064448793,0.03647066,0.020768695,0.0064141196,0.011187127,0.0002510376,0.0016989368,0.10778586,0.029459279,0.0046619847,0.00705694,0.16134873,0.0119608175,0.028010948,0.0002705374,0.047044393,0.078749076,0.009709628,0.00557562,0.20951429,0.00055308355,2.7556001e-05,0.0060506104,8.719111e-08,0.042131364,0.12573613,0.06325076,0.036878455,0.3045097,0.000463876,0.08028482,0.026429005,0.03709706,1.02567565e-05,0.2640467,0.2784583,0.006298465,0.996029,1.5179485,0.659823,0.0008554803,0.009639224,0.06772781,0.041845236,0.000600718,0.018948052,0.04056906,0.15747932,0.30339557
789373,9.454909,0.10135171,0.5869418,3.7720215,4.787107,25.746021,89.47439,29.316008,14.426684,31.832285,69.69618,79.26534,0.56152207,328.47394,87.00947,113.917496,0.15730207,0.14057355,2.8593762,122.10445,31.59216,75.61237,49.349976,99.14857,12.65645,175.3788,20.695112,145.33437,112.32837,1.5485979,111.32937,17.334715,7.200146,58.076332,151.20515,165.37181,19.975515,106.32238,137.60341,36.822994,3.9836147,2.2835798,0.06310232,3.8265612,75.34732,37.8115,2.787698,25.280745,11.145206,23.593435,49.365345,233.31583,16.68222,12.114472,7.215616,26.05183,5.936728,44.932945,0.8501098,134.58292,2.8187149,0.9189856,225.8762,2.8429554,94.23088,144.71173,2.9211574,0.049823385,114.29777,8.451935,9.598521,11.221932,130.04759,220.6405,49.23983,133.26164,186.82552,201.35596,113.55095,61.981518,40.977173,0.0073983315,24.379269,39.773438,38.637146,58.73518,19.533152,55.41421,6.8896437,67.5566,39.38362,62.446033,35.31762,8.20248,7.3884087,11.273546,50.092545,139.79982,2.8454008,67.24022,13.675926,28.887123,46.292862,1.0708975,0.6299205,18.937428,5.19888,47.388153,393.9923,58.45451,13.372606,17.537066,16.20736,1.2283579,51.51323,69.592445
792564,3.3279898,3.8106363,0.5178815,0.16953066,10.751554,3.1774747,0.47295108,2.4204905,0.108825885,5.465397,0.13457085,0.0012673191,0.09152754,2.7174916,1.2117127,0.455458,0.1271478,2.373647,0.68346494,1.7360619,7.8941073,1.7417604,2.031195,0.30612344,0.027924461,0.2905254,1.8384361,7.5506163,0.20954292,1.1766438,0.31220984,0.2791982,2.3290071,0.013511792,0.19187085,1.5610468,1.3073133,0.7141578,2.3751643,0.7272971,0.13609584,0.5746483,12.277212,0.9379643,3.035332,1.6593454,4.1323853,0.9264888,0.65091145,0.3284362,18.889624,5.9568377,1.197144,0.6999545,0.81158024,0.11354707,7.3522954,0.17124459,2.8201997,15.224221,1.2298232,0.3437482,7.4293933,5.4086666,3.3660147,2.2431824,0.1218867,0.19779491,2.4371288,2.0097578,0.00075216446,1.1609027,0.9586869,1.752561,0.8966518,2.4193938,0.6752049,1.4710698,0.3072277,6.824173,6.81333e-05,0.478952,0.5641614,1.7229776,2.6240513,0.4007024,1.7745603,3.4308953,5.357243,0.38665208,2.2009244,0.025146343,0.0035373825,7.886123,2.629364,5.352671,2.2227333,1.1069386,3.0628126,1.0949402,0.0066880393,1.7940673,1.1818345,2.4602365,0.05523746,1.7269231,1.234369,2.2450213,0.42061335,0.00082941056,0.02688741,1.5141423,3.547506,3.001626,8.593034,0.37699917
792766,34.203995,42.89303,17.634768,0.99592674,75.81224,34.292812,3.6338117,38.322422,2.427535,122.534294,0.0041515934,1.5553185,0.1857366,30.629847,5.3310537,15.086853,0.2793669,35.149433,0.6889092,15.762121,65.77635,11.195022,17.439495,16.417603,1.5527757,5.372879,19.935493,63.922752,0.40481606,8.014766,0.08153992,0.030416057,22.932425,1.5610754,0.5568927,6.9815483,0.13667572,1.714202,64.442276,8.159233,0.47462156,2.2970195,99.7132,13.4704685,9.228944,16.62164,22.310846,6.1226177,0.8920147,1.8056791,156.58533,37.953163,11.11982,2.680669,1.2991157,0.15076226,37.948036,0.21326363,111.684494,242.64586,29.474129,4.452537,81.42148,67.85169,16.886505,21.516865,4.8876185,9.491596,4.7343116,32.479,1.6095098,2.7576041,7.0661683,12.302402,29.655416,34.506752,31.191315,30.612047,9.8062935,51.65119,0.882966,12.858913,15.146537,11.125371,40.290737,0.9597609,46.321835,39.156273,53.152798,0.43894878,120.55082,22.821888,24.176357,21.543093,64.99986,103.579796,0.033669055,2.3869727,9.92618,0.141349,15.139106,0.082378924,0.026838114,69.93808,17.305412,2.1220505,20.85383,0.4310503,49.441174,10.071508,4.6737924,0.022863332,14.670744,47.184032,207.47093,9.229046
792867,0.014422634,0.031716783,0.0016525008,0.0016781085,0.042789433,0.0044820504,0.005779793,0.0010651854,0.03955639,0.013101894,3.4406355e-07,0.0012341354,0.055375025,0.09358318,0.0009390109,0.04000126,0.0002774237,0.038200542,0.009864379,0.004791327,0.0064394493,0.016247936,0.021758689,0.04552725,0.05633895,0.10175701,0.01073291,0.022825314,0.0021783132,0.093406655,0.002149251,0.0002012433,0.0372618,0.00043376125,0.00807928,0.048142947,0.12158399,0.009096692,0.047355656,0.09139583,0.0005322775,0.0016999491,0.03964974,0.00094617886,0.0936,0.0106886495,0.0046291514,0.024094794,0.027109591,0.04156406,8.915923e-06,0.014903009,0.00037122276,0.047059532,0.09689495,0.019216137,0.018787948,0.0033077793,0.015321211,0.01024216,0.06518685,0.036508366,0.006715462,0.027199207,0.010536824,0.010411552,0.044470064,0.0028498585,0.18330231,0.024417173,0.030453289,0.011391029,0.050307788,0.004205527,0.024443828,0.00721431,0.009383105,0.017578123,0.007824059,0.0012467625,0.006232249,0.054077603,0.06796731,0.3891212,0.070856445,0.0010594893,0.002355084,0.23944843,0.196662,0.03648113,0.002929333,0.05145023,0.067567736,0.031067193,0.96313053,0.4372309,0.21058287,0.109275274,0.028142368,0.05295828,0.061435502,0.38262188,0.013607219,0.0636951,0.043523118,0.0108836675,0.22535996,0.23149468,0.088241555,0.0869084,0.053554587,0.19470908,0.059984975,0.0063944957,0.039981723,0.041822594
793465,0.024814257,0.09576544,0.08210926,0.08804299,0.0003888791,0.13020526,0.02534491,0.030787794,0.012021068,0.008152733,0.031266548,0.007402731,0.0007081628,0.026564809,0.09761096,0.007283296,0.009902177,0.0012352894,0.016520573,0.048124705,0.127339,0.000102298705,0.2605157,0.04568476,0.03837229,0.015813986,0.009315491,0.021514907,0.0001935427,0.0831714,0.011718539,0.0025080484,0.11736046,0.03978232,0.015330907,0.08689814,0.0032786606,0.038037423,0.06550652,0.014307707,0.23865607,0.037074827,0.0022404357,0.00014642325,0.16574955,0.11798727,0.0029636836,0.06749929,0.03604438,0.013086378,0.036125798,0.01843036,0.050830003,0.01722656,0.033735845,0.012635273,0.14645085,1.0702064e-05,0.13490415,0.319532,0.00062326103,0.07620843,0.011028835,0.003386061,0.0029061292,0.066556364,0.0010036537,0.035524245,0.13873635,0.23298274,0.3279339,0.040541694,0.0040062238,0.015835423,0.1279614,0.02173543,0.007718558,0.005061019,0.13031735,0.19153903,0.028880047,0.030209368,0.0015730545,0.0032628947,0.08113896,0.04721578,0.000346726,0.05080273,0.0010409307,0.00075235736,0.4275327,0.76490605,0.48963398,0.73301995,0.28471786,0.007152329,0.09716303,0.094090916,0.08084081,0.0064955037,0.22751251,1.762004,0.07795193,0.040624194,0.18043599,0.01710568,0.044481672,0.0019526894,3.3888345,0.14080396,0.16385831,0.23608376,0.016748838,0.013516573,0.0027329437,0.00044817134
800941,0.35020837,0.0155034205,0.61911803,0.31869715,0.3969509,2.17603,0.50122476,0.7367307,3.038921,0.9450788,5.161183,1.7965395,1.2459545,9.579843,4.4125223,5.1025395,0.34514767,0.23084062,1.4458019,5.922374,0.37851825,3.4261253,2.9157777,1.1136057,1.116703,8.971117,0.1377664,5.195168,1.9783847,0.23420191,2.7345586,0.017038392,0.0074486546,0.80199796,3.4025714,2.705806,0.28270173,1.1442631,6.2046533,0.15945123,0.64737177,0.6744471,0.5892454,1.2142442,2.4692101,0.0626023,0.2713477,1.0208384,0.09166268,0.01320357,2.4060395,7.9603915,0.00694091,0.04262375,0.00073903194,0.40751204,0.5671024,0.8428161,0.12484299,2.9654658,0.015092313,0.015172814,5.5078826,1.0082498,1.0238812,5.428334,0.03767756,0.0065820813,0.0036497957,0.061391324,0.16567773,1.6737312,2.5028014,5.695366,1.2750684,3.5324566,4.5757666,7.7565045,1.7358848,0.492679,0.14133103,1.0976317,0.6745055,1.6871784,0.03926136,0.98559785,0.57170963,2.83184,0.08773188,1.0107744,1.0584059,1.8123758,1.6754386,1.278882,0.93563825,2.4207802,1.3024306,4.778041,0.05420836,3.241406,1.959514,2.8427925,4.2156467,0.016820677,0.593559,3.0558379,1.9804447,3.955898,8.025355,4.0401144,1.4432619,0.48157793,0.033396088,0.36388838,1.1407871,2.405679
802844,0.32059684,0.35225713,5.274673,3.2170594,3.403417,8.06191,0.8702604,8.104336,5.3446407,1.925836,13.100223,9.876191,7.161602,22.731651,15.128434,28.079096,0.7525526,0.7502021,0.9434082,22.414894,1.6470588,12.252029,7.223225,6.673518,3.6984744,30.258425,5.8739753,21.127693,13.691403,1.9830891,19.283354,1.0908848,0.012982718,3.9314194,19.496902,30.278772,0.368738,2.5385854,12.274131,0.66477257,0.81985044,4.3567886,0.21283048,2.5426996,4.8964524,0.8750848,2.6447387,6.628382,0.0006190407,1.5470089,9.051184,26.496443,0.030288259,0.03989873,0.10783937,0.0010855247,0.17902903,4.5346513,0.31282556,2.7507546,0.26134196,0.198995,14.91823,4.286487,6.9263835,17.488934,0.2904392,0.73011506,0.1978427,0.15081054,2.5647585,3.0922043,15.9563055,21.674913,7.4721045,12.9085865,14.043949,12.222725,9.106043,0.058955137,2.4792044,1.4192168,4.811794,4.6683073,1.1229025,9.098597,1.738613,9.749361,0.11852006,6.2988324,3.9020658,4.902834,3.78728,6.1588774,6.232527,2.489885,4.903613,22.72664,0.14851846,9.616898,6.36798,18.73747,14.17759,0.016933396,0.2809322,2.2454648,12.392631,12.168678,39.432682,3.2585297,5.9801664,0.0070265094,4.8502545,1.6498083,1.398505,7.4579206
803240,0.009137123,0.24678615,1.1030177,0.6184083,0.55003595,1.5476115,0.0001582266,1.5308179,2.3687599,0.23826215,2.5409842,2.7908149,1.3065817,3.9061894,3.7769005,3.9193337,0.043207202,0.00022656466,0.5240743,4.2982025,0.017863292,2.190009,2.1688013,0.69912666,0.40876073,5.1776986,0.050527707,3.2139368,1.5844868,0.3231132,2.192216,0.11805075,0.037579685,0.77289575,3.4547179,2.134404,0.06313008,0.97157407,2.8395808,0.092147365,0.10899974,0.36126515,0.32204115,1.0065575,0.59534633,0.574652,0.6148045,1.5636905,0.03497117,0.21584311,1.1526841,3.2428384,0.027362365,0.0036268742,0.32786354,0.50371826,0.001117976,1.5879259,0.03231637,2.8296516,0.31028113,0.16691828,3.1165452,0.2748896,1.1582844,2.2317092,0.28457895,0.09155778,0.027016459,0.09053368,0.8132563,1.1184759,2.8268898,4.0587697,1.178413,2.9697115,2.016109,2.8194394,1.6632407,0.028351912,0.40814948,0.16860993,0.39831105,0.55925816,0.09889743,0.6222548,0.9679247,1.7687241,0.03992157,1.0284258,0.0056346003,2.4808447,0.88736707,0.53395134,1.34098,0.17759465,1.2297244,3.980039,0.034946807,2.925678,0.3691077,1.0938293,1.4280528,0.37611827,0.20536272,2.124313,0.14718133,2.535779,3.5350306,1.4598066,2.4170766,0.9049858,0.20923471,0.044824824,1.0595767,1.6118646
804646,14.053741,17.79588,4.845885,0.26707453,33.95764,14.999109,2.02879,11.99989,2.6003633,45.66261,0.5472136,0.6681973,0.36646068,15.548829,0.8897326,6.6763716,0.87186855,15.564684,0.0003109329,7.6523695,23.396523,8.410149,10.165523,6.1539235,0.016876567,3.069188,11.136588,30.35819,1.6811966,5.7154913,0.23434824,0.037341967,11.703698,1.0322372,0.7129732,6.174906,3.5016396,2.9557393,16.907764,1.4758717,0.96110266,0.13017559,40.22122,3.2624898,5.3191733,2.963443,13.712199,1.6870338,2.571145,2.136666,64.137115,17.976368,3.829814,1.2092621,1.7897606,0.58820325,18.66521,0.6752681,32.23578,82.085075,10.775872,1.9254432,36.1436,25.24836,8.714619,6.154334,1.0125906,1.435626,7.8847923,7.66677,0.15875609,0.6343502,1.1357405,2.7478406,3.250581,6.8178444,6.067135,4.881777,5.0371346,24.871038,0.5370143,5.744519,12.2252655,6.801014,15.63971,0.02184279,7.7800345,16.13742,16.96706,0.0028321403,34.27034,6.4336457,4.4646235,12.279823,19.237713,27.213024,2.34789,0.10311518,7.6498423,0.95959014,1.6849077,0.18546163,0.60370946,19.124336,8.873768,1.1666358,2.129353,0.03268463,10.548557,2.6702218,0.7998654,1.1223838,10.744082,11.798612,71.06682,1.64331
809252,0.24390589,0.030687798,2.810162,1.1910825,1.3730958,2.9890468,1.1840565,2.6498842,3.7425234,1.1972455,5.1748977,5.5024695,1.6586492,22.644335,13.911696,17.972055,1.45377,0.06727369,0.66254616,18.541359,0.76864016,8.5547085,10.854501,4.647511,2.5866046,22.919516,1.7825688,14.587465,7.620839,0.0064317654,10.135626,0.49742737,0.013297581,4.7244735,13.598087,11.676339,0.46422774,7.869657,15.630598,0.15924585,2.0221565,0.099001676,3.8205445,2.5671008,3.509129,1.8228831,1.0140215,5.844166,1.8623172,0.21660735,6.431845,24.73199,0.4864107,0.006736291,0.012816759,0.67819,0.41937503,4.0243335,0.51227415,10.897272,0.002385845,0.15585586,16.57405,1.5431643,2.9208941,13.733693,0.0073452685,0.066716895,3.5547082,0.2894945,4.5767283,3.3600173,5.662216,9.455809,1.5984111,7.0005207,17.89679,15.720821,10.185255,0.48830983,1.3063185,2.08617,4.25815,3.5214634,0.75984114,4.0069304,2.9984124,5.4749727,0.11560124,5.1233673,5.0820518,2.9668386,2.0702367,3.5503938,0.93895566,7.290367,5.8346157,10.350313,0.020996146,9.00283,5.365905,7.6605377,7.2293944,0.11840358,9.740012e-06,0.2155515,6.434836,6.0302444,27.222786,12.7065735,10.54992,1.17263,0.21370035,0.9149535,1.8370758,6.9723163
810439,0.019212535,0.054487545,0.010460432,0.008201807,3.1393905e-05,0.0040802807,0.014662388,0.01139532,0.013017362,0.10446713,0.030379124,0.0679711,0.0056755613,0.05611311,0.004961331,0.06489881,0.03718438,0.004813026,0.030767525,3.6710228e-06,0.0091804145,0.0022847955,0.002629335,0.0007943755,0.11000263,0.12088006,0.00012992202,0.0901096,0.013626966,0.00521655,0.001527289,0.01643515,0.088835254,0.010406526,0.008902588,0.045368157,0.017862989,0.0021815242,0.35278854,0.020402946,0.0016830346,0.055015966,0.16686074,0.00068218703,0.004228809,0.03336749,0.00057902536,0.027267111,0.08808546,0.042029392,0.1280264,0.02240013,0.14874427,0.009892181,0.07637001,0.00022785664,0.0017001845,0.0014087379,0.02750767,0.052117907,0.04923623,0.007901145,0.1139143,0.033123124,0.0665746,0.1705655,0.005471643,0.029716497,0.0014302884,0.17499189,0.26143607,0.018145254,0.00016577843,0.010736584,0.040189262,0.12750894,0.008563493,0.030008826,0.011748112,0.0068011926,0.002129957,0.01520421,0.16301358,0.15735105,0.07504738,0.023890043,0.55003655,0.11730329,0.013462337,3.2946766e-05,0.02793113,0.3098833,0.02965505,0.0026066753,0.13125218,0.010021338,0.35620648,0.09096188,0.01707707,0.032198038,4.3825607e-06,0.002269139,0.22218075,0.123188056,0.01880524,0.016755546,0.12838705,0.00038542788,0.012493295,0.57042164,0.8889866,0.002222149,0.0020681836,0.01162059,0.059065484,0.011530257
810843,1.4023331,0.19385104,3.5793748,5.772431,4.689323,17.117697,26.689526,23.707272,9.177796,15.838488,33.5556,40.989456,3.507253,153.52635,51.15983,82.56229,0.75369996,0.044298533,4.996044,81.00397,17.698702,51.838898,36.773937,46.475433,13.240712,111.6951,14.437507,85.43605,64.15682,0.044724453,79.139885,10.358134,0.306781,33.05535,83.98834,96.53666,1.7852737,49.687008,66.56883,10.574406,4.262144,0.0679152,2.8100202,8.648268,27.85552,12.322995,6.0874467,21.563004,2.718554,5.6700263,32.744602,136.90956,5.621422,1.2451859,3.529856,5.4039493,2.1699724,24.547928,0.6446985,43.69756,0.12911175,0.6457121,107.75448,4.262002,36.006535,81.66949,0.522271,0.27748582,33.760155,0.5902934,14.83231,12.770373,64.75729,108.295494,26.592972,68.938705,95.6636,94.06824,61.42188,17.008698,22.140924,1.3160596,14.958084,18.661388,12.052877,36.9546,5.410655,40.67809,4.219116,32.728565,17.493294,30.065435,17.547686,13.737864,2.451737,23.247982,40.229843,105.9723,0.6326733,40.75701,19.695986,35.377506,35.382107,0.013002294,0.0016617648,11.702463,9.137712,39.05044,187.73894,60.892902,28.231432,5.3009377,7.135479,1.4541234,27.005663,37.682808
812746,0.0057009785,0.05990981,0.041923746,0.045831524,0.037971947,0.12782381,0.0045028306,0.06349343,0.26776084,0.011257481,0.23025295,0.030781217,0.1392761,0.045858506,0.22018054,0.4578006,0.011963168,0.027623821,0.059825268,0.028582092,0.016610367,0.044500954,0.09133912,0.07045701,0.06334168,0.40610892,0.013297416,0.09384972,0.032647394,0.00077389926,0.0020562753,0.014942436,0.014633412,0.006393514,0.017934801,0.19258447,0.015030304,0.005652381,0.17699228,0.011676006,0.024907017,0.019111602,0.04787488,0.14091688,0.5222829,0.040266503,0.031183437,0.01792109,0.112878315,0.01238792,0.043276463,0.0012901721,0.00020376583,0.035748683,0.007428968,0.031623315,0.21557128,0.058986764,0.088752076,0.15786189,0.09101874,0.017762437,0.046166636,0.029819855,0.020463154,0.011831512,0.025045734,0.14213555,0.12752481,0.06555476,0.05998023,0.027575394,0.0046319114,0.14601634,0.0005774946,0.11554296,0.009303528,0.0997188,0.05958039,0.16905996,0.007161273,0.0071753035,0.283931,0.49719754,0.0014973452,0.004422114,0.14483982,0.12712468,0.02567823,0.050255284,0.050756577,0.2166779,0.039923094,0.12845157,0.055306852,0.16707782,0.0016163798,0.16979395,0.002299857,0.01544309,0.20669878,0.03780268,0.056999467,0.030977013,0.016950954,0.009451364,0.20228611,0.027923938,0.05570209,0.03538705,0.019318977,0.07897538,0.7433936,0.2838143,0.013089808,0.0044041555
814548,0.05947931,0.10236656,0.000107206884,0.019193435,0.033388898,0.10413842,0.20331134,0.103617735,0.060959253,0.04688014,0.19202785,0.14542037,0.0023737198,0.15679185,0.14051978,0.027041437,0.0025446895,0.009292251,0.0074846097,0.20894554,0.0024119439,0.041370016,0.07436777,0.014003196,0.0006531212,0.33613646,0.05648165,0.08983522,0.036542073,0.004546502,0.025903925,0.004006073,0.0041503836,0.0041582477,0.1706338,0.019214027,0.13865778,0.0040284074,0.14961013,0.0023736386,0.04146382,0.009496756,0.025665825,0.002443049,0.22664173,0.09310279,0.0092098955,0.22779836,0.14894217,0.009754384,0.066939496,0.029493239,0.07141027,0.17277747,0.05744697,0.039226845,0.069027305,0.024028955,0.3303887,0.033981234,0.0364008,0.09622713,0.13128568,0.04218716,0.24090321,0.053050194,0.011722298,0.085783824,0.04534545,0.40030938,0.07986796,0.12446642,0.008379175,0.002516766,0.15162863,0.04684672,0.11902333,0.08064028,0.13730522,0.034117017,0.11287032,0.10332755,0.0048768823,0.029248483,0.44988167,0.12891622,0.06450692,0.04565842,0.3493548,0.08696394,0.016782455,0.056840874,0.08014312,0.17740741,0.25709665,0.11222574,0.058395147,0.00040603714,0.28337526,0.080594584,0.08550977,0.19314995,0.07823825,0.60014343,0.44451386,0.49164265,0.00095486536,0.09219682,0.28354245,0.07127039,0.0005324934,0.033898648,0.012517647,0.03619161,0.441995,1.00792395e-05
814649,0.16389658,0.14652587,1.4855434e-05,0.011129945,0.022630716,1.6970236,1.622425,0.26125476,2.8145623,1.5926166,4.9733562,2.7796936,1.6671062,8.852188,4.1250806,6.0447903,1.4930241,0.82960516,0.5967735,4.742203,0.049265742,1.917424,2.346211,0.67139626,0.6796347,8.778564,0.1553239,4.136116,0.635969,0.4622485,1.1971651,0.044930436,0.09268271,0.3230903,1.7700359,0.27195013,0.066244036,0.35625955,3.900451,0.45335114,1.8472561e-05,0.5720104,1.6092867,0.023262223,3.6790748,0.06609856,0.04581949,0.5688372,0.23409162,0.045222685,2.4214425,12.265503,9.4759554e-05,0.00813489,0.3516025,0.21098018,1.0652316,1.3654908,0.0064771324,2.3074963,0.59789634,0.6401369,3.2555456,1.7853489,0.08772697,6.423519,1.8868303,0.40076047,0.05608105,0.39157173,0.006263339,0.87195724,0.05856757,1.5739653,0.1373653,1.1413382,2.4934592,3.9577775,0.87225986,2.3823864,0.0013140924,2.0996318,1.4425784,1.8602238,0.07804604,1.3027533,1.4829855,2.3519008,2.5252117e-05,2.4645696,1.2017088,0.8307944,2.367708,1.0279875,2.9073808,0.020958602,0.032508947,0.6896643,0.00059556344,1.8106843,3.7580636,0.8196534,5.793234,0.98837304,0.018035911,0.12820894,0.24311498,3.444833,7.0245576,1.8199875,3.0267937,0.5529407,0.0082981745,3.9285645,0.0058124927,0.20784727
815247,0.26304513,0.056165747,3.807309,1.0655326,2.030673,3.7055678,2.2473297,4.394987,4.385835,3.1814084,7.220077,7.0793657,4.380476,37.252674,13.310706,28.608307,2.1749766,0.20612627,1.1512964,22.01143,1.324193,9.647459,9.129701,7.399876,2.2866166,29.308561,2.2774851,18.196875,12.396156,0.5119026,18.474712,0.6612921,0.2368048,4.5504045,20.540092,24.177254,0.028157413,7.59822,16.2619,1.7084775,2.3874378,1.4428964,1.4896872,4.631657,7.873074,2.5209167,3.0011253,7.4730363,1.4346803,1.2233028,11.060395,34.54566,0.6423329,0.05936716,0.91999733,0.016944397,0.7571956,4.307805,1.0243942,8.580445,0.10865846,0.95038366,24.151182,3.0979755,4.8766327,22.73845,0.23960324,0.22238174,1.5703037,0.33612618,2.94374,1.5012125,14.536616,24.099676,2.9687128,12.051853,22.182968,21.651194,9.745229,0.005924659,3.400211,1.899991,1.7950765,5.406185,1.2974694,8.750632,0.1520812,10.493016,1.0527937,7.890991,5.868128,4.2615023,4.010907,6.638347,5.824675,2.4716976,8.444598,24.589758,0.16607887,12.36005,9.110944,10.209061,10.390516,0.0010208376,0.019073391,1.7872994,4.906309,19.558533,35.90342,10.511013,12.826477,0.027685871,1.9604746,0.6869609,5.3946075,3.2767904
816653,7.2907352,6.7546906,3.1870177,0.44254497,19.967566,6.3693542,2.1938417,6.8293724,2.2765005,15.318814,0.65250677,0.96240383,0.7033296,5.120882,0.042877983,2.5009747,0.61021316,6.557972,0.44286865,3.438333,8.082499,4.6426964,6.205355,3.063349,0.5135691,2.665638,4.5919805,15.577898,1.2208586,4.7428217,0.45927912,0.07746497,7.669825,1.6952556,2.3233364,5.1263976,4.5733614,2.2230098,3.2738492,0.0751982,1.3945966,0.048757054,21.383335,0.38179514,4.0038576,0.011132083,8.862209,0.045854893,4.223723,2.0402484,29.684471,10.207374,0.13928874,1.4340205,2.5603824,1.0856563,7.379104,0.49889827,5.2413607,20.828012,5.9622645,1.6151359,17.53761,11.255969,4.820699,6.435201,5.1110488e-05,0.0013685017,3.4801354,1.7438147,0.42388672,0.037005965,0.041134067,0.31284884,0.8757615,2.2487435,1.0235454,1.0966991,2.6098957,16.028643,0.7379975,2.7914207,4.706893,4.245102,6.4977574,0.019707037,1.3439535,6.160998,3.1845908,0.16929275,8.058395,0.914652,0.5300484,6.532184,2.9530256,4.388196,2.9023373,0.6248091,3.1540325,1.2383469,0.24607167,0.5399125,0.6208001,1.8096623,1.3460947,0.14624256,0.007136672,0.0054258355,6.001268,0.52152896,1.2490488,0.1746849,4.952771,3.0726721,21.67475,1.7292013
818455,0.8799826,0.46622512,2.6241145,1.1455704,0.56255597,2.816883,6.4272866,3.2864804,3.026222,9.6751175,8.7106495,10.337633,2.4123592,58.76248,16.507433,26.828106,6.2712398,1.8216643,1.8173313,21.419464,2.4291167,13.78692,11.973808,4.78328,2.7466314,30.097092,1.7863203,19.469995,9.788175,0.50543976,16.844746,9.9297715e-05,0.7384873,4.298989,18.827465,15.492923,0.18341896,7.73869,20.666798,0.102421165,1.8757508,1.2577949,5.5445957,1.7184212,13.103968,2.3756886,0.139773,6.6970806,2.922739,0.06776325,8.596798,66.31559,2.6584065,1.1231885,2.3123634,0.00978698,2.8627467,2.542447,0.06958278,12.873879,0.9143985,2.6230888,20.706793,9.276354,0.70191187,38.466564,2.4319248,0.48860908,2.7995775,2.1241155,3.807055,2.366535,7.903602,16.322779,2.289091,17.788435,24.778728,26.257826,10.617282,0.36500448,0.5010705,8.072673,7.31822,5.615003,0.44456473,17.978722,2.3561814,20.732262,2.5076962,6.077077,14.549221,4.023311,1.0180949,14.514283,3.778819,13.302941,9.580516,26.236313,0.40482524,12.4813595,21.247578,22.01152,20.994736,2.4030037,0.10171108,0.03310564,11.378642,13.730346,79.773094,32.833942,26.280838,0.26261452,0.046628177,4.9237003,3.2175615,5.7303014
818859,12.45926,15.392817,9.609358,3.9843047,23.497238,11.055957,4.992815,14.6901,2.321273,34.14893,0.6599895,1.3702509,0.6922847,13.753555,0.4747845,3.9743316,0.6487116,14.637353,0.7246528,8.3617735,11.997354,10.287325,17.227627,7.6867895,0.07753819,2.9976947,9.991202,28.29115,3.0372753,6.4919972,0.5968983,0.22005087,13.490686,2.5392473,2.0156837,6.9200864,4.995076,4.9014845,11.377104,0.13405113,1.5505682,0.24591005,32.57519,0.95196205,5.347978,0.8788683,10.652005,0.21664678,3.6132627,1.5117748,48.729286,13.956396,1.6731415,1.9899704,1.4791934,0.8421907,18.601625,2.2367997,10.529125,39.401787,11.553818,3.754523,33.53496,21.44424,6.5436096,6.1484184,0.061253715,0.44629008,8.303225,4.092284,0.25129953,0.10762503,0.23191151,0.5030148,1.3722773,2.8672075,2.9847958,1.7686471,4.938716,16.292305,0.66064936,6.420344,9.131543,8.260076,14.793214,0.41374448,3.3437014,14.160309,7.8538675,0.13771988,25.559296,1.3380859,2.7461991,9.502686,10.978807,22.15867,2.7756064,0.29175872,6.020357,1.2021129,1.8519007,0.6367467,0.42062148,9.731452,6.0401745,0.3086394,0.37285054,0.023772176,5.186049,1.7423768,0.71592367,3.4743078,10.622444,10.107778,50.83644,0.542071
820745,27.363699,3.0768645,0.15799965,33.336887,15.083647,118.03765,286.24478,165.68242,41.277508,94.81722,257.23965,325.93344,3.1786401,1021.4376,270.02094,425.21274,1.7668018,0.35172513,13.824157,475.66742,83.25292,239.31114,163.59537,364.42084,50.901104,639.5583,68.28587,521.8659,470.49857,0.0012793862,517.4143,90.11665,9.907191,207.7216,620.9329,698.62427,95.809555,313.2504,403.15945,130.95518,5.4848413,0.15507968,4.4911327,18.25783,205.33327,114.95994,14.859724,119.11114,7.21573,79.76632,188.3995,751.40546,63.701473,54.383163,31.416452,72.7172,12.42057,177.86163,1.4251051,304.47504,5.372535,0.24221334,768.14746,7.7624044,342.10168,493.44675,8.0941105,1.9382358,338.50595,43.58538,28.383118,27.091478,475.20447,770.43115,181.81216,383.3552,555.46466,555.8678,443.33987,261.71323,166.06796,4.045769,90.04089,151.66257,107.739,254.32256,47.773777,156.71368,37.986774,285.69458,68.356125,292.6684,155.71288,6.8405843,31.5367,22.453012,242.04254,759.844,4.2726297,269.82285,62.36504,127.527954,184.5551,14.8160305,0.51648796,133.76064,21.812166,186.96596,1270.3469,135.76888,64.55198,59.492706,82.053856,0.024125576,251.72803,312.00946
822244,0.9213966,1.2021395,11.727646,6.7289963,1.5323366,8.787375,6.4314737,18.173717,3.719453,8.237387,15.39882,18.34257,7.2656193,67.27474,24.409523,54.974354,3.9353824,1.2657962,4.969302,41.542767,2.465253,20.22187,17.033262,16.898361,4.8816566,49.822144,5.4600954,37.18884,27.520124,3.532293,48.444042,1.4619367,0.0015035905,8.769014,48.13641,73.0058,1.1698298,12.874709,33.851826,2.1361887,1.0384846,9.75092,0.24897192,4.9076834,7.117075,2.6392896,3.3823788,15.118955,0.5554464,1.7989485,14.535651,61.94981,4.670723,0.007017459,2.4650652,0.013501671,0.21376474,11.4844265,0.28943732,11.22352,0.002725234,0.7809542,32.723843,5.8729296,9.487498,36.829678,1.0703745,1.3929969,1.1153878,0.38553056,4.425406,2.0638897,29.317738,39.591385,10.822296,21.3409,36.421043,29.66208,17.149586,0.00022520704,4.3029017,1.869216,12.556948,9.252812,1.4998331,26.7765,1.9615213,23.60252,3.7240343,17.375807,5.823706,18.933374,10.060342,4.9172344,5.9132714,5.7217083,22.13767,70.70529,0.19604433,22.618153,22.93753,33.24684,30.286722,0.27832973,0.28980735,4.3902287,19.987686,29.124786,90.16116,17.97414,24.530132,0.005774918,10.327258,0.1831426,12.167674,17.763464
825048,5.112344,4.1069794,14.854438,28.073391,9.463915,52.635967,59.610626,81.59948,21.029078,33.23243,79.315,118.233475,12.391597,346.71545,121.222984,234.54393,3.609561,1.0766544,11.13649,213.40363,26.378786,102.962006,78.478134,117.88253,20.81152,268.4998,36.374264,207.60828,157.19804,3.665537,239.56271,26.375202,0.2640712,69.09244,256.21365,330.85413,15.356837,93.655106,154.38606,33.366684,5.829184,6.707996,0.4183766,19.017876,45.75422,38.86194,15.434548,66.81125,4.0122414,22.882523,85.14109,301.18192,19.494982,7.612644,11.564904,8.713784,1.6737639,65.68582,1.4882305,91.17284,0.30029726,1.5701569,239.31699,13.395814,90.80759,187.48598,2.041452,2.2253358,59.085926,4.6334963,22.94849,13.714856,162.2851,241.55907,74.87077,128.07387,205.24348,179.87912,131.18413,33.85946,45.97672,0.6616898,49.0979,52.11084,25.995129,122.18725,15.265677,78.09351,18.140903,99.1941,28.889318,102.50539,51.351315,13.283895,29.404972,15.112588,92.00714,305.1874,0.8818476,110.86561,62.918972,99.17398,100.54965,2.9982297,1.9469085,23.745117,30.671236,127.67942,460.5534,44.642117,54.876556,5.8309674,36.861652,1.3516732,71.82508,79.80589
825553,0.015406662,0.02084377,0.0009799629,0.081031576,0.17096047,0.00056861894,0.027067898,0.0065122847,0.08754305,0.005243491,0.00052404904,0.029902972,0.0024355894,0.00457484,0.012722388,1.5019916e-05,0.021063108,0.002620723,0.010459678,0.018589122,0.11487521,0.0026297322,0.07443384,0.004016171,0.017246773,0.0142661175,0.0005886828,0.0088095935,0.0023945114,0.0702152,0.00013521113,0.011577408,0.047372274,0.0049395235,0.006171242,0.009631226,0.08602617,0.0578883,0.0011713987,0.00044565467,0.0747387,5.6905355e-05,0.018140156,0.0012960954,0.19567566,0.009813084,0.014654517,0.03162329,0.0004903866,0.000117060175,0.004783796,0.013868611,0.00018777844,0.013972692,0.02719663,0.049281936,0.055978,0.027835293,0.04422668,0.00021876697,0.12392338,0.004273793,0.054839868,0.074138075,0.0017906404,0.0005351265,0.046228655,0.0029482904,0.0011694819,9.5148695e-05,0.004302927,1.6446114e-05,5.0602113e-05,0.0073685134,0.0027367217,0.024843449,0.03921149,0.04847426,0.0011992328,0.07105669,0.009803852,0.0061754193,0.11487654,0.013248866,8.148035e-05,0.0027307505,0.13768774,0.0149833765,0.03148789,0.021058783,0.16437083,0.2817431,0.019883195,0.15764858,1.003267,0.31307685,0.057940684,0.039223857,0.043489613,0.00097507297,0.0012552647,0.20065382,0.0023946164,0.028964385,0.27207303,0.15107606,0.22557947,0.034802344,0.2079183,2.4331698,0.03207802,0.68087095,0.022174556,0.011220654,0.037646964,0.047537785
825654,6.735994,0.04469287,2.1809437,7.593271,1.8794627,21.683395,61.497524,33.278187,8.285192,34.74278,41.6711,63.61303,2.2840056,285.4146,61.039417,122.03737,3.8633993,1.8319703,4.7928667,112.38395,15.06202,51.950653,40.803444,65.45559,10.710261,150.92282,14.521935,115.624756,85.41983,1.6402761,108.76565,9.290315,4.5070667,35.70955,121.38005,151.19456,15.2225485,57.852165,90.198944,13.91025,2.3335793,4.1358514,0.23287308,6.070606,54.11819,21.078753,3.6479397,31.583364,2.071617,12.534288,43.9415,229.76184,19.476093,3.1022158,15.224891,4.0384927,6.232177,28.553366,0.1606477,60.932686,3.4370415,3.9607937,150.16614,12.220864,43.0149,146.16937,6.3116655,3.6914058,39.073086,0.41804564,8.106176,4.613396,90.5326,151.17653,24.859283,71.82366,124.45315,127.08562,75.71461,16.217607,21.825382,2.628096,28.22253,28.788538,15.293396,80.8322,6.3846164,64.599785,14.101643,57.64976,33.80653,43.60852,25.893661,14.389378,14.806077,12.081496,55.13453,171.1496,1.9660217,56.74805,43.946735,60.620495,73.86493,0.14642687,4.5495734,7.4346266,15.558926,72.14031,292.30167,53.549767,36.734837,2.5953484,13.972058,4.6569095,32.123276,43.06199
826353,0.046873845,0.02888872,0.0067785853,0.005713778,0.014262181,0.0043956786,0.0077782734,0.029300679,0.026333336,0.0025448385,0.27548155,0.016916515,0.09013724,0.17410675,2.009822e-05,0.0015496027,2.2050286e-05,0.0041326275,0.0083639,0.016668987,0.004876154,0.07217357,0.1371982,0.038446184,0.0051406003,0.0014009773,0.008276882,0.005495323,0.0034100036,0.0015339524,0.0013451916,0.06813451,0.021644618,0.00978418,0.0077378065,0.000104465886,0.030549677,0.03518699,0.0065436885,0.014795789,5.3133044e-06,0.09563973,0.0027790286,0.017239401,0.07119644,0.028696949,0.0003278288,0.014732533,0.0023897304,0.015495132,0.020657212,0.0022896323,6.504302e-05,0.0035701825,0.016697656,0.017565276,0.0067836605,0.040046215,0.008046536,9.816533e-05,0.00064745784,0.0017379461,0.0016684801,0.0027437764,0.07330355,0.0015931616,0.02239988,0.0020266701,0.0071009807,0.014826763,0.1395718,0.003909909,0.005040286,0.022830412,0.056722946,0.1034651,0.029935509,0.088530414,0.0012578657,0.022651559,0.1243939,0.044851404,0.12534449,0.044644084,0.0007945124,0.0059438003,0.26937035,0.0493788,0.004349156,0.00033522703,0.00015661947,0.0013332602,0.00088074576,0.16145812,0.28164428,0.0050926567,0.027778648,0.0048181736,0.00012066077,0.052952804,0.01773653,0.037562553,0.02757913,0.048596475,0.06332923,0.0011668823,0.14197548,0.366964,0.01571458,0.11429441,3.8056085e-05,0.0025445076,0.14347972,0.021365954,0.0020716316,0.07814713
826454,0.022421384,0.028846044,0.5009852,0.3711672,0.052127168,0.18977892,0.06469538,0.18261895,0.48674807,0.2244748,1.6503847,0.60619605,0.38089687,0.7671927,3.1631992,0.894582,0.1129398,0.09840064,0.85124326,0.8951029,0.0005491851,0.5422661,0.7571297,0.191542,0.7907949,1.6527691,0.23279114,0.87471986,0.5695062,0.029192893,0.9237305,0.000118194046,0.18331166,0.28683665,2.6076736,0.45721585,0.36146808,0.6139129,0.9709386,0.19543791,5.4637097e-05,0.1020936,0.3709214,0.44199342,0.00023700007,0.23411013,1.0699177,0.84578806,0.038050782,0.16213605,0.8505097,1.2773728,0.263625,0.051369034,0.8695206,0.39897567,0.04812869,0.7102433,0.121084414,1.166086,0.42959672,0.001211218,2.5553348,0.0031139017,1.7594951,0.9365144,0.5055103,0.4025375,0.072155066,1.9498326e-05,0.042571202,0.037673414,0.5078652,0.63189405,0.3706584,1.3206146,0.887782,0.50895506,0.9281486,0.035526853,0.7993833,0.028394924,0.92627794,0.046194367,0.32550612,0.08220872,0.41608873,0.99902713,0.3245623,0.7543239,0.014746094,0.1927992,0.46473908,0.57298154,0.023300748,0.68750745,0.6752857,1.5422741,0.008141559,0.4613549,0.06231819,0.9453291,0.37569773,0.063507654,0.14726152,0.7361741,0.30653423,1.6755781,0.9609458,0.4876682,0.8723979,0.25764984,0.13404305,0.046963237,0.48936632,0.0070628696
827052,7.621292,2.3811367,3.3011448,18.02474,9.081353,49.976994,86.06001,73.224815,16.818136,35.801777,94.453674,121.42368,4.8911715,391.77695,123.3343,209.75203,0.4144005,0.36376348,10.679217,207.85149,34.62144,96.35766,68.897064,130.91624,20.352612,271.71085,34.55833,217.58794,184.73518,0.31379503,230.40953,30.749586,1.3339759,78.805275,236.81389,298.91776,22.415508,117.30253,154.19008,45.26818,4.860038,1.5575032,2.1717364e-05,13.138255,65.06517,45.186344,12.742538,59.12741,3.0461571,26.086002,80.15387,310.17822,24.852837,17.194044,13.842209,18.654987,5.113879,65.291405,0.08239976,81.47551,1.3290619,0.6467709,279.24307,8.210071,110.31678,203.3722,3.4026687,1.5784748,93.28951,9.8382435,21.197256,14.18021,182.1777,279.60776,73.33728,142.95049,230.54326,219.04588,157.49985,60.576187,59.886215,0.027831843,54.462383,59.777657,33.70563,111.01098,17.055302,66.20942,18.244503,108.60349,30.162474,117.20846,58.052757,8.860244,10.559258,15.189377,116.26515,314.52463,0.70377934,113.78832,41.00447,71.49028,92.97545,4.1551743,0.26497823,47.005512,33.294403,91.306015,495.84274,70.53511,54.38092,15.627548,33.88011,0.46030256,98.243164,119.029785
828862,0.0031947882,0.110465035,0.0073426114,0.051922668,0.0357553,0.030309558,0.00809038,0.020884957,0.050082326,0.05329916,0.0027680327,0.30933234,0.059423145,0.014851137,0.05598153,0.013801805,0.012851122,0.0002521144,0.010438293,0.0011028216,0.0006890987,0.016919026,0.039825127,0.00015303583,0.18744564,0.13669793,0.22857414,0.10594238,0.0017711164,0.028343372,2.7683807e-05,0.027527835,0.014938481,0.0015327225,0.04511182,0.073659435,0.011266393,7.419592e-05,0.0015249593,0.04880945,0.021466771,0.07144114,0.00026281885,0.0005635859,0.01066829,0.026059097,0.030983552,0.03175606,0.08679686,0.004156434,0.010508057,0.00094699673,0.006231242,0.031507697,0.023037013,0.005201988,0.015948793,0.052642796,0.05942027,0.06989123,0.012798148,4.004945e-05,0.21025223,0.00016668986,0.012648385,0.0009851663,0.023092734,0.0010251985,0.00031015035,0.028157433,0.0061270264,0.00081368553,0.0005754689,0.028777853,0.00018677351,7.439424e-05,0.038441986,0.03234162,0.15525249,0.11194509,0.024682561,0.06260599,0.09286124,0.00026534885,0.057677895,0.014522641,0.013242452,0.036567055,0.06773234,0.03215122,0.13974732,0.20220773,0.042877056,0.0449132,0.049322408,0.019559754,0.0025584023,0.003957738,0.0027086684,0.0022113193,0.04170448,0.0027405582,0.043394573,0.08420905,0.025735935,0.0028221542,0.053936474,0.11832242,0.70752037,0.20546006,0.018269317,0.81961703,0.065539286,0.025551742,0.1109997,3.8901566e-05
832651,0.70859236,0.30361387,1.2314281,0.07546719,0.8148475,1.8865553,2.6009805,1.7646115,2.1934144,4.78231,4.168963,5.947099,2.1963124,32.15854,7.945066,13.326807,2.942608,1.4765092,0.06504397,9.648474,0.2374403,5.9704456,4.023855,2.7814307,0.8496689,16.602087,1.1133103,9.859442,5.4728627,1.635956,10.003463,0.004015801,0.4553303,1.2819216,7.071409,9.877319,0.08527921,3.3271987,9.983077,0.025671221,0.08647051,2.5735345,0.54471534,1.0484306,5.5399303,0.4823004,0.4700197,3.8981135,0.3727726,0.028455922,5.0006943,30.107447,0.71037036,0.16734305,0.78359175,0.0066142105,1.6525122,0.40643534,0.09545747,5.5626526,0.45780745,2.0636613,9.19275,7.2890697,1.1414073,19.471064,1.0746998,0.8370982,0.5464465,4.3611016,1.8256135,0.8697288,4.902061,8.956433,0.893451,5.7659597,9.709959,11.246329,4.9487576,1.8139623,0.5276639,4.1290865,0.81224513,0.6473622,0.119590946,9.407299,0.40830615,12.751337,0.86529684,3.1314332,4.7438087,2.6299188,1.4752294,6.613819,3.50391,2.4901428,6.3735595,15.611464,0.12574947,8.158961,10.126388,10.512601,10.092024,0.2290698,0.20885815,0.17685723,3.001694,13.990316,23.129278,10.720837,11.976121,0.41873574,1.5612509,0.8144568,1.483243,3.147299
833148,7.6457596,13.59909,10.597786,8.173427,17.92748,12.637268,5.850354,12.684218,3.4300647,27.638405,1.7208734,3.780382,1.3480556,11.340183,0.03810191,5.5779853,0.70359015,13.064709,0.23691265,7.6423435,6.514245,8.664243,15.027121,7.4760427,1.193727,4.5704865,10.102201,22.786015,4.0797987,6.2107644,0.6432666,0.5755096,11.026646,2.8829305,1.9038051,4.2188187,5.8066354,3.6919239,2.329749,0.0519413,3.5692568,0.71725583,23.331226,0.68763477,4.5255466,0.18365797,9.456122,0.007887253,2.1884682,1.571872,30.485632,7.989916,0.12221571,0.31304076,1.6397119,0.8332443,12.29242,4.695223,6.283595,14.659956,10.794294,6.750209,22.966572,18.906982,4.1650157,7.1023836,0.011362782,0.08039562,3.863388,4.3709254,0.0045960057,0.044890445,0.3066329,0.030034594,0.038724676,0.2165926,0.81996036,0.30562454,4.952301,10.077741,1.4217964,6.6635714,7.2949862,10.717441,13.180944,1.0696197,2.9409122,15.092184,1.8075798,0.12483389,12.686365,1.8026065,0.35989603,5.4020815,8.438199,5.5800867,3.0509586,0.44655243,3.0277414,0.9897482,0.13765325,0.0034607751,0.31798407,3.7839026,13.805951,3.668841,0.01108833,0.18671814,1.3421288,1.4350396,0.20462148,1.7123352,6.2123165,5.238525,50.78274,1.4780109
833249,0.00042470105,0.050697852,0.2801505,0.1572195,0.100830525,0.0024443192,0.050394762,0.017020954,0.030106025,0.00040342187,1.0767486e-05,0.022961864,0.071694896,0.001651183,0.1989556,0.017324936,0.019795664,0.009755576,0.02456459,0.00033542566,0.0703117,0.0043196226,0.030281339,0.09818215,0.047032602,0.0014691263,0.004471972,0.022103421,0.007442447,0.0034868948,0.0011006888,0.018744452,0.001911379,0.00092089636,0.038932696,0.0140227685,0.002864916,0.030772809,0.27181983,0.13151099,0.09620502,0.27437925,0.04318851,0.11967095,0.05371462,0.0026161908,3.292077e-05,0.034317303,0.39322838,0.014159621,5.852733e-05,0.00446009,0.03383663,0.09373495,0.010390136,0.004535079,0.07800345,0.040183675,0.011127222,0.05137335,0.0029556514,0.02514076,0.0003376815,0.057341922,0.017747946,0.012641263,0.00033679817,0.004047869,0.028254915,0.31014585,0.1447345,0.04380925,0.01153074,0.015923865,0.26889873,0.29323772,0.0035354684,0.000925928,0.005295798,0.031197784,0.00629496,0.011675374,0.019058285,0.14865457,0.0016499335,0.003312268,0.47257528,0.008206559,0.006217896,0.0004756382,0.009835014,0.01617995,0.52653337,0.20955835,0.237786,0.032038566,0.07687905,0.08066262,0.0005785902,9.966208e-06,0.03972815,0.22372983,0.0026828924,0.0041418173,0.16635036,0.013553023,0.27196375,0.027868874,2.333735,0.47815323,0.54997396,0.1776701,0.009320852,0.03851279,0.009678543,1.1916131
835657,1.8422168,3.2582636,0.5805448,0.09509457,8.297005,3.4311259,0.72132885,1.897575,0.8046467,4.7962036,1.0158098,0.00035248933,0.27659434,1.7856674,0.2646458,0.1586411,0.30155706,1.6496671,0.6155984,1.2035463,3.9696522,2.3287113,6.1011415,0.97269374,0.19609283,0.771009,2.192731,7.5235286,1.4335287,0.97406024,0.041246764,0.03713592,3.9635832,0.29188564,0.5171113,0.84468013,3.6715722,0.9227449,0.4772955,0.0470461,1.4591781,0.026047407,8.090327,0.46553975,2.4689572,0.3447028,3.795283,0.16105069,0.7976505,0.07698591,13.565101,3.3186164,0.37329018,0.69762975,0.89131415,0.10397303,5.4861445,0.29034218,1.6578292,12.85226,1.4162576,0.1789576,10.299697,3.6008322,2.5263588,0.7724163,0.05638075,0.03250335,2.3867314,0.8679477,0.058926962,0.26810145,0.12852375,0.82662416,0.26770377,2.2311504,0.027416412,0.42061388,1.6776057,4.0605283,0.22647811,0.79675424,1.396143,1.21063,3.2607317,0.11384097,1.458909,1.6222234,1.1469522,0.06894357,1.5902146,0.020342665,0.012969439,4.400454,0.30105126,1.6835954,4.2167435,1.7429597,2.6319644,0.7851749,0.003086406,0.69748646,0.20662494,1.9573219,0.5162103,0.4580969,0.3180154,0.027306361,1.3949193,0.7262081,0.5117048,2.5292804,0.6380875,1.4445624,8.715508,0.45736095
837560,8.118094,9.156691,1.846198,0.037004966,13.550005,4.041051,2.3982456,5.084346,1.0771827,11.11246,0.5000043,0.53787494,0.3212357,4.6460443,1.6430739,0.89788806,0.85427606,4.8298154,0.6678888,2.8583026,6.6284804,4.4300795,7.0755167,1.091719,0.06770607,0.5947793,1.6574055,11.157668,1.473745,2.0312035,0.0006785102,0.10741344,5.5926194,0.99894625,0.68359554,4.706715,4.9262757,3.3770506,5.255305,0.5959821,2.5298169,0.14958958,18.479046,0.90463406,5.233535,1.025679,7.8471603,0.20972155,3.622468,1.7758657,30.822756,10.885028,0.8943167,1.96383,1.7468609,0.988242,12.588158,1.3775755,2.9830923,14.837109,5.5081263,1.3007219,16.342278,9.609277,5.5994473,5.528669,0.098105215,0.0061908113,5.283191,0.65241057,0.027442375,0.93720657,0.27738371,1.0081403,2.9961731,5.3011036,1.0721023,1.5957713,1.4328562,14.634769,0.31358677,2.0626798,1.1665121,1.8185661,5.4599786,5.744684e-06,1.3579333,5.605463,3.6390717,0.5603918,2.0363958,1.0347805,0.027448053,11.908356,2.947791,6.326744,3.7210407,1.6130401,8.511746,4.1974134,0.03581587,2.9617913,1.5895153,2.7900498,0.03714363,2.2097993,1.3799406,0.30007824,2.56053,0.46035028,0.042562857,7.234093,15.026754,3.5456154,12.781149,0.010312617
837964,0.7023926,0.3655538,1.2972541,6.528292,14.033648,1.5900003,0.6788576,0.044336002,0.29728463,0.28732476,0.119633,2.5913124,0.3580299,0.00033764643,1.5508162,0.017132148,0.004092462,0.06557509,0.00016175263,0.8131159,4.6291122,0.18435086,0.014278579,0.026112478,1.1007329,0.0064915414,1.0891175,3.9531434,0.019836895,0.0012185475,3.5838692,2.3709364,0.018744208,1.5488471,0.21985152,1.0340079,0.009121318,0.36724028,1.0279353,1.2184919,0.88843846,2.980413,7.7732997,4.512555,1.9259197,5.3899393,2.6738315,5.0098295,0.112485155,0.032884102,16.081112,2.2694094,1.3842338,0.027205557,1.1306332,0.0013172792,2.004585,0.5150688,4.7061195,14.949788,0.07446874,2.9984064,2.0595012,0.34169328,4.955347,0.471578,0.6852308,1.0942941,0.1406089,0.74081516,0.00698543,1.9594356,1.5921899,2.4823508,1.832841,4.054381,0.79237694,2.1435294,0.23633559,1.5932235,0.06031543,0.35303497,0.6276132,0.046842,1.1797328,4.9301267,1.7702924,0.21308815,5.1769805,0.036359783,1.133098,0.1680598,0.28775004,2.2539134,0.6877196,9.223734,4.7204447,0.78814065,2.3555856,1.3613272,0.0020753772,0.50118375,1.5841324,1.4964848,0.05320927,1.8260124,0.10686135,0.2910219,0.9095274,0.16187805,0.32017058,4.4063253,4.787669,0.35986543,9.81833,0.28839704
841349,0.10271033,2.6687922,10.050457,8.801538,7.1377873,18.860626,4.791406,25.287285,10.361137,1.285944,30.07987,30.067533,9.164602,56.482513,41.96856,60.794724,0.44266194,0.6542251,4.431794,62.606796,8.282786,32.097855,22.12183,32.790405,12.515009,68.01304,14.092031,58.157948,46.685825,0.33308902,58.109486,10.737888,0.24936311,21.962313,59.218525,72.87024,0.030739788,28.158112,41.90565,14.479061,6.2377524,0.06937747,1.5923066,11.754743,4.598086,9.174082,8.852925,21.908308,1.0498375,5.679077,21.703428,46.103878,0.7981479,3.350818,4.8598187e-05,6.822717,0.0039547766,19.041431,3.7169316,26.107174,0.69249946,0.41676205,67.619995,0.4661897,30.03375,29.744867,1.1762438,0.60032797,19.512993,2.633957,10.343347,7.9550986,50.09016,70.4752,20.31176,38.170105,59.820248,50.895905,42.551876,18.213354,17.251095,0.11681948,12.941919,15.869904,8.865977,13.056604,4.6994042,10.124415,0.4137161,22.728027,3.325345,23.26769,15.551364,3.5431297,1.1536399,7.858389,29.744925,78.502266,0.0045212978,31.335913,6.8588986,15.509381,13.309795,2.7142894,0.6655263,15.46666,9.801079,23.154001,101.07367,27.375843,18.219477,5.164016,9.668838,0.2586232,25.582361,30.520178
843151,2.631919,4.879991,2.3733075,2.0988448,6.4875536,4.2288117,2.3967266,3.3741202,1.0659642,7.084143,1.3702031,0.09155159,0.45037732,2.4794626,0.008238252,1.2188399,0.13450377,2.7048876,0.44839793,1.5447248,1.6544973,2.3350387,6.2711024,1.5075066,0.8204925,1.4106385,3.696995,7.0772357,2.1606534,1.4215021,0.0143402675,0.067491926,4.3679214,0.37184533,0.7477971,1.4135325,4.9780183,1.5589919,0.13673447,0.091803476,2.99011,0.34398085,5.662265,0.40865752,1.855509,0.5298858,3.328832,0.053453114,0.9535335,0.2885827,9.0488825,3.0719903,0.5486444,0.21797317,0.5419638,0.1564431,6.9983406,0.940288,0.20331647,2.9547434,2.9407473,0.7175548,7.181911,3.1374693,1.121727,1.7943556,0.1257248,0.03745643,2.8536887,0.37630203,0.14344892,0.4567206,0.004601268,0.07223589,0.009831798,1.1128337,0.035360653,0.110140555,1.8226855,2.8315825,0.2448788,2.1103094,5.765748,3.6457345,3.32362,0.11195411,0.18272834,2.7605252,0.21012664,0.53710866,0.27868706,0.27356797,0.40190288,5.3785396,0.06848641,0.5376622,5.869362,2.3888824,4.0689793,1.8628784,0.69720817,1.4525073,1.316778,0.025723869,2.3932316,0.0056421864,1.7707698,3.609002,0.026570404,0.66008043,0.56463283,3.9022088,3.690765,0.4636509,8.371381,0.34281898
844961,0.030920656,0.17628178,0.0067123803,0.0004796282,0.0015780998,0.048764084,0.0017914528,0.119436234,0.013309406,0.06320997,0.03539111,0.0015859493,0.0013539349,0.104557775,0.009062326,0.15257369,0.0038963247,0.15029964,0.0080186725,0.011649439,0.0045872615,0.00057681656,0.10043019,0.007547228,0.085908726,0.0031204775,0.029003412,0.0023755934,0.0018881562,0.028088693,3.8965256e-05,3.0731386e-05,0.0162175,0.024340274,0.112748906,0.1122269,0.023741951,0.0009813367,0.012644762,0.027156143,0.0012672459,0.0020612513,0.37149075,0.0589804,0.00047021356,0.012284038,0.016127048,0.0040295427,0.016945327,0.00020055729,0.030743342,0.0013068425,0.02460591,0.005399842,0.012402181,0.009252752,0.013147509,0.07392554,0.26288962,0.08298573,0.030632535,0.006954359,0.00024748614,0.019287452,0.031057458,0.012085583,0.037897438,0.095495895,0.0092992745,0.06951161,0.045488965,0.0026820034,0.010474826,0.029531796,0.0100558065,0.05102678,0.03226752,0.00925582,0.118629746,0.0029804995,0.0031393615,0.11918296,0.042750012,0.2784592,0.012645647,0.030896345,0.016569626,0.069078915,0.012353824,0.012345956,0.0004963363,0.04962346,0.04578129,0.0010838758,0.06567276,0.0019877828,0.0004150149,0.0009929136,0.0002855416,0.001113576,0.014441674,0.011254413,0.05043613,0.009968359,0.011418941,0.025424106,0.65685636,0.1683828,0.1837691,0.055466935,0.085116886,0.16435675,0.0056200237,0.30568177,0.058660828,0.08019812
845458,0.064007685,0.031834368,1.3101838,1.275574,0.6056827,2.4009,0.09090063,1.4256406,2.0373693,0.6337026,3.5825486,1.3063035,0.29556987,7.7814445,2.901704,1.4339485,0.0077779316,0.0071766404,1.3082417,8.671206,1.4299338,5.4067116,4.807825,1.3506135,1.007307,9.572678,0.27615032,6.6052904,1.5499092,0.011996916,3.3405402,0.18305783,0.58775693,1.6913074,5.791829,1.8137568,0.5230206,1.5168363,3.0942254,0.2310616,1.6407348,0.3167985,0.802292,1.4625747,1.0722392,0.28195027,0.118486285,2.3319738,0.30766454,0.38988766,2.0809145,7.0951242,0.017636001,0.055563144,0.010565428,0.29956454,0.34730038,1.3638113,0.07816187,3.6269069,0.1523779,0.15395156,5.9569306,0.29565594,1.3790851,3.7567892,0.19392265,0.8910003,0.45148715,0.0010778774,0.5216474,1.2878968,1.2024894,2.6462173,0.011177049,2.1724014,6.781759,6.488507,3.1968622,0.17450814,0.2278151,1.1557212,0.5361922,0.24118021,0.13245931,0.7581646,0.3005362,6.4086666,0.04714677,1.6365514,0.5609409,0.52395046,1.1445655,1.6416153,0.09840307,3.4406784,2.1361203,5.295646,0.010923314,3.1256626,1.2659479,3.3039098,2.762159,0.07132138,0.41348842,1.3034681,2.1805255,4.542884,11.743851,9.934112,4.840952,0.08362614,0.11590768,0.5261266,0.66883564,2.3672261
849264,3.1829944,11.316694,6.33451,6.581053,10.112397,9.897882,1.2971039,9.349971,1.2358396,37.152004,0.11283943,0.13839649,0.010953174,7.1251616,0.698759,1.5242733,0.004716998,6.309483,0.08757176,3.314292,9.911668,8.361675,11.402444,6.8337045,0.02015864,1.3620625,8.145891,15.226865,2.0270836,2.92469,0.13272032,0.00015841934,8.405536,0.26004818,1.2696747,0.5518733,0.8206275,1.2105732,8.93182,0.8244159,0.30573976,0.16652918,28.731201,2.6234388,3.8014505,1.3897907,6.662492,0.032239977,0.18787083,0.63899994,29.737738,3.9854858,2.8109355,0.021144276,0.017900772,0.26733637,13.327957,1.2762828,25.83756,41.586323,6.492758,2.2273746,21.484598,12.150687,2.7372262,0.8311837,1.905194,2.524614,1.1773542,5.864691,0.0030508887,0.13885418,0.18706252,1.0450498,0.5524626,1.9394518,2.2381275,1.855042,1.7719399,0.9975453,0.73816454,1.9378155,4.8882394,3.9162724,11.73493,0.046376046,5.0208893,9.110409,5.428342,0.4343659,36.284706,12.56075,10.888823,0.045454685,13.925127,26.85782,1.286074,0.5864218,0.8272356,0.5955662,7.165502,7.4411526,1.8244872,19.65233,20.911417,9.134675,13.157819,6.1733217,2.6481154,1.4768523,0.47421455,2.1663675,1.1272293,17.58935,86.66794,0.025491176
849971,2.1016204,0.1038506,0.15703088,3.9542964,4.2726994,16.450512,30.865679,16.395037,7.711868,14.073341,35.252846,39.741726,1.7816802,135.05408,44.747986,60.748875,1.0850475,0.89961356,5.3123736,74.4612,12.507908,39.933025,29.127777,49.47266,9.764072,93.1171,9.773001,75.61058,59.36009,2.4020839,62.24398,14.014576,0.7737034,33.61027,80.80134,83.24166,6.17242,54.46788,70.40155,19.288368,1.5914487,0.9254375,0.8371539,5.007628,25.479092,22.170515,4.7518086,16.564695,7.3418093,13.628628,29.434063,92.33563,3.058086,5.057688,1.2959107,13.577661,0.87635374,29.426456,2.9014742,64.376755,0.03742128,0.116117045,121.372696,0.29465055,54.977592,55.076874,0.017984973,0.8121214,68.9569,8.653938,4.0479083,7.912635,64.87876,114.14403,21.222897,65.948135,88.32195,91.14326,64.42324,38.09591,24.650223,0.2572956,10.80548,20.162762,15.539972,22.450161,6.972694,22.647848,1.7558327,37.11561,13.138734,35.28714,15.045488,7.023863,1.7718395,11.480158,30.978445,81.393684,0.83626705,34.512592,7.868009,18.33989,23.176989,0.72028065,0.020858454,12.20762,3.1622674,26.802599,183.17967,41.63107,9.277297,8.4451885,3.795967,0.42234525,24.990816,51.358437
852455,7.805115,1.9608979,1.8665789,13.726431,7.312039,42.908176,95.79552,55.14408,16.45695,39.73539,82.45014,108.737305,3.1712315,403.94745,107.40964,184.94962,0.3026179,0.2479942,11.246227,199.21324,31.402199,96.29948,62.816483,121.523994,19.574175,242.96173,26.859758,195.16386,163.21667,0.19531171,196.45723,27.580017,1.8570896,77.18344,218.65141,285.96854,24.848001,104.79372,144.72087,45.599285,6.3509297,0.68615377,0.016578779,12.056139,65.72616,41.365658,8.779126,50.8953,4.9541817,25.7827,76.69049,303.4566,22.96185,12.009342,12.963754,16.463003,3.6055017,63.969463,0.106438376,96.9723,1.5500668,2.6305246,266.41083,8.213227,105.582085,199.0454,2.3290439,1.4837922,90.03499,12.129152,18.572363,15.447661,170.05016,272.6298,65.794525,150.2898,216.33784,218.65973,144.4999,61.564987,54.15735,0.0047244024,39.369637,56.300095,31.954575,108.64669,15.716997,76.06234,17.202833,94.69158,39.475883,93.06616,41.683197,11.037475,15.791842,13.342893,93.57588,278.3899,2.1006942,97.90807,43.677258,75.586685,88.31679,2.0688903,0.779733,37.706608,22.327854,103.74134,455.10788,81.39706,44.207657,10.254811,30.286785,0.8086733,82.007126,109.8164
856463,0.00015490035,0.0036733332,0.03406749,0.049898293,0.012066566,0.5396248,0.029062785,0.31465665,0.6154125,0.019698989,0.36057562,0.39505672,0.024695758,0.21132725,0.72916424,0.8666874,0.015557333,0.0037294496,1.0074297,0.9910062,0.009355159,0.23090728,0.1254851,0.21115068,0.36215135,0.80054826,0.06906472,0.74868125,0.06448022,0.0018330017,0.10368237,0.003743269,0.10926944,0.16030622,0.002033927,0.3597017,0.14733464,0.018833736,0.33893454,0.083051,0.031105397,0.016451633,0.36741662,0.0009947832,0.0407229,0.051729042,0.09793066,0.17385393,0.19120355,0.034437,0.10374554,0.07692529,0.059625644,0.035251733,0.038861457,0.078442916,0.15470207,0.0010371073,0.42626703,0.0030279323,0.0006319935,0.4131099,1.3334966,0.017517075,0.13244317,0.07003968,0.08905943,0.005355695,9.8115655e-05,0.056640938,0.11355274,0.014303767,0.022658056,0.08651498,0.06286147,0.39765814,0.03874239,0.40167725,0.12293992,0.06697767,0.06667867,0.00759382,0.3859676,0.2684448,0.20647386,0.07464096,0.18500839,0.046687867,0.20246542,0.18343514,0.058344875,0.5334801,0.02930079,0.008989022,0.011704609,0.37951005,0.18853067,0.40670472,0.16121449,0.11900197,0.08910351,0.0069348854,0.012518507,0.094108395,0.93614745,1.8516755,0.19830027,0.3959307,1.3162231,0.38112327,0.86792904,8.185255e-05,0.6389355,0.0030879725,1.1486973,0.93945205
856766,1.0531247,3.640801,16.508947,13.136025,6.5148168,22.552517,16.392187,36.33942,11.516,12.848962,34.83953,48.99014,11.853862,137.58217,57.69362,100.867294,2.397956,0.31126425,6.9582276,97.746155,10.322994,49.347645,38.990322,48.685425,10.482306,117.668106,15.842905,85.94967,66.981384,3.1532853,100.78172,8.949391,0.015811663,30.626833,112.015335,138.02785,1.5129086,37.760742,66.56235,12.185381,3.0611758,6.0293403,1.3442183,13.550897,18.118948,13.69136,10.896227,34.76403,2.9123666,7.425687,37.69852,122.94678,5.275268,1.6954366,4.381735,2.5041282,0.31868762,28.265656,2.740298,37.622574,0.0053600185,0.5454777,105.47669,6.51044,34.707535,79.64405,0.17316557,0.57878953,18.754763,0.1643229,15.922098,8.56173,63.721737,98.17317,33.95218,56.310455,97.15781,81.75426,59.263103,6.8105326,17.493462,1.0317634,13.88614,16.200184,9.393071,41.82087,3.408855,41.0533,4.7242837,40.192936,14.223368,38.003708,20.26657,14.960959,11.560832,11.22326,48.96937,132.76367,0.22826807,48.777397,28.011324,51.5701,41.047634,1.0781405,0.028174259,16.484636,21.364552,60.446667,167.38322,37.574932,47.753998,3.974024,23.572313,0.5188792,31.182457,32.785233
856968,0.07247846,0.002922604,0.38161483,0.12765808,0.23415212,1.0608321,0.0019541804,0.5258425,1.0006098,0.03437639,3.1415045,0.88507605,0.39123708,1.0097432,2.8460133,2.0446355,0.028535118,0.03726114,1.623211,1.5864506,5.8191064e-05,1.0180562,1.5004455,0.8509925,0.77725506,2.9880366,0.437664,2.722668,0.4347266,0.06660632,0.6132828,0.06894322,0.18379644,0.2886075,0.97679406,0.5192203,0.3117335,0.3339759,0.7671344,0.25485134,0.01651736,0.17649326,0.23769738,1.4071327,0.24339399,0.17491326,0.21416731,0.80513877,0.07567899,0.34478766,0.5775247,0.6885622,0.026665598,0.13794309,0.12651174,0.49778703,0.035536997,0.8907111,0.0025605417,0.013503098,0.5599741,0.44813743,0.9964481,0.1263069,0.69365644,0.74265295,0.18890493,0.16736259,0.070421845,0.0018220778,0.18510203,0.26880342,0.40760717,0.8591631,0.27251843,1.5289001,0.85283124,0.9743151,0.3918084,0.0015521237,0.0667297,0.002623061,0.1830117,0.6875255,0.03029275,0.009990441,0.28506604,0.24464625,0.015766283,1.231306,0.02278354,1.0567571,0.91188586,6.286663e-05,0.3157011,1.0444853,1.3575883,2.8992386,0.106992036,1.2782456,0.13441408,0.17101307,0.33225816,0.52930075,0.19864784,1.5442935,0.56584626,2.8715353,2.5296602,1.1045692,1.6438968,0.554995,0.5102585,0.10043074,1.0354948,1.741364
857263,0.6195391,0.7425418,3.9192615,3.5166574,4.753423,12.760302,10.055548,11.126236,4.829174,3.7080061,19.606766,21.298975,2.909775,59.945137,24.640318,42.018635,0.28413284,0.0100877555,3.286764,44.719685,8.039043,22.495466,16.71803,21.32663,4.328343,46.510895,6.202311,33.891735,28.126902,0.0325832,34.591015,4.9191537,0.024741132,13.71073,47.496197,57.99316,0.2921999,18.992582,30.888126,8.698396,2.4976616,0.61623055,0.62734604,5.3822427,6.027444,7.7961736,4.7707286,14.227243,2.2674096,4.5845704,16.85655,50.05544,0.6664157,1.1267067,0.798404,2.7641454,0.21218868,14.162342,0.73108494,21.041199,0.018089684,0.20645466,49.97533,1.8151186,17.158987,31.15614,0.0054149325,0.02248355,13.972087,1.9430417,4.0978556,5.116199,36.081367,54.51517,11.5171,25.872223,48.97214,46.142662,22.127996,6.460355,8.238834,0.20370892,6.3973956,9.594257,4.3999066,14.561245,1.7249098,15.159328,1.1942971,15.079256,9.876563,14.30547,5.420075,6.9075594,0.6897163,10.447911,23.82755,58.512173,0.21277216,20.613733,11.192577,18.871529,17.181879,0.19254471,0.009261007,8.778006,7.456556,18.20109,75.327156,28.445305,19.366941,9.22426,10.352854,0.21371719,15.053321,14.107563
859671,5.4750137,6.096914,0.88807076,0.009368469,17.126383,9.390214,0.3121868,4.01182,0.57902914,11.546642,0.22907738,0.0037018913,0.051241398,2.4933987,0.7541893,1.4442856,0.4325889,1.2389199,0.02881046,0.3135593,7.9234614,5.7461295,4.299568,2.837888,0.0027436172,1.846579,3.4492857,12.568175,0.7080985,1.23749,0.40975258,0.017165462,3.2663553,0.054987647,0.023652023,0.8275964,0.33358195,0.24701348,2.2720745,2.437707,0.20174769,0.6442837,14.066783,4.4142375,1.5254674,4.8340635,4.2306967,2.8074346,0.06544552,0.002272799,27.851847,5.625573,1.2968082,0.0127516035,0.9645183,0.33088565,14.027442,0.4336273,11.56418,26.996634,3.5055614,0.04212454,13.457281,6.723834,5.7358284,2.1013339,3.4282138,0.60767126,1.221766,9.344196,0.42874157,0.51720256,0.16471969,0.64985794,0.18472116,1.5188537,1.9721097,3.5493085,1.856459,6.5536366,0.24441352,0.018402357,0.46400976,1.8801504,7.6252904,3.524371,5.1070247,6.7525654,4.5636754,0.086892694,16.835737,5.799766,7.80251,0.109979,6.788712,13.025259,2.0541697,0.14886768,0.7842947,0.090624325,4.519409,2.6161668,0.74023724,16.788,1.8433295,0.0059081484,1.1809671,0.0008047111,3.673593,0.9256876,0.7832353,0.886428,0.94899833,9.164015,34.40402,0.06560819
861456,8.656792,19.026453,8.065525,9.006269,22.724146,16.961061,2.4199452,13.380186,4.219983,51.171383,0.19871788,1.8253525,0.0036270733,13.70152,0.44512686,6.4551272,0.16385257,10.967102,0.3408201,8.33458,14.685176,11.004268,12.650392,8.657973,0.3560171,4.212877,13.690663,26.444334,2.4791255,4.7462964,1.1460655,0.26680833,14.478334,1.162488,1.8475289,2.1206775,1.1902198,2.0744455,15.100634,1.3361307,0.69173294,1.0673892,29.839771,3.8116589,3.1474745,3.214958,8.773802,0.42630938,0.0019682497,1.6937575,47.93065,7.749294,1.7281945,0.0021448375,0.44076726,0.0077011273,19.07537,3.3788936,34.847385,56.59961,10.837236,1.7054031,36.698036,18.678745,5.6115193,3.2942772,2.2400804,2.1661885,3.110263,9.981563,0.3369923,0.038079645,1.0253702,1.4722403,1.4768482,3.529409,3.8434706,3.5212383,4.2949724,5.8736863,1.3267826,4.865674,10.6305895,9.535138,17.016714,0.00010895797,6.706241,16.722513,7.9318957,0.067692325,48.18091,16.5871,13.977597,1.0813448,17.75161,29.624535,1.3764206,0.38957667,1.6625191,0.111604296,5.666934,3.0021234,1.5348958,23.561197,27.37287,12.041123,17.353437,6.006827,7.0254893,2.2611291,1.8911932,1.0197477,2.8898454,19.018496,108.47347,0.101755336
865363,3.3970912,4.177871,1.552802,0.62862,6.8398013,2.029653,1.9464247,2.4472644,0.6345698,4.028761,0.7949557,0.5905739,0.5183102,2.286783,0.10129198,1.2584113,0.5123588,2.5807095,0.40355632,1.6759938,2.6929178,3.872283,6.3503327,1.1566472,0.8422564,1.2306118,4.146626,7.466838,2.2599194,2.2785015,0.16423844,0.00028057775,3.5061283,0.83257276,0.9974703,1.9263971,4.0200195,2.030843,0.39775226,0.09315892,1.4549332,1.1286806,6.4838195,0.0025967276,2.191926,3.5244902e-05,5.233127,0.0008863213,1.7060511,0.9588455,11.545968,4.4470725,0.002056186,0.48891652,1.1898944,0.38535693,6.35367,1.6811112,0.19165531,2.2510517,3.5933552,0.8585084,7.5922747,4.5200195,1.6656264,2.5542457,0.093809314,0.04126708,2.6716278,0.17620045,0.33826718,0.0011939874,0.0004942749,0.0011805353,0.10185328,0.22000091,0.052562457,0.0674527,1.701497,1.7295719,0.46928388,1.358444,4.416887,2.4979606,3.0458775,0.23834577,0.022543645,2.7722607,0.39902604,0.48712555,0.5443494,0.2646872,0.118182465,4.767437,0.1696319,0.7022911,2.90788,0.90560055,2.7812266,1.4456923,0.027059268,1.155306,0.17245747,0.5899096,1.5051969,0.018393092,4.180165,1.1118158,0.3991768,0.74319977,0.18012983,2.5080342,3.5569108,1.1741627,6.469148,0.15225407
867468,0.016832406,0.050868094,0.094357274,0.06529893,0.4855274,0.14752175,0.11175277,0.017426353,0.15492663,0.22550522,0.006062198,0.4330421,0.0025379274,0.008920937,0.00014715768,0.00030854222,0.0046952125,0.0006296626,0.0001227802,0.004494309,0.0011424081,0.42615595,0.311641,0.00081262155,0.049158454,0.08932892,0.14099301,0.24842879,0.09411805,0.016224088,0.057117593,0.09006207,0.02041087,0.043658525,0.025016423,0.027200524,0.06428636,0.027987132,0.361506,0.10656469,0.06324317,3.366569e-05,0.2823521,0.12334051,0.23051481,0.036911864,0.08970981,0.05266776,0.036042605,0.00050153135,0.4600733,0.10280999,0.03148129,0.03869646,0.021888707,0.25848833,0.40028843,0.0020263696,0.03014626,0.3299794,0.027696166,0.0037770993,0.27714363,0.07525886,0.084546186,0.010804294,0.08968475,0.03154194,0.11349847,0.12495172,0.002728409,0.0060978266,0.038936917,0.0024298567,0.051514294,0.03872849,0.010449428,0.21293707,0.045021042,0.018882733,0.0178603,0.019736718,0.0694361,0.0028936048,0.18339169,0.45842028,0.54654264,0.108050235,0.1869095,0.4292377,0.29439178,0.38601798,0.10832879,0.09652712,0.057012085,0.020915324,0.23918462,0.012617806,0.042286176,0.005736978,0.14877589,0.30693927,0.28032595,0.19245954,0.32996613,0.002756151,0.2462008,0.0036072566,0.01204889,0.07175904,0.0067055016,0.24280179,0.017832654,0.29033345,0.29216594,0.073471256
869472,0.964767,2.3840446,4.1806993,7.318156,6.4458723,19.394043,14.735752,24.378016,8.870189,4.7421074,33.088287,34.514942,5.154108,87.81567,40.738693,64.225784,0.3544809,0.2138156,5.597668,71.83342,12.443581,39.220737,29.026741,45.895466,11.596329,76.88531,15.044114,68.75706,56.397346,0.17827617,72.37791,14.109833,0.033302598,28.86785,68.948784,90.1675,1.3331637,39.635677,49.562042,18.134758,2.8828893,0.09875516,0.07885151,8.29129,8.534487,15.478022,7.0777736,19.442581,4.3707647,9.596373,28.367193,65.42735,1.1604156,5.581608,0.46329075,8.060819,0.18601006,20.32561,1.4931439,32.67916,0.23072675,4.0827217e-05,88.77931,1.2884333,43.95739,39.150333,0.63219243,0.37838176,34.33508,3.715713,8.0054,8.686028,66.25245,95.755646,28.880175,56.933884,74.938675,67.597916,50.04236,21.605537,20.313126,0.114165284,10.799922,17.471565,11.792038,20.959787,4.703662,16.452492,1.5963885,29.115189,5.7324133,32.40363,18.450237,4.4112773,1.2860965,3.3315358,32.290653,87.00666,0.0634136,33.718647,9.344083,21.120106,19.614582,1.9255613,0.23431572,18.258385,8.27409,21.2074,146.77853,23.695108,17.615158,6.1824083,9.367349,0.085117616,26.800861,35.35029
870861,15.411457,19.498613,6.921057,1.385096,36.66193,13.563391,3.513905,14.415561,2.3777215,37.46485,0.7359697,0.43236697,0.616335,13.612599,0.3000283,7.546986,0.99063504,15.275249,0.15143988,9.614526,15.567804,13.452931,11.683987,7.066769,0.12146105,5.622996,11.569247,34.53326,2.2933373,6.751215,0.37251833,0.23822024,12.291013,2.3730276,1.0605427,6.2058883,3.4545546,3.0134983,14.683847,0.42025757,1.4598031,0.027391192,35.40865,2.93779,5.18343,0.8007658,13.828612,0.53906584,1.8184416,3.357074,62.363594,20.687017,0.9402564,1.9759368,2.7538235,1.2478349,18.04952,1.534591,15.7439375,52.563656,13.602165,4.1551023,34.39951,25.359911,7.564257,10.964053,0.14477982,0.29161116,7.5484705,6.5581293,0.0012669616,0.34283733,0.61145633,0.99122906,1.3612498,3.4417744,5.228695,4.06658,4.553457,27.383997,0.9982748,6.128873,5.6383557,8.442578,15.146736,0.0007202833,11.83529,14.064637,12.038145,0.18682295,27.285189,1.7955468,4.253856,15.10129,12.304902,17.876364,3.473465,0.55733585,6.943989,1.5858022,1.1999123,1.9029809,0.7182758,11.817587,6.213629,0.24157234,0.032542016,1.0808647,6.0791845,0.6974174,0.17497915,1.8593537,11.838773,12.638492,59.238678,0.017518738
871762,7.391935,1.4004782,0.9677455,12.297454,5.8280835,39.13456,86.310936,58.342396,14.606033,37.03259,83.93285,109.85724,4.0975814,358.55377,95.23899,157.03954,0.12799056,0.03375805,6.3351135,172.0755,35.208515,99.86333,57.07353,121.30924,15.351171,228.65921,25.420877,181.12517,150.83939,0.3574712,183.84633,26.49067,2.1779573,74.148994,227.43056,266.4313,18.051428,102.20191,154.74435,44.42614,4.659128,0.4355762,0.013093054,9.534306,63.680843,40.51358,9.03012,49.07066,4.849861,22.137482,73.59992,268.06485,17.588533,10.776761,11.359247,16.935225,3.2770147,59.758015,0.6923565,101.56491,0.9039048,0.4840055,252.55898,5.323647,105.185,180.58855,1.9081998,0.1130322,97.557365,7.703358,14.424542,14.798645,171.89513,270.33313,71.26426,145.67108,218.155,213.3052,135.39467,62.99433,47.93403,0.0026454115,31.99816,48.93594,32.592796,95.46001,15.250954,78.88294,12.827283,87.371155,35.661823,86.12523,46.81857,9.50902,20.03506,7.8005786,79.02734,241.69228,1.5071703,92.435455,34.19962,65.025406,77.41527,1.8027575,1.0280015,30.872015,16.627861,86.27946,429.35056,43.373745,25.38907,14.718493,28.2118,0.5836205,73.23397,100.67998
871964,0.45893762,1.5476038,1.9908931,0.8624068,1.8256947,1.2849385,0.46941048,0.9286706,0.29026574,2.4342263,0.23635617,0.31791443,0.15275507,0.15982825,0.083997644,0.014612765,0.006625369,1.2281216,0.02983801,0.16190988,1.9438478,1.7771091,3.3979905,0.23202576,0.13297854,0.18985079,0.83461905,2.5605237,0.8262371,0.087430865,0.057683434,0.22811386,1.5041072,0.026641173,0.058573656,0.12398823,2.8139958,1.0606475,0.27336866,0.0038793236,2.0536168,0.36122194,3.0417376,0.035439905,0.31755313,0.0009291842,1.5773708,0.055548068,0.053615876,0.0038249926,4.2424083,1.171079,0.15536213,0.16091539,0.005720187,0.008557891,2.9609416,0.3711884,0.043401465,1.8163644,0.50132984,0.14890808,3.67407,0.9605893,0.15703367,0.00297511,0.6463231,0.12611307,1.0359428,0.3870359,0.56623626,0.014906786,2.6241356e-05,0.054283533,0.22908783,0.16081521,0.025190322,8.9856265e-05,0.37870127,0.36300153,0.13286637,0.17422386,0.960231,0.4231681,1.3027953,0.016732426,0.018312363,0.5274938,0.15004632,0.037231505,1.1966678,0.04654093,0.00010982075,1.7223231,0.0017273242,0.46879598,3.6213994,0.8473853,1.2579476,0.44774273,0.07682744,0.03216688,0.07295098,0.33565402,1.2967197,0.02770064,0.2410463,0.020733673,2.0204759,0.60677326,2.167193,5.49803,2.4508119,0.49149382,4.732658,0.1623042
872158,7.4587617,8.760426,4.222468,2.1542811,12.804792,6.781867,3.3405178,8.528222,1.3493893,18.599482,0.80366373,1.9453083,0.9789717,7.512431,0.27259907,4.160925,0.6569229,9.51716,0.65833956,5.866557,5.1071687,4.9374337,8.4929085,3.6018858,0.42354956,1.7163104,6.2435856,14.090263,2.735071,4.122105,0.8548932,0.18940648,10.261404,2.132719,1.6129287,4.3560643,3.774047,2.195847,3.4824612,0.041965313,1.9253,0.06753099,21.143301,0.010311188,4.0694084,0.101205416,7.8244824,0.00014107589,1.7388482,1.8863769,28.972546,8.705538,0.60579354,0.71636724,1.4703019,0.61438197,11.07588,1.5172445,6.8824725,21.233267,6.508087,4.2267156,19.252047,11.627598,4.2626224,4.5134883,0.037579134,0.03674708,4.4255633,2.5452216,0.7568655,0.0004237668,0.15189399,0.39784384,1.3224465,2.922104,0.7225556,0.5205869,2.3914726,7.0368953,0.63359666,4.026714,9.483862,8.077196,7.0138535,0.2816889,1.0296264,11.847347,4.5249734,0.15010987,13.582745,0.7947561,0.7647212,5.294821,10.005897,8.999853,2.1930516,0.46398118,3.5824935,1.0839612,0.12032798,0.3825581,0.21425457,4.510149,5.0052505,0.50920886,0.23610868,0.04280386,8.061568,4.3355966,0.08460294,2.5898478,3.393322,5.7653117,32.554882,0.2650177
872562,0.06550163,0.322089,2.6351125,1.9815547,1.9816248,2.8852985,0.0860011,3.4368875,2.756463,0.26687786,6.9609714,3.8710477,0.8372694,6.875868,8.283764,8.930087,0.0017212733,0.30485055,1.4582698,13.008269,1.1937599,9.541801,4.2894373,2.2764962,1.2603536,12.985124,1.5016296,11.014867,4.9258027,2.1716252e-05,7.1641097,1.0283463,0.6020484,4.418401,11.835672,7.0350537,1.3798655,4.9910316,6.651433,2.4876218,2.0676005,0.027604923,0.9205926,4.644597,1.6665542,1.5859166,1.6620615,5.254881,0.31536493,0.9130655,4.6453505,7.6686816,0.0059660436,0.22851776,0.4751192,1.2580019,5.401677e-05,3.3252072,0.050751302,4.3467746,1.3598293,0.41744465,9.899995,0.08325355,4.1177506,4.551564,0.79615164,0.96104246,1.715548,0.17265108,7.641073,6.6500196,6.533387,9.76266,4.269745,10.196465,9.907816,10.355938,8.314986,0.022347571,1.220358,0.3360861,0.45558503,1.1512215,0.6342943,1.1641134,0.99239904,4.143975,0.0051303105,2.6294796,0.4551192,2.0799527,2.3988929,1.7441022,0.8035354,6.1319118,3.206358,10.162752,0.036337692,5.9129224,2.078971,4.9455566,2.5831835,0.14149591,0.82142335,4.2926507,4.5485606,4.6054335,10.477959,11.664045,8.074075,1.3790118,1.1022446,0.13714659,2.7704413,6.401538
873968,1.587935,0.34810615,3.420307,4.664065,3.258864,11.804637,18.448135,17.648323,6.818619,9.792283,23.18418,29.757315,3.2304077,100.97032,32.24427,59.02347,0.7651922,0.13097027,3.5904453,53.38023,7.98334,30.538425,21.07212,35.185577,5.982579,74.06895,7.3640747,55.60975,40.224815,0.08565888,54.9254,6.8992305,0.58350384,21.028278,57.642426,73.45297,2.885279,30.230307,42.357086,11.677936,2.6206062,0.30792716,0.46810132,4.9731193,16.183334,11.758287,2.4731252,16.347929,1.9262512,5.658378,19.894466,84.29587,5.4960546,1.6651452,2.4758642,3.3896623,1.0947891,16.034443,0.7089927,29.864084,0.5340514,0.36402896,67.57624,2.7243748,20.580317,52.926758,1.2121991,0.2470857,14.661199,1.2717088,5.953805,4.6057425,44.432617,71.29386,17.016966,39.484364,61.32815,60.83713,36.366646,11.166129,13.722918,0.49262905,11.547875,13.937469,7.978497,29.261618,3.09519,25.917292,3.9848652,22.83233,9.82339,24.597187,14.599409,4.0838103,4.867564,7.494137,33.21231,84.40902,0.40377823,30.790854,12.68759,18.816244,23.41583,0.5119478,0.048414163,9.670493,9.418584,25.40395,125.66211,29.852104,21.046637,2.614554,6.380498,0.22362317,21.3983,25.633768
877168,0.44672835,0.8732768,9.28522,5.1874814,4.797432,10.743262,2.2715883,16.003334,6.3941083,3.1786265,20.632599,19.881168,10.7428055,36.832123,26.318232,43.941727,1.4395058,0.07282934,3.3311725,39.77597,1.3856773,16.956217,17.466232,14.334699,6.5451307,46.269928,6.5730696,32.395557,23.209166,1.6645939,33.733208,2.6664262,0.14592746,8.830676,30.844288,50.41163,0.15811543,7.4701715,23.028412,2.4663134,1.5657734,3.091118,1.8171479,8.351588,5.2586,3.0683813,5.289401,13.317797,0.9483468,1.4649928,11.657812,41.475487,0.6173605,0.11307208,0.18423563,0.4659912,0.15116924,9.434575,2.0257952,11.134068,0.54729563,0.030338092,26.049046,3.3486073,10.3635025,26.623266,0.15147322,0.062257197,2.600366,0.00014502808,3.497883,3.730186,19.951204,31.926321,6.7669463,18.718029,23.245045,19.893799,13.192327,0.00096899254,3.8612163,0.8773935,5.130851,6.1997757,1.0294623,10.807557,1.8435017,15.1391535,0.8661508,14.261862,1.0273305,18.293087,11.148267,5.1627913,6.355432,6.2294674,16.599966,53.480183,0.012191409,21.81241,8.86649,18.997355,17.005808,0.90909207,0.17519492,6.4226937,24.220573,20.156591,76.407616,10.403072,22.32831,1.0915421,7.0535517,0.62957954,6.827184,14.951566
877269,0.00049661257,2.1325164e-08,0.002546709,0.030671094,0.05213333,0.001109135,0.048272062,0.0045502125,0.015592257,0.0060394974,0.046888515,0.0049754055,0.026247988,0.047419567,0.01628044,0.033939846,0.00040135937,0.02908313,0.01758074,0.024721626,0.0580581,0.05834466,0.085662834,0.04480067,0.005413402,0.01030069,0.003818209,2.3917588e-05,0.017994918,0.0011516213,0.06121308,0.0125672,0.00084335153,0.024558406,0.13723403,0.0127916355,0.0060752546,0.013177036,0.027100446,0.028959202,0.015781764,0.0134962555,0.043518603,0.0074324026,0.060793202,0.007354757,0.008661054,7.9048195e-06,0.027539916,0.012142566,3.4851106e-05,0.03996853,0.038306966,0.022319077,0.011364447,0.045829266,0.009617964,0.027130902,0.010773292,0.008143532,0.00018617445,0.027199207,0.0041000764,0.0005189203,0.106295705,0.0063743405,0.004614418,0.018811371,0.07367126,0.010579604,0.016950535,0.031403944,0.004414521,0.001901708,0.05348789,5.9267455e-05,0.006305875,0.0015042146,0.020640211,0.023590839,0.0021554176,0.028996844,0.11140843,0.043857932,0.025726775,0.011865808,0.003919527,0.3891134,0.022324892,0.012473774,0.028076187,0.07394029,0.035389654,0.0067299623,0.04394167,0.14516339,0.19016346,0.0019736663,0.057863377,0.00088492356,0.0055992696,0.00022041336,0.03138973,0.07274545,0.05317952,0.07071417,2.0766915e-05,0.06917418,0.05790416,0.3912895,0.00022034258,0.13097301,0.035621475,0.117716596,0.016788248,0.058610477
878776,0.00043869167,0.031927735,0.062820606,0.027173331,0.046668448,0.010731866,0.012968649,0.0031705373,0.08325318,0.06996311,0.003835541,0.05733749,0.0074515897,0.010391759,0.002031499,0.02314139,0.08523549,0.14474745,0.1508086,0.046267807,0.058157846,0.0722266,0.057743695,0.039129768,0.00981764,0.06543255,0.21120504,0.06022383,0.037965372,0.01588661,0.0058369255,1.1998669e-08,0.019837953,0.005913432,0.0026244104,0.0544935,0.05180496,0.025762025,0.12813808,0.11520842,0.028787337,0.015833307,0.01854188,0.0032186753,0.07431173,0.00024106768,0.027540788,0.060424857,0.061281804,0.16637895,0.012169615,0.0143132005,0.008389495,0.0042432556,0.039626673,0.0007960605,0.005232224,0.0023109282,0.20396745,0.78040737,0.0029112278,0.0047536376,0.03692417,0.019028962,0.0033493612,0.0023838687,0.003682164,0.30307877,0.012656568,0.06667093,0.73025286,0.08486373,0.00943261,0.00048157125,0.23403187,0.15842018,0.09677098,0.034974717,0.12385034,0.12380212,0.037641507,0.0033675167,0.19181718,0.046810582,0.0101153,0.04262361,0.3557877,0.00017832145,0.00076496584,0.17300965,0.0002696039,0.0076970584,0.16211714,0.009745218,0.06037956,0.18121476,0.013403216,0.035220318,0.011740752,0.018971704,0.0023078397,0.024117675,8.7681965e-06,0.0067860563,0.0021414105,0.03917829,0.8101183,0.7996475,0.2179095,0.039250873,0.0010394505,0.11054105,0.049111776,0.19544895,0.00088613504,0.483871
878877,0.06109653,0.019276021,0.23388615,0.17060016,0.0057786917,0.79075545,0.01614004,0.5172508,0.3079103,0.00087689026,1.1943325,0.43621543,0.056297533,0.41017085,0.49955654,0.9768003,0.16097143,0.010081315,0.2228382,0.55216527,0.25362894,1.0517954,1.4890462,1.0864395,0.5306286,1.3601263,0.054956704,1.3283198,0.012873227,0.07633704,0.46635813,0.027990168,0.15227489,0.09868635,0.06570321,0.20996973,0.019265382,0.024414845,0.37624353,0.035529505,0.32593533,0.004479804,0.13160437,0.010263586,0.27324894,0.294871,0.010844392,0.061710246,0.45083055,0.015368997,0.0039685075,0.71991515,0.052056316,0.33006343,0.0545296,0.0020506706,0.3154639,0.3555341,0.26696363,0.0054865736,0.10648812,0.12683773,0.05202689,0.045139346,0.009091457,0.34455383,0.4466815,0.01636823,0.20451942,0.0063259597,0.06668721,0.30754519,0.0053817723,0.102369286,0.22334987,0.31710342,0.23789063,0.48774186,0.023153588,0.41202757,0.0038232638,0.021615349,0.014746933,0.5755359,0.00086333987,0.00020250345,0.28661376,0.049183436,0.010352472,0.14354344,0.034069084,0.68582773,0.0026250945,0.03399176,0.08622626,0.731465,0.21972458,1.8293625,0.44894612,0.70193684,0.25809574,0.023737824,0.69125515,0.02072613,0.003919262,0.003669115,0.1163498,0.83779013,1.5071098,1.7479951,2.626435,0.33728343,0.116484374,0.074318625,0.002961432,0.26905772
880157,3.1737761,0.8443755,4.3664656,8.477894,5.75464,24.940321,37.9326,32.72992,11.685225,21.70928,54.66144,60.68086,6.3182707,198.80281,66.257805,112.32164,0.29304647,0.065055594,4.7963133,108.27519,16.974125,63.466473,39.450016,66.017365,12.612059,138.6462,17.506338,109.789154,87.50968,0.108937696,104.26677,15.069044,1.0192068,41.296932,126.0991,162.9999,5.498308,65.248604,94.39288,20.255772,2.600782,0.97856283,0.22733349,8.7007065,29.215542,18.922615,7.741071,31.407629,5.354133,14.616769,45.44667,163.36287,11.800501,4.654413,4.391466,7.3086443,1.4777594,33.508667,1.2250882,58.483543,0.13879497,0.32189626,152.85344,5.0761294,56.09192,93.33492,0.8851687,0.10275702,42.317886,2.3928702,12.815345,10.82783,94.35336,147.65239,41.91824,90.2656,127.24644,119.60195,79.10907,20.292526,27.53058,0.3884471,16.42315,27.376986,17.160278,50.66993,8.21695,44.897095,5.894738,48.46344,24.529272,39.47657,21.96757,15.62379,10.646201,9.212289,51.832924,144.62122,0.895558,54.70667,32.45396,58.791626,51.56636,0.1347059,0.110448904,16.845047,18.567472,49.67467,247.76933,45.182728,29.332596,8.634133,17.962934,0.9791834,40.42962,34.191593
882161,0.002276357,0.033807922,0.34997582,0.18028663,0.090224974,0.035786994,0.16475748,0.033852793,0.0006679066,0.11926088,0.24843168,0.14982687,0.0012381605,0.0075294,0.14773752,0.0014006527,0.050935846,0.017326167,0.17035563,0.0014456694,0.025460133,0.2064006,0.4729547,0.03001243,0.06529042,0.016972665,0.06308489,0.13328157,0.015390953,0.0022216944,0.016061518,0.049647883,0.23252986,0.0057862587,0.0047338954,0.11567137,0.007336984,0.10447449,0.45752108,0.16466664,0.002709617,0.0014590984,0.07136875,0.15780666,0.5059689,0.038183767,0.038214162,0.015520472,0.020782003,0.0010530512,0.14877895,0.12001633,0.016174186,0.056591377,0.04459155,0.0067132507,0.36998275,0.107168496,0.5013566,1.2875562,0.012109856,0.008158845,0.45616615,0.018366497,0.0011023063,0.045748156,0.1565285,0.14853004,0.013866499,0.0868414,0.007456113,0.07080835,0.0033393134,0.032238543,0.10836139,0.17197679,0.032699186,0.025846193,0.00015691537,0.0003115176,0.09512907,0.00023031383,0.0544019,0.31745386,0.00757956,0.09174817,0.2295053,0.30276155,0.22206111,0.0002968387,0.00077676063,0.2410419,0.0008917907,0.605453,0.009625477,0.08206414,0.34797695,0.29502806,0.0829926,0.15138587,0.010223049,0.023987109,0.07166036,0.009492434,0.000103559985,0.055784594,0.057918604,0.6091569,0.8925629,0.072951384,0.0864846,0.22398435,0.6675434,0.0037828693,0.33758688,0.23090212
884064,3.5507212,5.0293317,1.7333996,0.41643006,4.938804,2.1161537,1.5176421,2.9573267,0.22917518,4.7867417,1.0436076,0.12752254,0.205733,1.6663538,0.33714318,0.5309168,0.27879855,1.9359564,0.5866368,1.1896911,5.2614064,2.5901258,6.6570687,0.2658563,0.039615188,0.34930152,2.1804473,4.658449,1.8324909,1.8262508,0.0021661734,0.17790887,4.8634114,0.35026863,0.21433197,0.56741565,3.311394,1.26091,0.69143397,0.048979286,0.9382058,0.028266663,8.713687,0.0020755292,4.5155215,0.04220353,5.489154,0.0004297584,1.4584224,0.041601177,13.487984,3.4628642,0.45905668,0.54854894,0.48589206,0.06522426,7.983868,0.79253674,0.40967986,6.9823284,3.7810059,1.1417933,12.01214,2.281012,1.4475878,0.84426004,0.0024152528,0.2174888,2.2672462,0.017137906,0.5846705,0.2295988,0.2847295,0.9849793,0.8181375,4.1397495,0.015398155,0.4452035,2.1897972,2.8744793,0.020353701,1.5794028,6.381212,3.2178502,2.3788204,0.0036709313,0.3075074,2.7022612,1.7965555,0.28408423,0.81329757,0.88420206,0.07878157,5.775974,1.4183671,1.3015555,6.4505596,1.9067377,5.0002613,1.6947261,0.12510094,0.8346409,0.16403058,0.6513802,0.4675257,0.9023828,3.529967,0.18409485,2.9373603,0.09411268,1.3476105,4.3237557,3.2194922,1.895198,5.650841,0.3644525
885975,67.831276,74.22772,56.684597,13.288062,104.405525,49.069874,32.86239,70.58125,8.716825,174.04643,2.3611684,13.130235,13.014786,67.98419,0.31249034,41.800575,0.76153535,60.97954,0.0035638495,16.17236,76.0944,15.908095,34.41005,19.074554,1.4730337,9.6983,46.90583,102.29339,3.1076899,17.86354,2.4438276,0.0034774088,49.67601,3.301233,0.01638634,4.3060775,8.980027,2.3616343,49.067368,9.108311,12.894354,0.05186371,149.2838,5.6684856,20.551289,11.807116,41.352203,1.5626556,2.3506343,6.261465,188.79607,61.742367,4.7424583,3.327808,5.150287,2.493585,60.21445,5.193704,88.87322,174.7998,52.290848,21.486645,90.47814,102.976,9.979345,47.445404,2.0058792,13.031774,1.0191375,49.42839,0.112466685,2.4824047,8.479045,16.243988,26.713943,34.27205,38.409466,31.81027,14.483857,56.318413,1.9615507,29.555647,46.532795,31.910997,55.68945,2.536662,20.597168,83.647026,34.489094,0.67545617,93.982994,8.514211,13.523679,57.12963,69.51714,105.61935,3.0110512,0.38903368,33.54536,8.299058,4.9817257,3.6811013,1.050863,47.427906,36.742386,8.304734,8.678787,0.18766792,54.250984,31.141226,0.008801047,5.415378,61.19869,44.338192,263.74188,7.869367
886674,167.95755,175.89833,159.26125,30.195349,217.44368,92.36351,104.2465,156.90266,25.78117,368.4059,4.050309,17.752474,46.35212,153.46751,0.03825294,112.97247,0.4816466,100.89614,0.089936756,28.227642,147.98016,23.079853,61.21137,35.89394,4.04676,19.390287,132.05836,217.52095,4.8747396,27.098597,3.2258627,0.59106815,86.9989,2.573647,1.0404269e-05,22.57903,22.886784,3.8546832,66.293205,17.286243,38.567715,0.47429386,316.4198,5.337386,52.704273,29.177425,83.036095,2.3355625,3.7480166,18.790401,395.61746,147.16367,2.1544673,11.064032,17.283009,8.089168,120.578316,9.044653,153.59975,354.18637,95.47546,43.652225,143.41055,197.93446,14.576786,117.872345,7.192635,33.21067,0.06886322,104.40387,1.48575,9.303641,22.300014,38.064034,78.11094,102.44737,75.80399,67.28027,25.2417,86.19583,6.200625,54.715824,78.177055,52.33904,126.98239,10.789031,35.79966,213.58484,47.113865,6.215073,174.64218,12.582686,17.876747,139.16644,177.12169,235.58012,4.5342703,0.48697266,84.15158,24.829859,7.6805058,13.752084,8.027011,56.748386,83.20644,20.089258,9.580187,0.015880728,90.07834,97.28174,0.15555827,14.283373,151.95511,60.894676,579.962,21.319653
887373,0.0026328065,0.0051772576,0.00442852,6.474773e-05,0.00051678537,0.0022058403,0.060079135,0.023592459,1.460578e-06,0.11739673,0.00026804028,0.07068504,0.0071513522,0.018867575,1.0016439e-06,0.017921386,0.0041636303,0.000587871,0.012375551,0.016527556,0.011547174,0.0005531014,0.12641929,0.0017066402,0.024817187,0.0006547445,0.028000874,0.040943023,0.0025213703,0.004255219,0.002548168,0.008208891,0.014057835,0.00020823957,0.16924037,0.047251157,0.037562218,0.07655119,0.03365978,7.7785255e-05,0.015327577,0.11506151,0.28218558,0.0002110582,0.06587157,0.17274234,0.0359652,0.0069801877,0.00014914043,0.0018358763,0.05724256,0.032973517,0.0012088978,0.045492817,0.006453203,0.04694193,0.014133582,0.02054805,0.50577325,0.26758042,0.010573444,0.061556183,0.03524549,0.0016770234,0.10440499,0.0210116,0.029011512,5.054393e-06,0.059552297,0.012721608,0.0038738442,0.0037096515,0.0017322127,0.0005289103,0.055758692,0.11811485,0.0072690775,0.00047442174,0.0027574552,0.068284154,0.011424646,0.02197174,0.059716865,0.08696439,0.022027347,0.08289895,0.0012272351,0.0037934135,0.005980974,0.010422642,0.00074249954,0.033119883,0.024171328,0.0007329092,0.7526646,0.21085165,0.04274045,0.094742544,0.049994234,0.009606185,0.10774716,0.000516037,0.0057464796,0.007736648,0.045297734,0.13310535,1.2378124,0.23238456,1.9968368,0.8846647,0.3701538,0.026073089,0.06535193,0.03910901,0.0038413636,0.32056612
888678,0.012155272,5.6504094e-05,0.28310797,1.4721513,0.0004600123,1.70742,0.11964289,1.1732695,0.8018881,0.0743093,4.5423646,3.3381195,0.5502654,1.5729662,1.3291872,2.5289307,0.08954659,0.0014526892,1.7243383,3.902398,0.009677211,1.8541962,3.0730555,0.49375582,1.026863,5.654919,0.004402079,2.6818721,0.7785267,0.010754144,1.508674,0.43308094,0.62978756,0.8856625,2.418712,1.5962846,1.1535157,1.0763588,1.8090273,0.073083505,0.5102032,0.002000219,3.0484884,1.2206794,0.23426566,0.23780459,0.48567927,1.2164816,0.15377638,0.07073679,3.2298584,2.075727,0.61993074,0.10744978,0.0011976976,0.07957489,0.26291203,1.5463978,0.01761238,1.778725,0.11163431,0.13713366,4.179856,0.02137329,0.47205144,1.2241262,0.010272295,0.30898952,0.030723294,0.16925268,0.691205,1.192646,1.5320512,2.540901,0.0301534,1.2531381,4.6060615,4.7856236,1.985489,0.043046918,0.22883077,0.14481193,0.17405653,0.0031746062,0.22700971,0.0053932345,0.00010669703,3.3161907,0.1173607,0.7974918,0.24603042,0.038665902,0.9170281,0.7948683,0.0007181972,0.9716758,1.2442019,2.438643,0.18122075,0.66187793,1.0205863,2.6072283,1.106529,0.18730158,0.20621538,0.64349765,0.20784634,1.605626,14.965789,2.3876987,2.4653077,0.5586446,0.19238068,0.03182151,1.114563,4.120353
889579,0.32471663,0.35486192,1.2022676,5.2280865,13.23119,2.6438262,0.5446233,0.07661311,0.121776186,0.15097809,0.0030970946,1.6552733,0.8166013,0.021672646,0.6493927,0.027065504,0.00890608,0.13840358,0.14514813,1.0906291,3.2929401,0.0028147115,0.036994636,0.025428768,0.97870624,0.034466583,0.9580003,2.5691578,0.026862785,5.249609e-06,2.9393046,1.3366866,0.6772863,1.159193,0.4858151,0.7321493,0.038724467,0.29159313,0.0041237734,0.50557333,0.90552354,2.1389961,3.986048,2.8823664,0.07054182,3.6709614,1.7491359,3.6647606,1.3439273,0.008053638,7.8935647,1.152216,0.32990298,0.51710916,2.5555754,0.2616075,1.8839113,0.3443557,2.385063,6.5610776,0.46033645,3.910078,0.23413806,0.22765024,1.7844191,0.82298803,0.43793464,1.2441738,0.0051952708,2.1071491,0.017512191,1.9100558,0.6577028,0.83599883,2.5736616,3.4808187,1.0247021,2.1950705,0.35142395,1.8235885,0.1574657,3.2838743e-05,0.15291575,0.34817213,1.0219036,2.3495357,0.33311918,0.030892594,2.2914112,0.169423,0.07931308,1.0905485,0.14307433,1.0095724,3.3901007,12.085754,2.2611654,0.6218203,1.2486976,1.675783,0.13238773,0.33856696,1.3344144,0.8433001,0.28567243,1.1952915,0.0882227,0.17309965,0.7787512,1.1912935,0.22296223,3.409488,2.774656,0.04349272,6.2103353,1.0096402
891667,6.531146,10.202241,5.8173537,3.1682472,14.087864,10.050347,2.074622,9.527518,1.053966,24.043737,0.45805737,0.43973836,0.07324518,6.9461665,0.18913284,3.104887,0.464798,7.9063773,0.18704492,5.3299685,10.832432,6.092015,8.876195,5.374211,0.014794904,1.9644294,6.974759,16.842405,1.6445397,3.2910326,0.47751072,0.032657787,9.765527,1.7103672,1.4725574,1.8294616,1.5741189,1.5881828,8.27786,0.8393329,0.26328337,0.0071421717,27.941895,0.41197938,2.3765364,0.52206117,7.080025,0.06904444,0.16768473,0.7412483,32.880135,7.335809,2.2868497,0.0811967,0.6566268,0.014951936,11.461796,0.6988286,16.961012,34.405132,6.484077,2.7967284,26.33207,13.16109,4.108261,3.096034,0.90356493,0.61355084,4.4544544,3.9616725,0.15987736,0.0093491925,0.059684176,0.47867993,1.2003465,3.5691621,2.858857,2.4951243,4.523522,9.288342,1.2671788,4.09211,5.1492743,4.49418,11.29287,0.009976188,4.713539,8.331967,4.619155,0.0105592655,19.937176,5.099508,4.734165,1.1543547,10.601955,13.112247,1.4731411,0.006705266,1.8850387,0.01887253,3.6041207,1.3709584,0.4320041,15.283181,8.213101,1.6963013,5.5403185,2.3410356,8.430575,1.0903018,0.009121512,1.2542024,1.6722164,9.47777,49.90131,0.06643778
894067,55.903843,8.005199,0.0527979,61.83999,14.708751,189.89163,497.36737,303.03265,54.283905,177.52423,338.84714,541.5664,2.842596,1797.8442,417.22305,790.2369,1.1517738,1.7608157,17.753756,759.1784,103.27459,378.85825,234.32753,542.2833,61.23556,1064.5519,109.152954,872.074,755.133,3.4580667,905.64264,123.79926,20.390917,299.5635,1061.5436,1312.3926,167.12045,457.67194,592.0894,186.52864,5.760195,3.5738647,11.1629505,26.445276,378.71866,185.10123,23.218159,193.22603,3.889551,114.343346,314.2408,1422.6753,139.99272,71.647446,91.653244,64.67436,23.630453,282.6,1.0724149,431.74002,14.275023,3.283218,1129.1937,32.771706,477.21582,936.32825,28.154343,20.922186,408.27878,54.674206,57.914803,43.108166,739.3896,1175.0647,309.34625,605.69055,916.68994,912.3667,671.59894,370.69534,234.1195,1.5533994,164.6646,259.1793,144.54057,560.39966,62.017006,306.3246,109.03255,457.21652,164.21454,495.1558,241.28905,16.849138,51.34654,37.10891,451.70697,1378.1495,5.698245,434.23407,168.00432,308.39685,406.95547,13.189328,4.983519,187.5318,61.924507,374.2301,2168.4756,224.53847,151.15038,70.00614,167.76158,0.9935348,402.92212,524.5487
894673,0.021396702,0.0016779937,0.18090047,0.19512013,0.027587693,1.1883036,0.09422405,0.30694205,1.5170187,0.15666547,2.500483,0.6217822,0.24971014,3.867385,2.2637215,1.5325782,0.17024957,0.10203704,0.6012516,1.745537,0.022864666,1.3523791,1.633255,0.30911505,0.93756205,4.216352,0.047198776,2.2060504,0.49350715,0.009840962,0.7867309,0.021293823,0.016171018,0.22148979,1.2819167,0.07759809,0.2994171,0.51425743,3.0414934,0.1270349,0.40486035,0.0031637982,0.8656819,0.5400491,1.1453953,0.01451599,0.053885482,0.925339,0.026701486,0.3252573,0.9508187,2.921735,0.1150644,0.06841006,0.019774344,0.37253797,0.38207862,0.35133895,0.038920663,0.98213947,0.15501034,0.00084174424,1.0452831,0.22462812,0.13349105,2.6286345,0.10722458,0.07236704,0.087848976,0.26554814,8.7887944e-05,0.55905783,0.20340082,0.92818457,0.05178021,1.1017152,1.2929394,1.9745941,0.64714324,0.47369766,0.081723504,0.47880968,0.2831359,0.38169038,0.2020745,0.043674476,1.292293,0.36328816,0.0709531,0.58946896,0.072039016,0.3888638,0.3916769,0.1605696,0.844379,0.35077953,0.06520648,0.8879735,0.11033209,0.9589725,0.598341,0.45953608,1.2151539,0.021130117,0.09632545,0.21688084,1.2589674,1.8229072,2.9608734,0.71626383,1.0228231,0.32295108,0.13303918,0.8562313,0.094745055,0.51151437
894774,1.1215255,1.2641449,0.3671934,0.0109680565,3.5107522,2.3552525,0.46729374,0.7697933,0.00013678761,1.2179688,0.30854386,0.18183714,0.0990106,0.71370155,0.48978946,0.005503403,0.0027808577,0.71159303,0.05628263,0.29516184,2.3553832,2.6518123,1.8770533,0.10456192,0.06982698,0.6271239,1.5300632,3.5690503,0.2750398,0.29087725,0.33489135,0.15387876,1.5700951,0.0126607595,0.016709873,0.22409238,1.1991904,0.801019,0.06197398,0.008455672,0.17689438,0.085478246,4.435301,0.16527344,0.5933236,0.31316483,1.7779849,0.3167739,0.22599097,0.002769121,8.371559,1.1100972,0.11369035,0.0018187517,0.386662,0.029535914,3.6439385,0.0391408,1.3298277,9.048152,0.3553106,0.0014864303,3.4991777,0.73034453,2.435304,0.0034853497,0.24714194,0.24346095,1.1373276,0.17138855,0.14970264,0.30062455,0.12746781,0.20631889,0.00071060203,0.26310492,0.013093491,0.028747229,0.021627251,2.703888,0.03780264,0.11087852,0.29658216,0.76997024,1.0080082,0.7931433,0.12093326,0.885126,0.88892394,0.0825461,1.1436132,0.011232375,0.07676185,0.9829879,0.25511676,1.3203998,2.106951,0.39196375,1.2590607,0.20023645,0.031552397,0.0014308154,0.53399736,0.9563977,0.506781,0.087921955,1.2108116,0.45578483,0.36038336,0.011795557,0.7599889,3.3326979,0.5878549,0.8130593,4.5796413,0.0014036328
896778,5.5451965,0.00067696546,1.4534286,7.785889,2.8004532,28.552912,60.52295,33.01042,9.988236,31.173378,46.112602,65.93257,3.4160626,261.45175,69.81239,123.75684,3.1123679,1.4744004,3.504333,106.46468,15.25128,61.25726,43.652126,68.9813,10.412309,163.15778,17.392874,129.50058,86.4684,0.59631324,108.62017,8.906346,4.0532384,39.07705,130.59647,159.66702,12.432792,71.505745,94.350395,15.096834,4.459421,1.2583437,0.48036617,6.6094003,54.215088,19.68634,3.7487218,32.306004,2.1876984,10.527276,42.404915,239.07414,18.725847,1.9734036,14.841617,4.8648305,6.854396,27.805452,0.3482479,58.88472,3.3401902,3.5771697,151.44754,11.706944,45.234528,149.70934,4.7389574,2.1433113,41.978134,0.93091255,10.265681,5.5290794,84.71515,149.06284,26.620707,82.18236,134.09558,135.00021,81.13646,16.712952,21.833252,2.5949836,15.623771,26.468218,17.21444,78.84986,0.50102866,85.16071,13.541577,55.48748,27.761633,50.316856,26.494154,13.566109,12.306108,10.667141,56.853455,175.48589,1.2201334,62.78007,37.135487,53.975693,62.348267,0.022000657,0.9736497,13.856663,16.85687,57.84948,295.80643,57.966923,48.370758,5.484516,17.343542,2.980672,45.03864,49.162983
896879,0.35960633,0.09927134,3.5414195,1.5617425,2.0563235,3.433053,2.4919837,2.8102741,3.3602943,3.7959504,7.8647084,7.1369452,2.837336,29.51781,13.720829,15.442946,0.49585956,0.0033704408,1.810403,23.269085,2.6021936,13.251314,9.281138,6.554672,3.859751,24.40508,2.328785,18.145521,10.557289,0.00028104617,14.550636,0.9676697,0.07546043,5.575672,14.701954,17.997303,0.28508067,8.308109,20.823421,1.7798636,2.4539235,0.20662391,1.8079388,3.3671362,4.136628,2.745407,1.3421978,5.9862013,3.0423508,0.1433495,8.9368515,25.4,0.27087882,0.051555686,0.008728499,0.8139405,0.91643983,3.6177747,0.24783675,4.924388,0.087759495,0.10249029,21.309315,1.9215083,5.750102,15.510067,0.0105622485,0.0304714,2.8989336,0.24644695,4.1688685,4.419282,16.373034,23.669601,5.0504146,17.170607,18.415512,18.552238,11.210808,0.12198877,2.2798722,2.0761123,3.0983653,1.9631525,1.021467,5.880835,0.46175092,18.0015,0.043160506,4.542583,2.8499806,6.1363215,3.268895,5.871016,3.460146,6.992461,5.1435876,14.921323,0.107785664,12.2599535,6.3773365,10.788955,8.87532,0.006663682,0.024420498,1.8693725,4.5848737,15.205657,50.402695,12.353276,9.8402195,0.022618953,0.5965419,0.79535705,3.6658661,9.453173
898176,1.1577823,1.8480923,2.6503391,0.9654076,0.7229801,0.3799377,0.90929097,1.2630686,0.10495482,1.5693817,0.73811924,0.0014310183,0.0037267047,0.89726824,0.11575158,0.020571018,0.004004006,1.3019316,0.8273725,1.3692868,0.5433068,1.5122145,4.6018934,0.1392427,0.0054039992,0.06772249,1.8100109,1.4558653,0.8649015,0.45057783,0.021470841,0.42136425,2.9693396,0.19810866,0.48582,0.8489154,3.2248912,0.7266637,0.48383462,0.1561381,1.651699,0.40318367,3.041191,0.0713751,1.0029037,0.14808495,1.8030937,0.033362303,0.03162222,3.7606624e-05,3.8170323,0.46962905,0.27441305,0.17963806,0.29602242,0.008371249,4.268617,0.59720033,0.026490338,0.12625931,0.6452483,0.374207,2.6398747,0.944604,0.007646113,0.07669579,0.035617642,0.0060569732,1.6081666,0.0023837085,0.20859179,0.290098,0.027543033,0.3894234,0.28479502,0.5369613,0.11251834,0.008374745,0.34590587,0.5145516,0.012247565,0.13482569,1.5861382,0.42867118,0.8629686,0.008434437,0.34073493,0.57704276,0.54597664,0.0029627993,0.023883054,1.8014494,0.18684077,5.3806753,0.0020492403,0.5366281,3.7156253,2.000255,1.2577847,0.4560787,1.4368879,0.8867423,0.25489208,0.005018103,0.4982832,0.070946306,2.5106623,0.15604432,6.4760947,0.6395543,1.3901198,4.115004,2.729151,0.31829047,2.7314203,1.2353302
899885,0.000672617,0.085898735,0.03922624,0.43844235,0.12982133,0.035817225,0.0036489163,0.114978,0.18718252,0.0008191217,0.3668902,0.042703472,5.369134e-05,0.0027421394,0.043230012,0.004568315,0.011854531,0.19093694,0.09947096,0.09584494,0.28546295,0.39081472,0.27692613,0.0006176475,0.15918729,0.06516518,0.26434043,0.22133435,0.16124019,0.100597166,0.0016493622,0.011373688,0.6493991,0.24215399,0.07176996,0.008203276,0.41814414,0.59046525,0.0016871819,0.28310907,0.4323551,0.54259443,0.5487076,0.068226784,0.24963532,0.21710783,0.24170294,0.45632082,0.16625392,0.11711213,0.25917748,0.30288106,0.0582895,0.013078702,0.011408792,0.13332275,0.39682445,0.0044642705,0.013896752,0.110301435,0.50812376,0.17270891,0.1501019,0.12494778,0.012084512,0.032142863,0.06991691,0.099767394,0.0016961237,0.05134892,0.49638504,0.068567574,0.0066821426,0.0008751032,0.35968125,0.22404362,0.011810407,0.0007050526,0.024203777,0.33119944,0.026419016,0.11979724,0.6312859,0.099111006,0.17588139,0.0035530548,0.71741265,0.5699025,0.06714876,0.06627031,0.01877594,0.02175511,0.22712474,0.15406466,0.014114399,0.02476027,0.01591839,0.058947932,0.1771475,0.002385647,0.103676915,0.0830362,7.2481635e-05,0.042787857,0.038576595,0.014189172,0.2640958,0.3708398,0.032076642,0.0010472556,0.91778344,1.2593869,0.51295924,0.080312945,0.20903091,0.2751778
901038,0.023990737,2.0064965e-05,0.02662377,0.0056694583,0.00048249515,0.002722153,0.0695302,0.02615529,0.0092979865,0.072223656,0.0024175807,6.713971e-06,0.021002201,0.049416702,0.09018134,0.027324824,0.0136389565,0.00055316766,0.050692257,0.0036261869,0.055440858,0.041825075,0.24023896,0.0110691395,1.3400788e-05,0.024278613,0.023527237,0.004357997,0.023013031,0.082700856,0.0075218244,0.0060909586,0.008271124,0.0038402176,0.057206303,0.0913536,0.19513394,0.2778095,0.057984423,0.17491384,0.18121228,0.0030564333,5.855572e-05,0.01318499,0.036416166,0.022976633,5.471467e-05,0.04980294,0.16332439,6.6111905e-05,0.0007242992,0.00070463563,0.00724197,0.059911985,0.000774262,0.21900254,2.8509341e-05,0.0011984775,0.14092611,0.028603777,0.0029036684,0.0025851047,0.07016121,0.040107366,0.020176813,0.034580205,0.0053554266,0.031073242,0.015419522,0.005420037,0.064760804,0.015637668,0.011211207,0.002062487,0.47737348,0.21396801,0.07874531,0.2608685,0.042773224,0.1375872,0.01776294,0.009827816,0.12610485,0.09499172,0.0033846884,0.01765127,0.034001708,0.0047950735,0.18560237,0.0034408383,0.023004502,0.019419247,0.14807262,0.021481384,0.019425886,0.16820648,0.002699785,0.033549666,0.019222716,0.009888153,0.12964968,0.017445918,0.005969399,0.017034682,0.006810265,0.006600627,0.061582632,0.23760614,0.16602,0.17475945,0.02443355,0.0006898981,0.08868509,0.031063216,0.25516197,0.19928804
901139,0.4483958,0.47436956,1.0576086,1.2570578,0.47316018,0.15471654,0.6463659,0.57032144,0.082851544,0.7415894,0.7125552,0.09457823,0.20469782,0.42593086,0.04312464,0.087707914,9.082787e-05,0.9556535,0.5480687,0.7185009,0.29358724,0.9103228,0.79009086,0.0063828425,0.018158657,0.05787619,0.40230554,0.46446493,0.44133055,0.1105623,0.034006227,0.14703996,2.1017287,0.14172086,0.50935435,0.57845676,1.7108433,1.5958891,0.0020827313,0.12661254,0.6470148,0.38212886,1.0912502,0.099983245,0.8136454,0.007493451,0.45116857,0.024022534,0.019501686,0.024424598,0.9641483,0.65123206,0.16361547,0.03532533,0.0011965634,8.481624e-05,1.929242,0.5123651,0.39154345,0.5404508,0.5120097,0.026028605,0.6657072,0.5977877,0.0016076259,0.27477774,0.019051539,0.00036360463,0.78977054,0.0013423315,0.19186532,0.05173671,0.00028111113,0.024235206,0.42000002,0.030728566,0.07750835,0.0116573535,0.09610828,0.022033824,0.0009738747,0.49090528,1.7460817,0.33020487,0.31757575,0.06641456,0.20233667,1.0085888,0.051992774,0.0018391493,0.1332388,0.00080609816,0.27805868,1.3654509,0.4241004,0.13441984,0.854079,0.09860527,0.6830505,0.004516181,1.2232,0.62817836,0.44142893,0.0042544333,1.1046984,0.0015957988,0.39243197,0.05835319,0.027265659,0.25166076,0.27530363,0.13923551,1.1397597,0.24642278,0.90557504,0.03473548
901442,40.735695,42.044052,23.086323,2.1844535,78.94506,30.173615,12.466693,33.462284,7.2832966,102.23871,1.2622728,4.4017463,6.2057505,37.948395,0.20973562,21.39059,1.1323819,33.81864,0.062156048,15.840898,37.4889,16.83812,22.320677,13.698476,0.3879278,8.206856,32.291283,73.34252,3.1672804,12.129034,1.2303873,0.1003639,27.855188,2.7314293,7.813502e-06,8.928118,8.735914,4.984213,28.644283,4.9847507,9.569123,1.6961454e-08,87.95039,5.2013583,11.623639,7.247414,26.601658,2.7959664,2.1081188,3.2303064,130.69707,39.97984,5.0252304,2.9084,5.535268,2.8197308,35.32934,1.0599017,63.48046,148.55869,27.966091,8.752977,65.30557,56.73572,11.9461,26.460943,2.150752,5.6772237,2.8787484,24.637411,0.1946888,1.4527204,2.6257625,5.9436984,8.379497,15.260939,15.943811,12.349985,12.203521,48.403164,2.4215775,14.960867,22.962622,17.654396,36.80439,0.3449177,13.604237,43.950504,25.210037,0.057233978,72.33806,12.020696,11.6655245,27.220781,31.614088,47.439278,5.710756,1.02316,19.09552,4.8992486,5.3308964,1.3204529,1.6682278,30.523006,23.63317,4.7867584,4.3280206,0.047542036,18.251923,5.7867594,0.07544309,3.369932,32.401226,23.371387,166.90489,1.2357495
902242,0.018794412,0.0009178493,0.10302419,0.042691004,0.0027459841,0.21407,0.19455709,0.2160335,0.34468022,0.000749827,0.61899203,0.21746188,0.09230222,0.04982252,0.58320236,0.39411643,1.8365634e-05,0.034993228,0.014077304,0.25521076,0.021845834,0.14411366,0.021496525,0.0071874727,0.1557232,0.352029,0.035521854,0.29656684,0.053236607,0.013010836,0.05664101,6.93063e-05,0.00039743798,0.00014321344,0.013225276,0.075603515,0.04249802,0.06974381,0.2503045,0.045872558,0.36713293,0.006654156,0.003976479,0.002732788,0.50242436,0.014409701,0.026446896,0.19190402,0.0005108325,0.24451356,0.06107184,0.0005146467,0.103143066,0.03296565,0.0013044605,0.0005006881,0.24864209,0.12992701,0.26011652,0.09356918,0.003138737,0.3222854,0.070552304,0.009191735,0.056874175,0.033488095,0.12112913,0.0010262484,0.19317435,0.041874174,0.115987256,0.038342755,5.3965094e-05,0.010863306,0.35284737,0.15381663,0.00831883,0.07261869,0.066945806,0.0015141019,0.005190529,0.076469876,0.044603173,0.042151872,0.056547422,0.0939788,0.28552008,0.03857341,0.0043415176,0.022370486,0.0241158,4.6594865e-05,0.18468821,0.034377452,0.007991261,0.4631396,0.011135869,0.17173041,0.091949366,0.013287191,0.07788483,0.021926837,0.0035824694,0.3085896,0.79704136,0.83242387,1.2704082,0.2779434,1.6915698,0.47623417,0.54968184,0.29553294,0.06527796,0.110852405,0.6056398,0.31707877
904044,0.8395586,2.0537784,1.4718451,0.6019308,3.1154644,0.8210512,1.2611969,0.64898807,0.17566961,2.4603088,1.1803956,0.028802812,0.114528805,0.3551049,0.37565637,0.06324987,0.06463483,0.81965965,0.33323884,0.3224815,1.0748621,3.2125716,4.089246,0.0807165,0.16781129,0.3399722,2.7684941,1.8528988,1.4261373,0.63785326,0.053138837,0.2827295,2.893128,0.08948194,0.62986845,1.7659013,3.2802563,0.67911273,0.1499802,0.017627774,1.3416877,0.4754582,3.6129498,0.15946487,2.0343707,0.15831059,2.7483506,0.028284358,0.047874514,0.0034010469,7.3021293,1.2650846,0.009143514,0.08647797,0.2123692,0.012391465,5.1142964,0.6608504,0.24744813,4.8905272,1.6717861,0.3203989,6.695148,0.5596345,1.3350465,0.03311954,0.56988496,0.023347838,1.7566522,0.030652735,0.8485701,0.0025905746,0.012951015,0.19233775,0.001477328,1.1523409,0.19094633,0.0039275466,1.1886157,0.3370517,0.10555424,0.05805813,1.4162568,0.3132856,1.8277231,0.45393863,0.04594792,0.7511696,0.3187714,0.011905543,0.15750842,0.3867704,0.20613217,1.8522793,0.07913637,0.008239995,4.5392847,1.4638289,2.9309812,0.5366702,0.30446312,0.08441125,0.08586533,0.41471756,0.73230535,0.21847285,0.586957,1.3004419,0.020212516,0.000436148,1.1379249,4.6727924,5.5271597,0.5166451,3.8598025,0.21760853
905147,17.856289,1.5186703,0.16898939,15.785963,9.349259,66.83672,171.30664,91.71019,26.831158,68.6647,121.672104,183.67072,2.9019783,676.0663,165.0429,288.23315,0.8934379,0.64732283,9.450192,277.4658,45.498486,145.56729,99.29062,185.67314,32.101006,412.33472,43.4846,310.10144,253.99107,0.37515277,312.3249,39.35561,4.4206195,121.73227,360.47348,425.40942,43.086956,181.99525,253.41823,60.440678,5.452528,0.7856836,0.026781393,15.671375,119.23503,69.823296,9.478175,72.72,5.5834475,33.94209,116.886856,516.24475,41.71569,21.492352,25.609478,26.25624,8.552572,92.12148,0.124557555,158.61977,4.2552333,1.7094244,445.04712,15.3425665,151.94142,334.2714,7.570476,4.26578,149.71895,12.726438,26.149166,20.546787,252.07047,406.48242,101.83426,226.66078,357.18173,350.15015,236.1348,108.15668,82.15155,0.00030472633,64.57162,85.62523,55.304874,180.71996,31.644691,114.673134,29.166779,157.82167,67.98084,154.3584,76.68167,16.709576,27.897736,24.324099,146.8143,460.3581,2.8171184,160.83131,69.40368,113.56969,143.89966,2.4026887,3.014453,47.888428,17.906527,161.57892,741.61633,120.57111,71.23828,23.682579,39.734642,3.510264,129.08163,140.97275
907656,0.3115179,0.27809268,3.0183022,0.8941024,1.3234916,2.944284,0.93301475,1.8123912,3.6646936,1.7085894,7.663974,5.390487,2.3121326,18.243832,10.097929,12.784264,0.80749524,0.07029587,1.2778746,14.228139,0.9960522,7.7257156,7.090876,3.1769307,2.296097,19.749506,0.72875816,10.994028,6.1901445,0.012518549,8.904425,0.60482603,0.037574753,2.8860626,7.018485,7.2292957,0.25324598,3.5786304,9.952272,0.3241168,1.2332481,0.22905527,2.5854306,3.2219825,4.479061,1.1085396,0.77833426,4.384974,1.4285275,0.3970964,6.5784326,16.927334,0.02008645,0.14338008,0.03658593,0.38250965,1.4336536,1.0753309,0.00039390955,3.6164248,0.0055676964,0.01128205,11.529371,2.343908,2.7225761,12.072993,0.02517078,0.018078474,0.8968517,0.6597022,1.2118137,2.733226,6.233117,11.207634,3.605839,12.02402,12.424921,13.094883,7.6927333,0.47707322,1.0000787,2.1186798,3.0847,1.9597692,0.62122846,3.3403513,0.70515984,7.7242446,0.09605075,2.733427,2.4866598,2.1882322,2.4019558,4.086212,0.8015773,6.0425453,4.5877657,13.907103,0.029707981,8.651275,4.8202953,5.573193,6.9120984,0.027997782,0.17641388,1.7933817,10.469068,3.8563838,28.497658,15.930646,6.513298,0.028878417,0.23769578,0.99736995,1.7797016,10.683325
908860,7.031729,10.645378,3.0619543,0.021542335,19.403921,8.203989,0.65980536,7.27496,0.5374567,15.849993,0.57239866,0.045795508,0.002877679,4.085659,2.0487404,0.89898306,0.17405589,6.3955917,0.28749865,6.2320566,12.734495,5.194452,5.3917117,2.9206283,0.32975683,1.0642989,2.6532826,15.7864895,0.37312254,1.2474586,2.3588893e-05,0.008190401,7.532069,1.2621341,0.80735177,1.7467563,4.2467346,1.2912253,9.0955715,0.8623107,0.2880625,0.7560895,23.989052,0.8039862,3.204671,2.5110357,7.315571,0.4015707,1.613863,0.66369843,38.817005,10.5875,2.7819328,1.7368499,1.5604247,0.13666126,11.173332,0.12495707,12.753363,40.62059,7.9588513,1.1448998,15.931428,13.225203,5.996249,4.0575047,0.25122768,0.43761817,4.0806494,2.5239644,0.0036999567,0.54529977,2.3894663,2.8164017,5.147825,6.0578833,2.9239204,2.991368,4.603519,16.53984,0.15006576,2.2047875,0.84625834,2.104851,6.88878,0.5801212,17.777853,4.1320457,9.938579,0.30307648,10.527219,0.15460777,0.8564894,10.399213,3.2918146,9.668603,5.0038233,0.36970216,5.7061043,0.96004575,0.22363004,0.618205,1.3848819,8.686734,2.539683,0.02807534,0.04681436,1.8013861,5.2452083,0.06874715,0.06451567,0.9181737,4.69909,6.1162515,29.761446,0.56746775
910241,0.82524765,0.11293409,4.5944505,3.8792968,2.3877428,9.646439,11.802789,15.150177,6.5617967,9.076355,20.307844,25.583326,6.1222177,86.009895,35.435837,61.31963,1.4517137,0.1169265,2.2457213,47.785107,4.1658587,24.42134,19.456625,24.899294,4.587216,60.769936,4.7269135,45.796364,35.797997,0.2968372,46.250664,3.9248497,0.5796017,15.996141,40.21073,55.090733,1.0600433,23.232733,35.505848,4.0000486,1.0937489,2.723782,0.5884542,6.719275,19.25639,7.1766024,3.1693268,16.258936,1.3114451,2.9612565,19.887135,80.37085,3.7691457,0.6509273,2.7387328,1.5834597,1.5840493,11.758789,0.085887134,18.511742,0.22923021,1.081774,59.41739,5.6111116,16.8394,50.217064,1.2929411,0.114967875,10.126583,0.001234349,8.701638,4.141406,34.76894,56.03702,9.958612,24.775785,53.484367,50.141064,32.43211,2.4541276,9.780223,1.6264014,9.101994,11.395402,4.6872435,23.66361,4.7618155,21.674946,3.509241,19.391123,11.888968,17.452513,9.544701,8.526538,3.3926184,7.9008102,22.645924,64.34335,0.35446984,27.519073,17.23204,21.179893,22.936636,0.08913739,0.058332674,6.190476,17.165972,20.289114,107.26129,32.872673,21.238642,0.7849777,5.9472423,0.7092077,15.1547,21.68355
910443,0.6181076,0.13176306,4.608435,2.3294468,1.8176078,4.5796013,2.4775875,6.408354,3.1323354,4.664937,10.147665,10.465684,3.4943516,36.97248,13.804489,30.460241,2.7494833,0.5918175,1.7639217,20.8293,1.3544637,11.133272,11.1689625,7.494055,3.8008025,30.614807,3.7685955,21.69533,11.388393,1.2772274,20.260223,0.49682304,0.05895776,4.767707,17.768835,23.46975,0.17618264,6.4095116,13.589158,0.28233942,1.5431495,2.2630215,1.5413942,3.1191595,4.8697324,1.9052743,1.5315844,8.084022,1.0727656,0.58007073,7.3973627,37.908184,1.7984813,0.0061427406,1.147616,0.11404266,0.42630938,5.6444907,0.39907008,9.256831,0.17506845,0.70610523,18.22298,4.636246,2.242564,22.38006,0.37986806,0.21116067,2.6923697,0.10161655,3.7787018,1.8334609,9.794765,16.487331,2.7445729,11.432561,15.36245,15.83536,9.903668,0.042595416,2.394861,2.385721,4.0353913,6.000757,0.83518064,10.33676,0.3070524,11.521268,1.5759302,8.903894,3.232829,7.7136173,4.868808,4.4262185,1.872525,4.085684,9.626484,28.161549,0.3497181,13.700982,9.109323,12.543121,14.400047,0.0033236153,0.001288921,1.9135336,14.828367,12.685019,52.845383,17.9647,17.829424,0.67971045,2.2392132,0.89186805,4.795241,13.587435
911849,539.13965,543.98706,428.35825,45.194454,772.7084,315.8359,221.5037,471.12888,54.03121,1306.6707,1.7271894,27.882149,99.43063,434.14886,7.809499,310.06323,0.16579571,313.10046,12.632986,71.856285,612.8542,40.67952,129.32077,110.13353,0.06652199,47.842262,340.51636,672.2511,2.532647,58.512997,1.6031805,9.820658,228.6244,2.0470529,4.334278,31.327488,20.816006,0.7109247,370.94473,103.64714,73.60917,24.81704,1076.3094,59.984047,142.06215,157.68652,229.6624,37.56058,5.2377925,40.90895,1384.4355,463.62537,36.852497,23.951992,29.780605,4.6473703,376.00366,8.978355,760.1368,1525.1678,305.25867,116.47319,503.97375,670.7626,48.882084,368.16837,55.680943,184.01555,2.1512892,456.17337,25.198298,55.57639,103.726364,184.05928,330.82248,401.12552,343.3634,331.98956,71.33365,343.12155,6.503841,156.72032,222.20024,128.80241,383.52377,3.321686,208.24362,660.14294,287.292,2.7892745,802.5473,75.60921,128.61713,405.43973,699.2118,984.58057,1.9949077,0.57802975,231.99852,49.124462,84.40425,21.462723,8.596816,345.8888,237.8978,59.630436,147.42932,16.547245,386.92218,283.8488,0.04848547,15.579846,416.90225,302.7408,2143.1897,137.71565
912447,4.7240796,0.23326327,0.90620303,7.267193,3.3746536,24.885395,57.35613,34.039223,8.928646,22.106962,45.442703,60.82418,2.8085022,228.47896,66.70006,117.7037,1.405081,0.33153158,4.5027423,107.89506,17.6151,51.958107,36.258965,75.691055,9.924979,139.58257,12.647781,105.810234,91.98341,0.34660453,105.50931,12.651109,1.4741647,40.324547,131.10133,156.08168,12.37254,63.536964,99.677345,26.090147,2.635607,0.5918755,0.0058187926,11.794111,43.803574,24.851154,5.513138,28.874311,1.6930037,14.155242,44.200832,170.71986,12.495199,7.1514044,7.1081147,8.866142,3.4717762,33.430527,0.38520604,51.616592,1.4810159,0.88521874,150.39398,5.38384,52.671192,120.286865,3.3648674,1.3391631,49.545033,4.16341,10.282352,7.6573644,90.261505,154.39212,32.48478,79.1314,134.75992,137.09573,94.417496,32.037666,25.646976,0.119255215,19.766386,30.205883,16.849455,57.227516,9.733581,46.880497,8.806847,55.532795,21.357496,57.37649,34.55379,3.1514566,5.3807483,15.178674,61.90577,169.03633,0.5611931,64.7124,18.99474,30.846676,44.228268,2.2505736,0.38471997,22.192505,10.917778,51.898247,289.24155,34.973213,16.21904,5.7110224,24.552917,0.24703033,42.439068,51.58736
917255,3.1620903,1.5884885,2.7916927,8.689982,5.6493587,26.476795,48.364742,38.961285,11.5517435,28.287163,53.183243,68.3308,5.4516973,231.09543,72.9182,115.84571,0.15803793,0.07228345,4.8424835,124.621666,22.1092,72.95217,41.201176,78.25829,14.399867,146.72255,18.081173,117.967705,103.008865,0.113379024,119.011536,17.073988,0.6416477,52.913963,144.79764,166.41809,5.5151644,77.63122,113.18532,28.332933,5.1793165,0.064653695,0.34084305,11.667342,37.680172,26.293282,8.156528,35.23406,5.344472,17.259363,50.852154,177.73607,11.384008,6.1430445,5.3365083,11.649091,2.4707863,45.772438,0.72956866,56.54583,0.1905946,0.2334273,165.2608,3.7977335,72.75565,109.91812,0.5474018,0.011902976,68.049034,5.355709,18.012066,14.419782,108.809456,185.14091,38.57623,99.89729,149.82988,149.30833,95.4965,36.262554,31.524502,0.004539592,18.743536,29.83739,20.23517,55.799046,8.752171,48.40643,6.2835164,58.26715,26.36953,65.9438,33.794243,7.6323037,6.3654604,12.278659,58.770515,178.85577,0.3019712,70.782875,26.6092,36.064316,46.257915,1.7533226,0.020732239,25.873604,14.524173,57.64208,340.0377,54.88064,36.02556,14.117385,21.431042,0.036983952,56.507988,59.80023
917558,292.6924,10.416664,32.3407,174.36052,46.45357,691.2748,2416.8215,1133.5293,204.08823,827.15845,1369.9574,2256.9434,0.26103553,7864.336,1673.3531,2978.5757,1.7311071,10.402193,34.80923,2961.7744,510.93762,1415.246,878.9879,2311.3513,226.77,4395.767,457.10593,3656.0278,3185.814,10.124183,3543.6123,501.88046,130.34966,1162.9816,4083.4646,4997.8433,898.8818,1886.879,2626.6445,871.9009,26.529264,1.067435,115.90854,51.95161,1900.3718,774.20935,42.333824,662.9238,4.506852,466.35693,1121.2627,5969.1562,667.6629,347.21603,407.7898,330.12347,116.69132,1091.5623,6.778455,1891.2489,116.753784,20.199675,4546.5024,127.95192,1938.8668,3969.275,201.12152,125.75471,1971.9307,285.42325,167.98766,120.4446,3019.224,4837.3643,1347.164,2506.2524,3618.065,3744.1296,2730.2551,1682.7446,1042.354,14.487126,728.6236,1040.9492,643.8928,2386.962,338.85562,1186.9666,472.5498,1936.1195,726.6449,2112.7449,942.4746,21.669804,254.85367,87.5838,1782.4757,5478.49,38.18671,1653.8964,560.9823,1045.9479,1591.3055,73.2506,29.663239,791.608,171.4616,1562.496,8754.707,696.07886,409.9128,289.0231,590.4672,7.4169044,1719.4601,2019.2343
919966,94.02633,101.493576,61.456654,8.56454,156.39929,76.51045,23.875551,91.32362,8.227377,285.96228,0.041152697,8.457276,5.4821057,80.506195,5.805737,60.436985,0.025755359,74.57141,1.4163722,24.879457,140.77159,16.793264,36.129353,33.295864,0.054207772,11.849303,54.65451,144.40013,0.38463226,15.828681,1.2048569,0.26494074,55.111595,1.5722836,0.45337707,10.612344,1.4276488,0.5482732,108.78431,21.543194,5.0093713,4.1690416,240.93803,18.7536,30.339575,29.96595,52.398376,10.560506,1.2209655,7.6792173,310.78882,92.08806,14.063391,3.6770706,5.3221264,0.7876907,76.58066,1.8552823,199.21645,379.98285,64.13514,20.426008,139.69539,140.87846,21.339346,62.017464,9.680633,28.052904,1.5309987,89.72332,1.2683465,4.95124,17.909164,27.894653,68.94835,83.02569,75.64777,72.2738,16.966307,84.89331,1.2320929,31.388454,44.04042,36.051464,87.82432,0.015867729,59.87082,129.13861,82.466545,0.012487008,218.31216,44.27947,49.496525,52.02807,155.98549,228.61601,0.31891263,1.6445196,35.801598,2.757026,23.69359,0.015448653,0.09222719,118.36789,57.479034,14.704391,46.441105,4.1933475,102.64796,43.42734,1.4533665,1.2719864,64.85819,87.951775,481.1806,25.22244
922854,73.3198,0.62719196,8.9462,36.079235,14.111079,179.51059,629.7259,254.54471,58.507946,214.2233,356.9391,542.97034,0.10749814,2057.631,431.2162,732.14966,0.17339711,2.5454834,10.398861,761.2185,125.802795,377.23352,221.12886,581.0583,66.22309,1126.4496,111.87781,911.8636,772.08203,1.1753566,848.59283,120.311005,39.434948,311.6447,1048.0369,1259.3467,193.2683,530.0557,695.0688,220.45335,8.231613,0.12672298,15.354362,13.2101345,477.00702,185.06555,16.36674,164.41628,4.4730353,114.69458,304.22473,1576.9486,141.65271,74.44555,88.16011,92.200294,34.939056,264.70987,1.083986,500.7626,30.204105,9.262902,1251.4073,35.068848,510.9447,1048.7051,37.903095,20.524605,555.02,61.676853,42.444073,36.30826,774.9218,1283.966,328.9566,687.7581,996.54974,1069.292,710.01086,410.84958,262.96457,1.796582,158.70369,264.01172,174.58627,584.53876,66.08768,328.7659,105.23426,465.48346,206.29218,481.85043,208.63708,19.332132,64.93416,27.219055,438.75143,1303.3977,13.586919,405.96744,151.04611,280.8373,397.30664,12.112349,8.228208,167.35687,28.009405,442.82468,2534.4028,209.69058,99.69262,81.78106,121.849365,2.7648711,405.97305,537.9218
923755,0.061318137,0.058858436,5.057052,2.6903503,1.6049777,2.474447,0.39804867,6.249317,2.4141567,1.2740092,8.149136,7.1242785,2.7998328,15.524046,9.441487,18.45442,0.16703968,0.01607108,2.9138849,19.977732,1.2513559,8.3704815,9.884606,4.1961865,2.1769676,15.728219,1.5102812,11.729212,7.9559045,0.13151683,11.85783,0.37686056,0.096438214,3.675913,13.055547,12.422363,0.3722427,3.4551904,10.064344,1.847962,1.0206972,0.52268475,1.0187452,3.2450714,2.2425754,1.4774848,2.8424082,5.5027204,1.0955577,1.1390042,7.1974993,13.651499,0.044290945,0.42064157,0.0011129943,0.6041213,0.33152765,3.3986804,0.40184325,4.287247,0.5306672,0.01188495,14.247917,1.7279294,5.9646273,8.510866,0.66860586,0.42220682,1.5927528,0.19222014,2.3848279,3.1160262,9.453924,14.735957,5.308543,12.380642,15.305251,15.855492,11.183379,0.061938494,2.4502974,0.41015878,1.9023787,4.40109,1.0359632,2.2042165,0.32192662,5.1334295,0.013437931,5.1933513,0.18495001,4.934704,4.8732595,3.0421054,0.4863249,10.151002,5.1054964,19.849348,0.034097143,9.075322,2.6069102,5.412552,5.108916,0.3150473,0.23291853,2.7124538,6.616364,10.636509,24.418396,7.25834,10.644196,1.3244792,3.073061,0.032705527,3.5386558,6.4377055
926862,0.0054001003,0.003669014,0.003942282,0.000103250415,0.007130777,0.007000393,2.9855486e-05,0.011662386,3.0320912e-06,0.010103375,0.008068291,0.0027382623,0.032256417,0.0059289667,0.007987319,0.045595672,0.0053631086,0.00785863,5.2956635e-05,0.0024113175,0.09853287,0.0045026722,0.024600532,0.0012912032,0.03805969,0.029324291,0.06529086,0.10095876,0.0021529666,0.0107681425,0.00042024773,0.0075771874,0.04357644,0.0010490424,0.00729273,0.00038573306,1.4229036e-05,0.01855244,0.0961421,0.13047597,0.121351205,0.0064846664,0.2612586,0.01699712,0.28187492,0.10598797,0.03932686,0.0337166,0.04152422,0.025206313,0.08204365,0.030668704,2.5267695e-05,0.010883879,0.008761279,0.121428624,0.008107625,0.002834504,0.04297008,0.5186457,0.05989452,0.024127577,0.087211385,0.019982629,0.20584749,0.01188736,0.036003325,0.007953092,2.0988058e-05,0.03479833,0.27691793,0.03596111,0.020774571,0.09129726,0.0067136744,0.106080286,0.0002509677,0.01144053,0.030221252,0.0022875878,0.0071220617,0.0005789415,0.1066847,0.25539994,0.054692682,0.014915921,0.77600354,0.09299785,0.002745397,0.041608144,0.02669646,0.65143794,0.011419005,0.004076364,0.123770006,0.38347432,0.0076469653,0.050480355,0.068048544,0.047738194,0.038799852,0.0022994683,2.1573078e-06,0.08222848,0.019258497,0.23318392,0.9423936,0.09256284,0.05210433,0.38485357,0.123605534,0.24188378,0.22671767,0.008878102,0.011103148,0.20685896
927359,3.2735386,4.448069,1.3306983,0.1801463,6.007574,2.5160844,1.440741,2.4643424,0.3489788,3.010466,0.537212,0.26040164,0.57248175,2.6356473,0.0180346,0.08793208,0.88263994,2.9065044,0.6862511,1.5525702,3.024265,2.8572822,5.311315,0.47362155,0.020891586,1.0002732,2.4631562,5.9008594,1.4757318,2.4176812,0.011186169,0.0011726434,3.6489441,0.5301888,0.74190986,1.4015913,5.2678022,2.7843964,0.61242664,1.025752e-05,1.7946609,0.30759645,10.320797,0.044138778,2.777221,0.6613402,5.2004766,0.09222082,2.0617485,0.4390012,14.279147,2.8356574,0.12220575,0.4440978,1.4658437,0.7537389,5.027967,0.6882844,0.3076137,6.3642263,3.004642,0.9978409,8.307646,4.0143876,2.444924,1.6170827,0.018389745,0.04890092,2.7973437,0.8806764,0.95029604,0.52679276,0.101376906,0.3659486,0.053670667,1.174619,0.062628515,0.21713018,1.5438906,6.328259,0.35492173,1.4622203,1.9143417,1.5235113,3.085179,0.0073039425,0.4428359,1.6619154,0.72789395,0.5348267,0.58631593,0.27606657,0.23882997,5.746429,1.3735663,0.19000806,4.641214,1.5102876,3.4497495,1.8515555,0.59163725,3.1688528,1.5737653,0.12529045,0.22037055,0.53917295,2.5803478,2.730182,0.008658547,0.3995061,0.4033624,2.2890449,4.8348227,0.9340355,6.9633393,0.2767541
929464,0.0061696125,0.0029199948,0.9151811,1.1303942,0.37880543,2.2847033,0.097296126,0.47327915,1.650819,0.46829122,3.3233314,2.556453,0.3759052,5.9771957,3.4557095,3.374728,0.25635523,0.020562282,0.8111901,6.3741927,1.1703157,7.2978663,4.5326204,1.5364224,0.99477786,9.628783,0.26736575,5.180046,1.8678244,0.19605452,2.776379,0.35313556,0.12195713,2.1746767,5.9681573,2.706025,1.2418516,2.2855523,4.4173527,0.18816355,0.8980924,0.07920981,3.3463125,1.4300014,1.0906714,0.90542656,0.27741235,2.0500884,1.2277708,0.5535283,3.6907384,5.6414685,0.007880055,0.0076452037,0.005412126,0.3115223,0.14781928,2.23652,0.088270254,7.4520097,0.12514286,0.017234126,5.339502,0.48541436,1.7592096,2.2323344,0.5250716,0.7568248,0.9231001,0.08308117,1.5064911,3.3789647,2.576264,4.280468,1.116226,4.886871,9.116213,7.910607,3.9945054,0.21030684,0.16929819,0.7223725,0.14036003,1.7656806,0.6458836,0.4677934,1.0158129,1.4759154,0.054906763,1.4824151,0.22331333,1.2711128,0.91348267,2.7918203,0.043952364,6.0113716,2.7255075,3.5864694,0.12094211,1.7856365,1.3062073,1.9896637,2.1633213,0.7152212,1.0177436,1.2103544,0.3506065,1.273304,5.6539645,9.028262,7.0091934,0.633059,0.0032895808,0.6207441,1.5199987,3.8733165
930449,4.767534,4.858671,2.2091284,0.8951715,9.826268,5.5293303,1.7018132,3.2930787,1.4165113,8.512221,0.8381183,0.5093041,0.69090086,3.5694404,7.912067e-05,2.194849,0.45368358,3.2158074,0.26217303,1.5527909,4.5897994,4.1562552,3.5765047,2.3743713,0.44863403,1.3395318,4.38611,8.891229,1.695685,1.6939536,0.052073944,0.08914768,3.2331388,0.56977785,0.6910476,2.788551,2.3762586,0.7058429,0.6515902,0.22795439,0.75641036,0.059604257,10.110595,0.23322634,1.499768,0.45637026,4.6406336,0.033357657,1.0267255,0.3180601,16.383392,4.9763184,0.2517034,0.3388161,1.5185828,0.17136678,6.9272065,1.6326853,6.907299,15.85848,4.401381,0.7576214,13.304894,6.310681,2.707721,2.8837204,0.69961977,0.23383953,2.767185,2.3940492,0.10999359,0.02758866,0.10275606,0.004803448,0.12493971,0.22753702,0.17076953,0.31661066,1.7551131,2.8721652,0.37380582,1.134153,3.0930803,3.473265,4.629611,0.008750626,0.42768598,3.8619893,0.97241807,0.025294898,8.427107,1.5629005,2.094638,1.6147918,1.8782895,4.325793,1.7603273,0.07851069,1.1348077,0.19097789,0.6053588,0.037764117,0.059879746,3.8102744,3.262369,0.5971716,0.08160642,0.32398129,1.1662773,0.18528399,0.13191429,2.611161,3.0188024,2.0773304,20.932713,0.35837123
932554,18.126007,24.04719,15.094374,6.160728,29.104877,17.993448,6.126981,17.7952,4.5443187,46.389633,1.818424,3.8761675,1.4929953,17.309526,0.015582486,12.391065,1.407116,21.924122,0.55506605,11.909528,19.129763,8.877504,17.20202,9.725042,0.41793296,5.7496176,14.519848,37.20029,3.7781553,9.394066,2.3184588,1.1279342,19.10105,4.646286,1.9199662,7.321199,3.7400627,3.1665907,14.360004,0.4184395,3.5021071,0.7863091,37.395874,1.2624751,6.309342,0.4946718,15.240777,0.11299882,2.4595134,3.1599662,63.515167,20.070032,1.5403339,1.7595133,3.47888,1.7571801,22.75508,2.9692607,21.09797,52.37613,17.846632,9.082825,41.4836,34.48609,7.4392195,13.430023,0.080580674,0.4143589,6.1318574,10.9514885,0.25775847,0.09640867,0.44247,1.0838381,2.3267431,4.951583,6.907784,4.8302383,8.03117,28.498692,1.5621517,9.991758,14.448651,12.01577,19.396814,1.3497053,4.4632483,23.848526,7.3875847,0.22971877,32.725708,2.8812852,5.155433,13.033,15.806437,18.753677,2.8829663,0.22530688,9.240266,2.0833867,1.3182651,0.43201587,0.16879566,12.708168,14.515755,3.1073704,4.2109323,0.16175444,2.7442117,5.001624,0.075353004,4.24712,17.382845,9.608202,81.08874,0.075203046
933253,317.7765,301.38333,229.95021,14.16594,472.0442,161.19069,131.58371,243.63399,34.901314,678.6824,1.8602364,15.517326,70.12299,241.40132,4.859515,165.6152,0.1440557,175.45384,4.1598744,42.941826,294.66293,30.412851,80.34264,59.081512,0.72707504,32.193977,187.54042,371.90204,2.6175785,33.879883,1.3636432,5.4100018,131.80287,2.0917296,0.7751242,29.539986,26.448095,4.4888372,156.57039,45.428112,58.683113,10.787861,610.2257,26.383802,97.81805,64.07047,154.06697,15.514806,13.191306,22.235975,813.5991,288.8432,15.400761,22.265116,21.41047,6.578648,231.29353,6.459807,327.87036,771.91296,162.5271,48.166836,277.47888,356.89478,35.559475,207.95131,21.034107,80.73176,0.55605775,204.4606,6.0234594,25.971497,48.95218,91.39689,145.87915,211.91685,139.9468,137.68097,45.375412,200.1642,3.9663198,84.68492,112.660324,63.226223,207.12262,3.257699,107.30205,335.05682,135.79541,4.811297,358.0642,19.136257,52.03743,268.6192,294.519,472.74637,15.56861,3.3816404,155.8389,41.086468,22.056162,31.843521,19.505064,156.32301,116.81234,23.927328,28.257595,0.26558277,159.45851,114.52453,5.297897,26.477541,264.4033,131.52455,1077.2633,69.59692
937160,10.400541,18.058987,2.864714,0.07147275,27.319159,11.404561,0.14502576,10.878239,0.36672387,25.927269,0.012026956,0.20620863,0.001971358,8.025359,4.1290574,3.6011424,0.6922058,10.212978,0.0005778578,5.559374,22.55027,5.213513,5.408181,4.211077,2.272272,0.9090773,2.8933651,21.82279,0.07408099,2.0251741,0.088840045,0.04022006,6.5879035,0.5778453,0.38047674,4.223281,0.3923406,0.86095464,25.338865,3.577581,0.038945056,1.6446275,36.575253,5.1012707,5.206297,5.284635,8.408637,3.6048412,0.38452435,0.513806,60.226936,14.824306,6.008725,0.501006,0.6847927,0.09658446,18.615747,0.22774026,23.97888,73.79048,10.186436,1.836794,30.047361,21.56229,9.676202,6.388388,1.1820638,1.7606364,3.613227,5.3259125,0.053528342,1.508105,2.9901476,5.97707,11.837731,12.412243,6.979278,8.433914,3.1892247,26.52504,0.27168417,3.3322945,1.3612108,4.297479,12.190007,1.7515498,18.823696,12.249364,21.47273,0.011904055,28.764524,6.454726,6.7529693,7.127795,11.289036,23.139843,1.5716268,0.004187742,5.085433,0.144424,3.498279,0.0027069934,0.5915084,26.382421,3.3096058,1.7205957e-05,0.6791141,0.24832661,15.61021,0.19246045,2.0373077,1.1917206,5.36302,15.772213,51.57444,1.8573918
942658,81.86174,88.4074,59.34692,13.150106,115.0205,54.06894,34.056442,78.929214,11.277988,206.27051,1.3119159,11.130751,9.950555,72.876976,0.70630306,52.983673,0.6970005,63.835953,0.07518425,23.886833,81.580666,19.108482,39.75143,23.54187,0.6019076,12.135447,56.67832,120.78764,2.6796014,16.980337,1.8169358,0.019181566,52.822628,3.9019032,0.0041250675,9.085745,8.313015,3.0266457,58.160473,8.324664,13.18428,0.17536663,169.16751,4.975927,23.36098,16.745834,45.075546,1.5183275,2.6483808,8.0564785,225.07497,75.92942,5.8493357,5.6990123,7.374667,4.3143635,65.70242,4.6506457,123.695465,258.23544,51.17153,19.88758,100.46364,109.929596,10.374551,55.070236,4.432512,14.367633,1.1902219,54.39372,0.49518037,2.5366473,9.720586,16.186066,34.019363,40.215145,43.305843,35.52402,13.27691,64.915924,2.0152025,29.007534,42.318123,33.539314,63.452137,1.8778242,28.314829,100.8133,45.230877,0.4545319,119.305565,13.260816,16.648336,62.58954,109.5424,121.57833,1.420125,0.24654275,36.557697,7.5978045,11.087477,2.152198,2.164354,50.935513,47.141567,13.960142,15.095669,0.2569698,59.666946,46.12517,0.81961864,1.6313792,62.613346,47.80666,320.49384,12.663646
943862,0.48982325,0.12202454,0.110305876,0.0075152298,0.6917069,1.4471661,1.5201122,0.8460672,2.204091,1.5225273,5.9713125,2.234267,2.066686,9.28999,4.2315245,5.118668,0.27534223,0.26536706,0.6994937,5.6408143,0.011816968,4.3169885,1.689697,0.38805565,0.47764194,8.314416,0.74221534,6.5684896,2.9394748,0.57167685,3.3225777,0.087811135,2.9599401e-05,1.2559174,3.9846425,4.9882765,0.09367919,0.83329993,4.94783,0.1697714,0.028583942,2.665717,0.9194834,2.2554286,3.2904208,0.004183415,0.64373535,2.0340183,0.03363557,0.029256312,3.1563537,8.653129,0.00040837534,0.07300914,0.00048521042,0.047536526,0.7813908,0.836949,0.22289959,0.76947004,0.010874119,0.17364024,4.9321227,1.5817199,2.2663298,6.6359563,0.361307,2.5997355e-05,0.09804242,0.014378209,1.4982016,1.5419884,2.5362968,4.481496,0.6191614,2.4795225,4.0315933,5.1026707,3.472383,0.38090318,0.25840324,1.2901841,0.14297208,0.47881487,0.075289436,1.8748692,0.096362226,4.1971817,0.00061646296,1.1815304,2.2439866,0.73896474,0.38351536,2.5692139,3.2703638,0.12820134,1.7847692,5.0237274,0.34896603,3.277559,5.144824,4.965912,7.3085732,0.036878638,0.021963922,0.4534111,1.790737,6.286634,6.3311186,2.8903527,3.659501,0.10535594,0.02252235,0.51198965,0.36410025,2.2475705
947668,1.4866089,2.9491706,0.35975572,0.3268622,3.120053,1.2077931,0.13945086,1.9898857,0.012020355,3.6980987,0.0655793,0.00011597285,0.11352088,2.051321,0.7871586,0.0066817235,0.001991288,0.5728235,0.07907065,0.57071525,3.8638327,1.6385674,1.6486546,0.23036294,0.62480456,0.21726124,0.5328463,1.3775913,0.32071856,0.44058582,0.5058933,0.58766407,1.5384605,0.12621595,0.0082911495,0.11299758,1.7437974,0.3884382,2.3413978,0.2656586,0.17441489,0.2680024,7.2030168,0.65523916,1.446374,1.1951909,2.7279956,0.15355742,0.056246687,0.04446677,11.397564,1.3142391,0.23513485,0.41762906,0.06857198,0.56006575,5.480443,0.07984557,1.7461103,9.213032,1.2182794,0.07815218,7.0286293,1.5169761,2.4260268,0.009424201,0.7082329,0.29780847,1.875006,0.012221945,0.088977605,0.62787205,0.8012375,2.37695,0.49127695,2.026702,0.42770272,1.2422911,0.48409742,1.7584293,0.09493144,0.047833204,0.054813966,0.48241043,1.4373266,0.6000819,4.857861,0.5934777,2.353927,0.0032370838,1.11305,0.11161027,0.013440184,2.7858114,7.784954e-06,2.3068738,4.3276844,1.0300404,2.7811313,0.45023108,0.028158724,0.10322065,0.4329367,2.458961,1.6300019,0.0036922202,0.25584078,0.03005038,1.3637806,1.7124913,2.1021693,8.602673,2.2460732,1.1317376,9.160237,0.0015185396
951457,18.880009,0.28216594,0.1270064,7.5909586,3.112507,41.634403,172.09686,55.683334,15.978502,78.97438,88.267525,136.45088,0.610238,608.53107,129.64961,210.18698,3.4052982,2.0497608,3.7959096,196.57317,29.884909,112.59996,68.46023,151.89586,18.698698,313.83752,29.40872,247.66042,186.78069,0.7030639,205.41647,23.202215,12.84767,83.55378,264.20596,340.2109,44.07586,139.43689,201.19795,40.412266,2.4749131,0.7348249,0.5687119,5.1783247,146.40678,46.174866,2.6795046,45.079033,2.6328928,23.696653,75.924484,498.19226,47.338936,10.303766,27.831648,17.103945,15.794774,58.557358,0.00037576014,137.55025,12.206661,7.6797433,319.26196,17.97319,104.08,309.34296,14.925373,6.0074162,120.538925,4.1252966,14.198832,13.581514,197.74411,333.4627,73.372894,195.06337,264.1422,294.46213,164.4818,63.78826,49.691597,1.8177123,47.22018,59.364555,38.354424,165.41618,22.080793,119.33192,30.263172,116.544815,76.73575,124.82594,49.93777,14.686941,24.66683,12.880678,91.557205,309.27237,5.037902,119.64055,58.007824,90.81174,125.33579,0.33424836,4.234229,28.215508,17.666441,118.83257,625.22815,92.292625,41.351856,11.500325,22.268038,6.1088023,85.35398,101.79205
952863,0.7026154,0.2759292,0.0538783,0.62052023,0.47758576,2.1335325,1.1192429,0.8112973,1.157846,0.7155154,4.053554,1.6761787,0.019354336,9.142146,4.6494575,2.7915645,0.0019465808,0.26502573,1.2813812,11.308699,1.7501003,7.5781913,4.1410527,2.8719902,1.6945852,9.072433,0.28641263,5.416523,1.7552485,0.33779234,1.6648707,0.6692659,0.028194822,2.364767,6.5426717,3.5000532,0.7494193,5.664621,8.945979,1.4141899,1.8515133,1.1787461,2.0539184,1.3444909,2.0911827,1.877112,0.22165711,2.4256246,1.1039147,0.63534343,3.0493147,7.0488944,0.099947736,0.0013219215,0.13103895,1.9793272,1.1702698,3.0111017,0.06887574,3.1254733,0.00903264,0.026847607,14.206749,0.023236303,3.7718127,4.089384,0.6061693,1.0466468,5.1556983,0.107818775,2.1884449,3.4137473,6.1364694,9.59738,3.1906734,9.787678,11.822134,12.222232,5.5987263,0.5289669,0.91571236,0.3282183,0.26698112,1.3336309,1.516464,0.56467736,0.65132004,2.2270117,0.20407988,2.3457131,1.5144027,3.0210068,1.1004304,2.4607732,0.2068179,3.3451343,1.5053359,2.7335036,0.0002869393,2.452953,1.8780541,2.1545744,1.970771,0.8201098,0.5057345,1.6011477,0.067501284,2.0203469,14.487995,12.426029,3.1628306,2.8148723,0.00028017454,0.1180292,1.6157663,3.3268135
953764,0.19708985,0.021093193,0.18545672,0.45493865,0.31715348,1.9478647,0.49031362,0.7909481,2.4510164,0.12116581,5.0362573,3.9149666,0.36876106,5.1617665,3.9536004,4.6320705,0.56682,0.11991994,0.68927205,4.36575,0.10254489,3.417302,2.5170023,0.28411403,1.4794396,8.591352,0.286412,5.8559237,0.992488,9.8788165e-05,2.579318,0.047841236,0.038104445,0.5245192,2.5785787,0.16620928,0.34510818,0.95157325,5.600017,0.0620971,1.5769657,0.015308745,1.2415059,0.97098374,3.5728917,0.08250834,0.00910385,1.3790523,0.008164065,0.12626298,1.3205302,6.772178,0.17459545,0.029339971,0.00078906986,0.41462728,0.91426325,1.5171525,0.29190794,3.6157308,0.0074216104,0.23429942,2.4603417,0.08870872,0.116025746,3.991936,0.2038164,0.086545944,2.0488086e-07,0.0017555071,0.52476335,1.7007291,1.1241332,2.9381273,0.8447954,3.463354,3.9509788,5.712094,1.5429937,0.65224975,0.015187832,1.0250617,1.21091,1.9726776,0.060776304,0.50989795,1.0055646,1.4525354,0.1459494,1.8542167,0.30094582,0.79876524,0.8472929,0.5681024,0.5974573,1.9350568,2.283742,3.6178038,0.06947052,2.157621,2.5148182,1.9199696,3.860745,0.14570281,0.10790503,0.5499653,1.3539815,2.2618666,6.572236,6.4930844,5.3224587,1.0359896,0.012182924,1.4395567,0.85757923,0.45004016
955465,0.21521264,0.70586663,0.20939022,0.058117002,0.33077163,0.12383259,0.098663695,0.12021032,0.041662242,0.79750866,0.28609142,0.44375524,0.03763267,0.053295787,0.30928582,0.11124863,0.018482411,0.10178823,0.008698171,0.010522011,0.94411254,0.45382172,1.0909516,0.011773751,0.13378999,0.0010081662,0.18986918,0.5166695,0.56309855,0.10621894,0.002722484,0.22411834,0.46939495,0.010285276,0.11037307,0.11826411,0.75057656,0.3149454,0.01537658,0.01707607,0.21353798,0.001046569,1.9583974,0.009869825,0.08552781,0.17981245,1.1171836,0.0011607293,0.0017573818,0.015947003,2.4566605,0.3246535,0.03368706,0.0074134124,0.033835918,0.09172194,1.079774,0.009548179,0.24361843,2.108963,0.28737837,0.07980536,1.9618179,0.29723367,0.67222834,5.901077e-07,0.19330011,0.17417769,0.14145233,0.32949722,0.0027354683,0.07100405,0.099461675,0.3213296,0.17187844,0.9658717,0.00024068284,0.059996706,0.12135714,0.09053154,0.04728135,0.043669038,1.1731143,0.04379613,0.72190934,0.06413819,0.0011365331,0.15268229,0.07357639,0.008993505,0.23882903,0.041348778,0.018858872,1.0123868,0.2923941,0.6824599,1.0549664,0.23541348,0.8122502,0.06325894,0.013101744,0.012256353,0.06658882,0.082347244,0.6747425,2.647414e-06,0.5070817,0.16928107,0.2943315,0.13954654,0.3706233,2.0425313,1.1807591,0.46043634,2.3569796,1.7109265e-08
957974,0.00069589826,2.9219527,13.630143,7.633634,5.785994,10.740088,1.6346277,15.772715,7.7328744,3.2330406,21.843536,16.878138,10.334845,43.87359,29.637253,43.273434,0.48214272,0.028629145,5.264792,49.303406,1.9509048,19.27357,18.32423,18.546495,7.529207,50.08515,8.903638,36.09226,29.840944,1.2383162,45.345745,4.277854,2.1932902,15.417775,50.13523,66.346985,0.0065275608,12.885734,25.138283,4.1004033,1.1745094,3.6561422,2.7944582,13.139837,0.943354,6.879807,9.861642,19.06671,1.5633441,3.132789,21.62364,32.810265,0.091382645,0.90255004,0.05999885,0.7329781,0.19424853,14.606686,1.0892651,8.900032,3.6238816,0.00549837,42.844677,2.6735654,17.770657,21.703362,1.092282,0.4895002,5.49929,0.75590265,6.9732833,5.1976595,27.243095,35.817413,11.689621,19.868189,34.95207,27.525463,23.267704,0.58370245,8.661239,0.5208776,8.425035,5.984413,3.3857822,12.012066,2.7647054,14.141556,0.6402734,13.071476,2.3746836,16.809347,9.278653,5.1836224,4.196874,6.5283675,19.718208,61.486397,0.00013545685,25.247353,13.642728,21.909983,20.091496,0.9000662,9.3294984e-05,6.8039637,16.88655,24.183771,68.66116,11.955856,21.173948,0.8863126,10.542795,0.03240114,9.42861,23.29229
958976,0.19979098,0.0054268604,0.00013793957,0.3394983,0.024124784,0.20553933,0.09816881,0.18839881,0.42250827,0.00012199288,0.26067793,0.45850995,0.028456526,0.26267585,0.3053177,0.621354,0.029878106,0.08062017,0.12630399,0.37326673,0.17392725,0.94105816,0.64365256,0.01712225,0.7854953,0.86175275,0.009744794,0.7408729,0.120624445,0.00021025755,0.20381398,0.03364088,0.0006771158,0.0841341,0.26180217,0.14010534,0.2440391,0.1570582,0.37175143,0.07507011,0.073570006,0.13821225,0.35102972,0.0028567468,0.0116933165,0.05579205,0.028217906,0.34471753,0.07449377,0.20943561,0.2477951,0.17264569,0.009707385,0.0050451052,0.043759175,0.057792068,0.1316218,0.031257644,0.0038898592,0.1626314,0.053969223,0.014898974,0.057977792,0.013360343,0.048977293,0.27627742,0.023317361,0.20717756,0.00018903277,0.040195905,0.10428219,0.40923813,0.1622111,0.46567136,0.2548136,0.99184537,0.18135439,0.68474126,0.00019439275,0.033607353,0.23842585,0.021140732,0.33259675,0.07386681,0.23224275,0.23822382,0.19243051,0.23113595,0.019761153,0.17700073,0.00015971497,0.0077613606,0.07517691,0.0726443,0.75445914,0.10976756,6.179619e-05,0.3416767,0.06339848,0.06304969,0.0020616804,0.00054338557,0.04414198,0.086289965,0.6606071,0.6044831,0.65973896,0.0019753296,4.7176046,0.019258631,0.20045917,0.08928161,0.0021966426,0.04282172,0.40681407,0.6656846
959574,0.8643939,2.6216412,7.360897,10.565334,8.428095,27.775429,19.484673,31.134834,12.555361,9.877796,36.403805,47.563522,7.920665,124.71462,57.57908,93.99419,0.17320481,0.044537198,8.479553,87.15539,10.494512,49.211723,31.306658,48.84388,13.959346,113.398544,19.376482,90.4519,72.09156,0.3984139,97.49005,12.799752,0.09981881,33.29877,98.18088,134.85442,1.9162515,40.093815,59.78694,14.777633,4.8178177,1.5536999,0.32381892,14.706521,15.685413,18.218002,9.490139,32.25942,3.0519264,9.540714,40.5993,98.58169,2.9812486,4.6401343,1.5988696,5.628531,0.6390611,22.417658,0.024633376,21.605135,0.25518683,0.39187717,109.16003,4.4954753,45.89631,65.31601,0.48878193,0.5290239,23.653711,0.04369911,14.4960165,8.818412,76.90381,109.2544,35.02838,59.88724,93.11121,81.37614,59.229458,13.043275,22.922155,0.091306105,18.335684,19.759916,10.849639,36.011887,6.8662424,32.246475,4.4858828,37.767895,13.409872,29.853016,20.86015,8.957819,4.3138165,10.792095,38.36023,120.267265,0.308583,44.41885,20.654299,38.470116,33.948086,2.0553815,0.0036921026,17.482637,17.310392,36.42819,188.77504,35.758556,33.103886,5.5307455,13.99953,0.002719316,34.944664,57.84665
962058,0.120887086,0.054883763,0.012170391,0.0009436742,0.0038071459,0.049325533,0.16351998,0.00071890664,0.006355662,0.20057927,0.18362936,0.007107924,0.0018047016,0.015310014,0.0155895855,0.14434215,0.029112108,0.024921976,0.00025291665,0.009758438,0.32562548,0.011639046,0.00571668,0.0011910482,0.12780085,0.043604515,0.009202436,0.01004244,0.03485123,0.04766506,0.07947587,0.0050891526,0.0031710642,0.04237776,0.07199007,0.03274154,0.040905837,0.00781513,0.0071830875,0.0015758085,0.14909336,0.12493423,0.18930306,0.06527962,0.16734794,0.011337204,0.097133175,0.09392593,0.36574048,0.0029577224,0.0019484959,0.00011546632,0.006649052,0.05982779,0.05743544,0.08139685,0.19575857,0.00015615585,0.007286094,0.073396794,0.011283905,0.0032388475,0.0034036753,0.0072040064,0.023391893,5.3038213e-05,0.19034919,0.023350123,0.022782182,0.10710829,0.113165826,0.0019001669,0.00092515553,0.06344993,0.03550441,0.004621352,0.0005174929,0.028687406,0.022294471,0.01750607,0.009357822,0.011160123,0.114164636,0.019482097,0.0022349996,0.00529726,0.00042409322,0.029586662,0.04053075,0.00019518138,0.005102666,0.00017906883,0.5070354,0.7002326,0.50113845,0.24665646,0.012640459,0.006763239,0.005702394,0.00024862392,0.13314757,0.3708541,0.009034056,0.110588744,0.0030455838,0.033134647,0.35800081,0.9874406,0.78149176,0.10425105,1.4070584,0.27859747,0.054681167,0.04232234,0.0031374882,1.5101248
965367,3.2344,0.11037784,2.5683167,4.9470997,5.028584,19.882109,33.72578,23.361923,9.980208,16.392765,36.97873,43.27216,4.1806045,173.5893,55.496502,91.51036,1.5772289,0.28479332,2.69799,81.79389,11.267438,50.635498,29.521791,48.97265,9.510303,107.8653,14.026276,89.411575,64.698906,0.35146615,77.755356,8.327168,1.3656473,29.63636,96.745026,121.1116,2.8653915,48.2385,80.36408,16.029455,2.5994694,0.9982709,0.5074717,9.482881,29.558628,14.783757,6.020947,26.700233,4.2857113,9.734605,35.76348,142.18388,7.001968,3.179094,3.7312794,6.787226,2.6463664,22.81652,1.6235862,48.457134,0.25323763,0.6123973,119.6534,5.3390455,39.413612,85.47819,0.38637564,0.029734297,29.337093,1.4236238,9.852304,7.319006,73.329895,119.73205,27.110378,65.655525,97.43529,94.226715,63.716972,13.643514,17.239555,1.2014132,14.947607,21.08695,11.447495,42.86575,6.5919466,38.524586,4.556207,41.081764,18.196365,36.596394,18.135157,14.2944765,11.178355,6.4940033,38.529976,123.399994,0.5673728,46.052227,20.353773,42.462994,39.932716,0.29289767,0.02546993,15.604468,20.209581,40.407974,186.40521,42.637554,32.27476,5.1799517,9.65,0.96068054,29.906673,34.0796
965771,1.5404688,0.5006264,4.0765924,1.4829428,1.4218922,3.849555,7.043988,4.28493,4.3678594,7.9742146,6.468037,8.903356,3.5368733,55.00339,17.843702,30.10687,5.330114,1.2116452,2.1805649,26.427595,1.6506515,15.098623,15.687527,8.545978,3.9443076,35.55962,2.8000095,22.807348,10.67234,1.3063792,19.90275,0.18153857,1.1182107,4.695902,17.00696,21.965769,0.24543841,8.81618,20.468376,0.020404568,1.0268855,2.360167,1.8787476,1.8614349,13.894177,1.8467238,0.3188814,7.308897,1.5228833,0.042902473,8.365759,65.54986,4.4845223,0.9783614,4.6165533,0.12853421,3.879618,3.0216942,0.01009148,10.327553,1.6350374,3.9961476,24.204866,8.715641,2.3567443,39.271255,2.3616176,0.93815196,1.195687,2.2103133,2.5458865,2.8180249,13.406849,25.14547,5.442732,20.653008,27.633944,28.878447,8.486238,2.2327905,0.69174325,7.424359,2.8655584,4.0880294,0.40005422,19.157314,0.8371283,23.86836,3.4379356,5.001795,14.470427,5.1266284,2.434558,13.62255,4.369502,12.396364,9.948396,26.718744,0.559655,14.357312,20.08549,23.172674,22.312761,1.5694995,0.30777583,0.19306105,11.8966675,25.482851,67.69987,28.067211,19.815948,0.09635882,0.97943497,3.5271666,3.9707189,5.459858
966975,0.0083669145,0.001107488,0.0051548113,0.00010910547,0.00035170824,0.0016092897,0.1294595,0.09059637,0.263215,0.11103613,0.06901932,0.041519754,0.0022105963,0.67751527,0.07335627,0.029850943,0.0033691425,0.076143675,0.27449548,0.43322814,0.0007985194,0.175835,0.010992046,0.0016199572,0.011672559,0.13980526,0.02587734,0.119646065,1.8292141e-05,0.093800984,0.045175977,0.03811885,8.922964e-07,0.11123141,0.52840525,0.798794,0.07702185,0.09484893,0.100129925,3.879699e-06,0.05606541,0.00054492196,0.100600794,0.11060456,0.45275208,0.4288514,0.035072792,0.12574667,0.010922628,0.558055,0.115731135,0.0055040885,0.3288063,3.9024064e-05,0.0038591265,0.049391452,0.075727105,0.0019916499,0.17865033,0.0024276683,0.028039526,0.08451506,0.46528545,0.06204658,0.2911272,0.008756839,0.03617374,0.28610316,0.3286603,0.46943423,0.060403027,0.023464205,0.073009014,0.06915951,0.0011098814,0.04343234,0.021689074,0.0006158327,0.054810867,0.00024836833,0.0054167397,0.09937165,0.24778897,0.84140885,0.12376372,0.018686118,0.36025414,0.418743,0.068761125,0.017408181,0.122306995,0.13619387,0.18170165,0.032583747,1.3558915,0.00029713087,0.17132275,0.09226187,0.009941892,0.042940605,0.095323786,0.0053943903,0.13340424,0.0013792211,0.57365084,0.7627713,0.022684153,0.6260943,0.81485796,0.39690998,0.3900113,0.08877432,0.034219246,0.053753827,0.5780426,0.07946352
969476,202.49454,219.65698,167.3192,32.17161,291.06915,124.12695,96.28706,197.82065,30.912184,538.2618,1.5079191,26.271553,34.751446,197.20349,2.6940877,135.6341,0.07227771,140.58391,1.8407553,38.752434,215.88113,31.42151,68.876915,48.009823,1.5770576,26.629984,147.11754,292.97302,3.1748533,28.586958,3.1320589,0.6828677,115.45348,2.8256752,0.3227051,13.832233,15.420895,2.733605,157.08762,28.64939,32.50042,0.9432486,443.03268,17.325552,52.026054,55.5351,104.05971,6.2523794,1.617684,20.715734,520.49475,184.34062,9.7438545,12.584839,11.673704,3.9432726,148.27795,6.9648542,296.24637,579.9273,125.70004,55.851173,210.77104,266.32422,18.43519,142.88011,17.004364,71.9982,0.29911307,172.76228,2.905089,9.819026,38.5899,56.580677,113.14705,131.6035,124.87911,116.33089,29.657068,145.38408,4.852372,75.0653,98.75516,71.26093,161.7302,7.690247,65.5185,270.15912,102.91393,3.3129466,326.31985,45.522354,50.104,151.59982,278.07614,327.96286,2.7774587,0.02835143,83.24916,14.981482,30.649225,8.467683,2.194012,125.643555,108.44799,26.90056,46.006535,1.1940011,159.13078,111.45811,0.09739007,4.423328,145.6991,124.30376,833.9508,53.221157
970764,0.44260857,0.0020587111,1.0246012,0.48383352,0.8705984,2.6076744,1.1071573,2.2245927,2.3640504,1.1778897,4.3187137,4.0323343,2.3919866,13.329641,6.1854477,13.506219,1.1921326,0.23194148,0.14616793,10.955301,0.15715392,3.7376099,3.6951978,2.1247284,1.65733,14.521663,1.3708485,6.580276,3.0211,0.29551998,6.996618,0.09676734,0.45310083,1.035492,2.855002,4.307342,0.2922951,1.1681244,7.215437,0.5520338,0.25976852,2.1149752,0.60582405,1.9382995,5.011611,0.6622892,0.50008,3.2864494,0.12385285,0.35521907,3.660604,15.718179,0.3332224,0.10640302,0.1642818,0.13856728,0.58881116,1.2331827,0.20033419,2.348804,0.034889936,0.18784274,5.9872537,1.6633991,0.37570643,13.042759,1.0266596,0.23690827,0.30775043,0.11764235,0.070551135,0.4894473,2.6929398,5.951334,0.45367274,3.6235003,4.4983187,5.048269,3.4084523,0.23855975,0.19550295,0.850092,2.14135,3.1168911,0.12661064,3.9119518,0.71214706,5.071871,0.31720278,4.697304,0.8038783,4.634506,2.2623913,1.2883408,1.3352178,1.462808,3.4834044,11.414215,0.12329086,6.301523,4.3991923,4.20355,7.2796783,0.0047218543,0.039186846,0.36945564,1.3521844,7.803005,13.914661,6.3783784,8.726844,0.29380664,0.46007112,0.84274095,0.75092787,1.9882407
971160,96.910286,107.938354,78.8513,13.596148,146.56339,57.690918,39.568645,91.784584,14.34319,236.79558,1.2872086,10.6797905,16.299654,86.8624,0.9485701,61.27498,0.1749635,76.811806,0.5763816,20.29971,90.04158,16.92713,40.24712,26.471382,1.4560333,14.105278,65.851425,131.35143,2.1808689,19.101433,4.388372,0.046354227,55.05117,2.7707205,0.10275518,10.145,9.274878,2.210199,64.4782,12.32912,19.935642,0.45960364,202.36638,8.724395,28.361366,21.109686,47.677242,4.449287,2.663375,8.465288,248.38127,86.41635,6.4300156,5.854476,6.502647,3.074382,80.64003,4.9791303,121.69925,250.78586,56.03483,24.767237,104.40944,131.29195,10.314759,63.836037,5.6256227,22.62538,0.79032004,71.383385,1.5033083,5.6429434,13.483797,21.9596,43.34478,57.45218,44.86713,41.2062,19.136854,93.74713,2.079335,32.771896,53.634926,35.818737,73.14416,2.0934026,29.316751,119.88082,47.4647,1.2826574,134.39238,13.159637,15.975512,85.306656,103.43193,136.21204,4.901685,0.5004009,40.42848,11.063207,8.503876,6.9401937,3.6081443,51.275635,52.125202,13.417262,2.8934975,0.11306683,49.545643,37.350464,0.029674016,2.6030602,71.76015,48.517536,379.84277,11.344301
972566,2.9144294,3.6855607,1.790241,0.19920947,9.259967,4.889781,0.8654948,2.7054143,0.37895015,5.959901,0.25543386,0.009769342,0.27550632,2.5632882,0.89503753,0.19725786,0.379876,1.6110983,0.8357864,1.5070728,4.080788,3.3391113,4.8638334,0.8540164,0.07708053,0.85330486,2.4551518,7.7985306,1.2885698,0.7847087,0.06635734,0.12459807,3.082194,0.0004997576,0.2878837,0.95364314,3.53476,1.3424131,0.55176663,5.411867e-05,0.83892846,0.16700523,9.06569,0.30156526,2.5767946,0.59013265,5.05088,0.0022672315,1.4186608,0.49998102,17.999655,5.0315175,0.6776026,2.1115048,0.58762795,0.16915365,7.8991632,0.2875294,1.9291877,13.385519,1.7647552,0.0046007507,9.396988,2.6424527,4.2641554,1.7638457,0.0201372,0.21202,3.5708573,0.6602551,0.020895546,0.53524333,0.5082306,1.0520201,0.17720264,2.1426609,0.3514301,0.6211562,0.8559092,4.6019936,0.13406043,1.1932168,0.5693284,1.0796561,2.6734214,0.0003086184,4.092636,2.0189948,1.8399135,0.444934,0.37671188,1.1815724,0.5696731,10.002781,1.5955265,1.381028,6.160881,1.9151269,6.188605,3.676694,0.27070957,2.284737,1.0257232,0.8184636,0.65316015,0.36677447,1.0017114,1.3372788,1.5594403,0.121368684,0.0028603526,4.152725,4.539245,1.4282998,12.045933,0.21381262
973770,1932.3121,1831.5673,1709.0476,210.93102,2445.5872,889.0237,942.2994,1631.1826,208.86063,4447.8657,6.1404905,104.65613,470.39557,1495.8677,26.832344,1082.9255,3.4762306,954.42737,38.784935,206.64038,2018.008,102.8417,432.64624,325.92953,3.3851964,126.80217,1200.8822,2112.5354,7.001925,143.36569,5.235494,52.500465,745.3929,0.8813259,25.798841,87.263,90.45418,1.5884529,1175.6095,405.55566,350.07007,75.87445,3664.435,166.36086,510.48175,590.58167,738.48517,92.091866,11.2449045,143.16762,4321.7754,1528.2771,101.7895,89.29574,88.58411,15.196528,1231.8203,29.712557,2367.7437,4711.6987,877.4389,390.8674,1330.6262,2179.9238,78.67969,1221.3508,183.87715,800.7773,41.527058,1599.5618,98.84309,186.86726,372.54874,675.79706,1183.1992,1387.6438,1119.1544,1059.2839,196.76784,832.085,10.05112,525.2118,770.5424,369.66922,1210.6956,30.847265,624.8539,2298.3284,865.4756,16.654078,2467.73,210.4777,338.05453,1515.7451,2168.3943,3120.1675,22.2212,0.0016068325,857.1837,171.56075,215.54211,94.364494,46.425255,932.9366,847.2291,231.86308,378.25357,17.329046,1185.214,946.00476,14.968585,62.160038,1577.2424,965.298,7178.0645,574.691
978578,11.529896,16.51638,6.2730513,0.7667201,24.388659,11.126271,2.009598,10.583178,0.59409046,31.25965,0.46297872,0.6602845,0.11175891,10.370827,2.5896912,3.6693337,0.40811232,10.6360655,0.055271298,5.884861,19.539635,6.267684,9.866791,4.17711,0.1550087,2.7722304,6.226809,22.066805,0.7343448,2.6665754,0.024388794,2.7163795e-05,8.8902645,0.46176153,0.0030162935,1.3106651,1.833406,1.4786463,15.05424,1.493243,0.39890775,0.21834266,30.930288,3.2800117,4.619814,3.8396368,9.152634,1.8054847,1.2562047,1.1058952,49.850872,12.790624,4.1436315,0.9754997,1.1022791,0.15162481,18.40993,0.7221318,20.354263,52.85127,8.183203,2.3403006,28.664484,16.700642,7.178544,5.455156,1.0274925,1.199077,6.004142,3.8942564,0.112601146,0.51336,1.8613883,3.0371652,9.111839,12.516982,4.2551365,5.119557,2.739179,15.895637,0.30288637,3.457099,7.040521,3.7463593,11.097039,0.0999002,11.299714,9.951835,13.962321,0.09543676,23.659943,3.7370014,3.154287,8.753938,15.071654,23.202156,2.354953,0.0036945767,4.536391,0.1793153,3.7012422,0.0016314304,0.029098451,17.673864,5.745103,0.38144696,1.524351,0.20260394,16.927052,0.1365371,0.23506726,1.4414427,4.19821,14.976419,55.244083,2.0840318
979984,6.6061263,9.229687,2.557402,0.3414413,13.090188,4.7071023,1.5098479,6.4858084,0.2151721,12.048617,0.46251822,0.09364745,0.17097995,4.5319047,2.2547429,0.990392,0.3388064,5.8636413,0.6399492,3.7044146,8.159016,4.8130198,7.7736998,1.9268204,0.094960384,0.8667319,2.8014064,11.928955,1.469511,1.8899015,0.0071595684,0.00076637144,5.8989716,0.50312227,0.6098842,2.532312,3.9757938,2.651721,5.7608438,0.07649889,0.8213297,0.041896585,19.599342,1.545095,4.946831,2.302161,7.0747433,0.2484154,0.99973655,0.9006915,30.213284,7.2207546,1.1565064,1.5513117,0.61857426,0.32098147,10.932701,0.85527694,5.5087843,23.041397,5.9124866,1.0518152,17.743927,9.73447,5.365467,3.2349832,0.0006685718,0.012407157,5.831178,0.5955052,0.02481606,0.74810386,0.37654412,0.78707457,2.4861615,4.7852316,1.4043593,1.6117961,2.9810174,11.841071,0.043280978,2.1525161,2.7571008,2.2533314,5.8566713,0.09639833,5.1174664,5.6190176,5.2689266,0.66364694,3.0039172,0.035001278,0.000842931,9.145539,3.1257346,4.543459,4.9999776,1.4628316,6.1571555,1.7473645,0.04384833,1.5621424,0.5241179,4.680871,0.32824,3.565141,5.130157e-05,0.080347486,3.2611692,0.00068710523,0.20369463,4.282224,5.834155,4.6925964,18.682253,1.8793702
983773,0.1668241,0.16756184,2.7768233,1.9197003,0.98405176,2.2934477,0.069176346,3.6949778,1.338292,1.3887081,5.927654,6.5641103,2.8931804,10.186261,7.491443,12.410295,0.0032807053,0.10278201,1.7032224,12.7739315,0.63041085,5.888974,5.1770964,3.2879615,2.1597679,13.606011,1.4362675,11.527371,6.414647,0.022147432,9.70285,1.1205708,0.2875521,3.324986,12.121537,10.740316,0.47585517,3.6862483,6.74067,1.3730507,1.0833279,0.06897808,0.97214395,3.3472366,0.76111406,1.0040042,2.111449,4.91139,1.3831995,0.7697607,5.4919696,8.047648,8.9728055e-05,0.14826363,0.29614502,1.6982632,3.6807498e-05,3.9971614,1.0980291,4.185553,0.6043176,0.3207654,7.57056,0.531709,4.8117323,6.0751786,0.73119015,0.36752734,1.6645582,0.0003574852,0.59504735,1.8718498,6.4413247,10.767053,2.3595183,7.9537134,7.630005,8.914566,4.815963,0.16876157,2.080027,0.17603041,0.21499962,1.7740049,0.3202696,1.2132477,0.01176444,4.5232716,0.0003548799,3.5658517,1.0358669,2.8598413,1.9764365,3.4725013,2.3223803,1.8827615,4.7080393,13.865493,7.8506326e-07,7.182058,2.0694575,6.686597,3.986616,0.47164118,0.2695477,3.4803126,3.1148038,6.452094,16.052006,5.693933,5.251732,1.4893651,2.0072277,0.24176836,3.256921,4.2925134
984472,1.3165402,1.705503,0.014028486,0.17566563,5.2831125,1.2561873,0.20013309,1.1855505,0.11603781,1.771929,0.017045293,0.00741906,0.09594236,1.2360567,1.1657078,0.007887835,0.09565886,0.7863249,0.013100817,0.067725845,2.9455314,1.1476572,2.249395,0.02628519,0.016577713,0.08498139,0.96877915,2.8981266,0.14597797,0.4816413,0.7109367,0.41923755,1.5208468,0.0313438,0.2612593,0.0960353,1.6434982,0.5826436,1.112761,0.030142229,0.44613385,0.063669905,8.160942,1.0959787,2.3661644,0.70883775,2.617864,0.84201413,0.012418429,0.024351628,8.709818,2.123908,0.20943978,0.034143243,0.51564425,0.0063732225,3.588985,0.17818387,0.92702407,5.2090316,0.701065,0.24717335,5.5509963,2.1280875,2.2347035,0.77055293,0.22852813,0.11803813,0.92853975,0.31398937,0.5488723,0.13024123,0.3957718,0.7135577,0.42346996,1.4580703,0.09311985,0.63955575,0.065743156,3.4495976,0.008597198,0.0870273,0.18136737,0.80779123,0.9177919,0.4323269,0.65249825,1.508122,1.9828342,0.31746116,0.1334979,0.5552138,0.07342869,3.3888173,1.5195942,1.4265907,2.5108774,1.6038541,1.9588869,0.80452466,0.023770211,0.2528191,0.18915384,1.4701276,0.0009897833,1.2442315,1.0342518,1.0068405,1.9599028,0.09627098,0.6162762,2.0477529,0.69549567,0.5196321,4.231343,0.56623733
987074,0.018183002,0.03807615,0.08042149,0.056404516,0.1436361,0.0403881,0.08246486,0.05247184,0.056725558,0.12390929,0.13268457,0.030443938,0.12264363,0.17718826,0.015305854,0.033013117,0.0075857816,0.021521343,0.062191058,0.054390762,0.18622802,0.004304354,0.09461597,0.04539726,0.021577286,0.020186847,0.10608002,0.035892747,0.085099466,0.052004326,0.013627553,0.11421771,0.4575182,0.00089168485,0.040876042,0.13024479,0.07852342,0.009968683,0.031769823,0.24226874,0.011847058,0.080351405,0.34217924,1.8117602e-05,0.13964632,8.1232236e-07,0.1346248,0.019544343,0.022756517,0.25462824,0.4685275,0.012252097,0.009639693,0.10815532,0.006206046,0.0020822003,0.103299946,0.004020006,0.011203964,0.27851605,0.07483204,0.0027296247,0.099614166,0.0031638083,0.031438895,0.00016944342,0.009264054,0.005376225,0.0011645624,0.017749388,0.4081002,0.0026322554,0.16922385,0.43402594,0.14359461,0.45092037,0.15334584,0.423832,0.038985882,0.15293607,0.00079635397,0.00946278,0.4948447,0.37244463,0.09632071,0.0006553261,0.41806722,0.49695513,0.0018837273,0.06819739,0.16275746,0.0044338508,0.2635379,0.23695667,0.16069856,1.0294877,0.00027291215,0.00027558615,0.06350879,0.01799914,0.10832132,0.006871695,0.0009680931,0.04554923,0.023747472,0.10261194,0.06811588,0.43770003,0.10261583,0.2096665,0.00095992605,0.51668125,0.35823023,0.0088197235,0.01295269,0.27427092
987983,0.00029602947,0.0435993,0.00024891066,0.00041404722,0.10709721,0.122490585,0.19369909,0.0017004346,0.29882392,0.3338365,1.1412907,0.20361775,0.029281745,0.7837883,0.39069885,0.43966368,0.029799176,0.00073101924,0.1382079,0.36168414,0.0017682655,0.010389431,0.0034472921,0.09560043,0.0011501791,0.18047021,0.32885873,0.14766242,0.06569397,0.07933193,0.18077542,0.008769513,0.012958176,0.04348019,0.37497133,0.014371859,0.00428284,0.00017495555,1.2095996,0.28950632,0.1182273,0.008768165,0.023963556,0.12534717,0.77893984,0.005696706,0.05359372,0.33561146,0.017469978,0.21509358,0.2556373,0.3628975,0.23612909,0.00022920282,0.096325,0.1393232,0.0029791621,0.11641081,0.0067406897,0.07205684,0.020609446,0.102630764,0.4359651,0.010757306,0.2546845,0.2458873,0.05292603,0.0064748568,0.008812626,0.030389098,0.22328655,0.030608619,0.11631622,0.1932954,0.14099641,0.1674258,0.13831185,0.32613382,0.15509845,0.1776687,0.025818665,7.290674e-05,0.09330827,0.30325,0.07883611,0.0016755445,0.0007122884,0.012312262,0.3230741,0.22440624,0.038416203,0.0070050764,0.11656305,0.0028684952,0.0030225238,0.2775336,0.047082845,0.3156303,0.29109472,0.3064217,0.12326146,0.05178806,0.3788965,0.0920429,1.1097783e-05,0.11278007,0.28916743,0.07710738,2.5221038,0.00422163,0.2775735,0.15749541,0.00197344,0.09161095,0.030365434,0.013994246
989987,0.017089866,0.12899639,0.13082558,0.060900446,0.06151187,0.02616034,0.033827234,0.09732866,0.0020242413,0.0017313253,0.0028483234,0.10525733,0.070479244,0.00022767302,0.15287189,0.05319236,5.228441e-05,2.3719717e-06,0.14915685,0.003934129,0.053854354,0.090613075,0.032840382,0.00071976986,0.074398555,0.022354033,0.01075776,8.0727244e-05,0.029133739,0.039277352,0.09039243,0.14376763,0.06191693,0.048486814,0.10856873,0.027578548,0.02464457,0.032645304,0.03645635,0.02796942,0.3761049,0.06329332,0.034204565,0.0062398845,0.002071425,0.06618853,0.0033818602,0.007045611,0.11262691,0.014020658,0.0017662371,0.010010349,0.00029210237,0.024567772,0.00057991245,0.0021460173,0.0768825,0.07744438,0.55515164,0.14624748,0.035449374,0.07340003,0.13668096,0.07301513,0.0017254265,0.1235524,0.014960159,2.273607e-08,0.006336026,0.080009565,0.21733916,0.003429728,0.0012458072,5.133135e-05,0.009004007,0.013737763,0.005869956,0.02213571,0.16398573,0.7469895,0.009412872,4.3113763e-05,0.07603115,0.034824777,7.696394e-07,0.0006498853,0.13964364,0.003482982,0.14396791,0.0031294844,0.088288695,0.04964617,0.3605266,0.0131714195,0.90610474,0.31502387,0.0008944868,0.021670986,0.05664535,0.015296336,0.067897245,0.03539849,0.026156707,0.0007102533,0.18339588,0.29367283,0.15968548,0.12570326,0.06718262,0.014398202,0.2634516,0.02649989,0.15679747,0.13053219,0.07035339,1.9412612
990366,0.8830805,0.00042396557,2.7272482,1.0744509,0.657036,4.4459343,5.6890497,4.80624,2.1151085,6.37329,4.7029257,8.630699,1.7881119,47.245335,13.621008,26.052788,4.1446495,0.77735776,0.9949243,20.510017,1.3085387,13.179997,8.590923,7.7590227,1.8445364,26.181065,1.9611046,17.458744,9.697159,1.2733871,16.079834,0.18662187,1.1498939,3.1320314,19.41746,25.135046,0.38489205,8.838406,17.671194,0.33924332,0.91610587,1.0096713,1.5477812,2.4115224,8.12501,1.7843341,1.0809137,6.5845566,1.1551446,0.6091302,7.241247,46.513958,3.0048554,0.047439434,2.524208,0.017960122,1.6847559,3.6736832,0.23191665,9.483359,1.1258606,1.6865166,17.221601,5.6030416,2.935208,26.788668,1.5571074,0.7745296,2.0122473,1.4832009,1.1878197,1.6116978,13.269974,26.367914,6.033261,18.25633,21.97925,24.077545,7.893042,0.0011970582,0.8705499,3.156915,2.9687238,3.8673263,0.33664,13.73001,1.0435175,19.044657,3.1662223,6.8722224,7.407683,6.6559396,2.472601,6.761249,3.7647622,5.2599845,8.593555,27.771568,0.70866144,11.884885,11.533573,14.855344,14.90101,0.05405263,0.067095436,1.5131878,7.7308803,16.85381,58.788113,16.703299,13.886456,0.076401755,1.8063862,0.7848724,5.5869827,4.6889563
991267,76.08324,89.72254,61.08929,8.532848,122.98645,54.59372,23.487804,79.564445,8.73274,231.94774,0.391123,8.477096,7.4587646,79.618744,2.5534768,57.538998,0.018811923,68.93315,0.7194252,21.014683,103.682686,15.5373955,28.428112,21.712439,0.1758561,8.462178,47.262512,113.168396,0.62809163,14.783888,0.38383076,0.57540965,41.786343,1.4300231,0.010193879,7.363111,3.044975,0.73290575,75.64844,12.475715,9.392543,2.1764417,180.52861,12.01713,21.126825,22.342258,41.275112,5.1038194,1.7122953,9.447309,237.26422,82.37434,10.238023,5.89855,5.345071,1.8265632,59.975807,1.6504465,135.15909,294.39236,46.338894,15.309587,92.871056,117.592415,9.208996,54.58877,6.5195727,22.863981,0.5395989,68.795586,4.88652,6.8403935,14.178931,22.933283,50.40158,58.692497,54.197014,48.20933,10.772975,76.35256,0.62455904,31.002974,44.70726,34.056503,63.40222,0.51440537,38.099606,99.69108,63.30999,0.19527061,137.19862,31.664377,18.23593,70.95788,116.5051,138.87823,1.0504998,0.0026833464,36.77164,4.1604753,9.975524,5.659973,2.731706,65.38066,40.523373,5.8695974,16.577223,1.9678127,62.82654,32.37094,0.91958106,1.1131147,55.69009,61.079243,329.59933,16.4916
992673,0.5008081,0.018101659,1.3093709,0.85031843,1.192022,3.6359818,0.29665196,1.2280012,1.3847662,0.20977978,4.8716607,3.6395016,0.089237966,7.9418797,6.845226,5.3447843,0.12742679,0.33992,0.92383325,10.861195,0.42094603,5.9096727,4.2877855,1.5924478,1.3304737,12.959866,0.29482025,5.1984334,2.2771125,0.041214447,4.2750406,0.5475023,0.6191443,3.2210968,6.694656,3.2214553,1.6727289,4.309545,10.319411,1.8357599,1.5787078,0.1817015,4.1248193,3.2960377,1.4104255,1.5776652,0.95021945,2.9070234,0.36715978,0.11802942,4.02545,6.2043204,0.021278413,0.06984856,0.79526126,1.8857926,0.9090175,2.8977954,0.07291209,3.7391148,0.104709685,0.17731293,11.008345,0.4038757,2.276015,4.662312,0.44194785,1.1516628,0.080866404,0.004929684,3.2610245,5.9253726,5.213198,7.6513934,2.4973228,7.8257217,10.171842,10.575449,7.773003,0.20038489,1.2467451,0.6367676,0.52596164,0.66279817,0.544384,0.5517318,0.49354282,4.2241354,0.36563134,1.7928197,0.6579468,1.8940208,1.7053187,2.8910248,3.4877257,2.05503,0.8305718,4.5781903,0.0055916277,3.7860405,2.0892584,2.9861548,3.2455246,0.024784597,0.14370775,2.026644,0.43788326,8.039118,4.880263,2.9942217,2.2917583,0.21790978,0.104863055,0.3903094,1.36207,3.8354108
992774,0.06336487,0.012291733,6.6765614,2.8942015,2.2581487,4.254042,1.0793234,7.8522196,4.7707696,4.975431,12.211793,11.407124,6.0038857,33.12484,17.814596,23.60405,0.48351982,0.01545135,2.1400948,31.551146,2.9964912,17.330416,12.654229,7.6398907,4.24422,32.495308,3.8877535,25.066114,13.303634,0.15820906,22.53426,1.2639369,0.021167926,7.592255,23.565554,29.172424,0.4181601,10.2686615,18.814209,3.2648833,2.2309563,0.6405389,3.2223248,9.287266,4.129098,4.058037,4.073308,11.768281,3.0448203,1.5115839,12.141843,28.45264,0.31257245,0.13203904,0.020896846,1.5211709,0.51730317,5.6062365,0.81956446,7.7353463,0.13943566,0.0014038299,27.95775,2.1366024,10.152482,15.516674,0.3485829,0.65172756,3.3553655,0.18999444,5.3006577,5.5392804,18.061005,27.523365,8.344757,22.777035,26.648155,28.217823,13.178222,0.010884025,3.407798,2.3149488,3.2346761,3.8317692,1.079606,7.1773715,2.1798377,14.002097,0.26085296,7.4450927,3.1711814,8.815233,6.18367,6.790341,3.9246771,8.094262,9.74511,27.11457,0.14019468,17.377665,8.211112,13.577956,10.411164,0.33218452,1.0049872,6.0523276,8.4244795,11.809798,47.34054,16.828041,10.550826,0.50964123,3.8450398,0.10193395,8.2532625,13.135506
993675,0.0061275675,0.07806782,2.3438425,1.552583,1.4661802,2.9900625,0.0019173329,2.007421,1.9333904,0.13339633,4.872754,2.998404,1.3869746,5.6912584,6.4062815,6.4754796,0.061032843,0.08006117,2.0744026,11.31008,0.30543503,4.3131146,7.125302,2.647934,2.2173817,11.846287,0.07988101,4.502647,2.7914271,0.0009639635,5.0610604,0.31840914,1.18568,3.3555253,8.088186,5.912584,1.7626665,3.703489,1.89953,0.54629576,1.4913234,0.04096034,1.3956304,2.5968616,0.15304598,3.7724824,1.210238,4.0921636,1.3425514,0.93105227,2.9894052,4.5987854,0.11169838,0.020203551,0.25659564,0.6051248,0.00046688484,3.0917525,0.2773129,3.7214458,0.8114739,0.28146192,8.436068,0.30575985,3.841112,3.3091223,1.5787884,1.9283984,1.8150507,0.0977048,1.9867609,2.4536462,4.300527,5.5084295,1.6270489,4.8526917,8.337248,7.0677958,5.0525184,0.0010743286,1.424929,0.71011376,0.5271422,0.6143589,0.29069507,0.6500188,0.60970855,3.8161697,0.113890104,2.3955977,0.30446345,4.446495,2.1279488,1.2377981,0.43947366,7.194253,2.0223064,5.3946385,0.004103711,2.8080554,1.6753349,3.3857007,2.8171036,0.0024016567,0.728329,3.0884767,1.3239154,5.0650215,7.2050657,10.871467,1.3303697,4.321241,1.6184245,0.29081738,2.0199573,0.48755673
994273,292.19324,311.76855,252.64568,59.478428,360.5252,167.67181,132.81905,283.40646,36.525513,768.34314,2.9471378,28.827482,46.59344,271.85284,3.5636888,189.90553,0.0009320649,190.52512,1.1487077,58.72894,340.33215,38.060356,99.32221,72.754814,0.92260146,30.11988,193.80482,372.4419,2.9826698,46.622547,4.3485,0.9387521,164.10477,4.0652204,0.19310322,22.185843,15.573897,2.9387577,234.8275,45.32132,33.34178,2.727644,582.9604,22.599743,84.218834,80.07515,136.9655,9.069249,3.0930715,30.491592,718.63904,241.60573,15.310941,15.778047,14.738532,6.440227,207.9081,10.247552,421.46082,793.8482,173.1156,79.60593,285.27228,381.10303,21.27416,192.00502,21.4085,96.093994,0.7114086,232.90605,7.5616136,17.099592,53.639996,80.983765,169.21214,180.68738,179.4093,165.8101,35.7171,158.75345,4.646366,99.12263,117.504814,95.300964,214.33122,9.316928,108.92023,397.31357,141.91257,3.5674093,478.29367,56.2521,76.037056,204.48872,406.73642,499.96426,0.42039543,0.6788657,121.234634,20.222801,50.82473,5.959307,2.2712617,177.22954,177.63226,50.782177,74.462814,6.2991605,217.11215,174.58562,1.4403638,4.623368,194.33742,189.66713,1189.5726,69.2142
996782,0.13864748,0.0015559291,2.1230018,0.95461947,1.3180376,1.764169,0.13491496,2.199576,2.3652618,1.0230397,4.515398,4.0168986,2.2950888,8.057792,6.7248297,6.9470024,0.19060372,0.0017834102,0.3723705,9.045931,0.5332542,5.087759,4.930489,1.7445909,1.2325174,11.083278,0.78022945,8.389515,3.7005882,0.03757916,4.6387334,0.34379062,0.025237815,1.5568516,6.3137937,5.180178,0.1007264,2.0098052,7.920552,1.1615317,0.5383964,0.008864274,0.5923703,1.6316893,1.3279637,0.7325002,0.98724145,3.0828357,0.5740532,0.22886156,3.3363721,10.644919,0.0092487065,0.15196371,0.10649069,0.7598321,0.062211566,2.6954334,0.41089326,6.23866,0.018560763,0.12746221,5.6155715,0.72646636,1.8767357,5.4086356,0.19805515,0.32129508,0.71490157,0.061919715,1.8349165,1.7460802,3.3443995,5.804305,2.0955296,6.8157988,5.6695347,6.2479463,4.5854115,0.0972112,0.7604818,0.87186974,0.0018695284,0.80460656,0.2910028,1.644311,0.26094332,4.880307,0.0010452823,2.5016572,0.41955498,4.0646763,2.380556,1.0202907,0.68314,0.98752624,2.4964013,8.33465,0.0848075,6.763278,1.2376418,4.1046076,3.144312,0.25831,0.17818962,1.3071756,1.9048567,2.846237,11.2241335,6.050153,5.3724756,0.006048798,0.05362758,0.71329314,1.1402832,2.4551036
